Tanggal,Nama_Cabang,Nama_Karyawan,Jenis_Kelamin,Kategori_Produk,Nama_Produk,Nama_Propinsi,Nama_Kota,Nilai_Penjualan
01-01-2022,PHI Mini Market - Jakarta Pusat 01,Agung Alexander,P,Buah,alpukat 1 kg,DKI Jakarta,Jakarta Pusat,2440700
01-01-2022,PHI Mini Market - Jakarta Pusat 01,Agung Alexander,P,Buah,apel 1 kg,DKI Jakarta,Jakarta Pusat,24093190
01-01-2022,PHI Mini Market - Jakarta Pusat 01,Agung Alexander,P,Buah,belimbing 1 kg,DKI Jakarta,Jakarta Pusat,1204260
01-01-2022,PHI Mini Market - Jakarta Pusat 01,Agung Alexander,P,Buah,durian 1 kg,DKI Jakarta,Jakarta Pusat,6395130
01-01-2022,PHI Mini Market - Jakarta Pusat 01,Agung Alexander,P,Buah,jeruk 1 kg,DKI Jakarta,Jakarta Pusat,4698280
01-01-2022,PHI Mini Market - Jakarta Pusat 01,Agung Alexander,P,Buah,kelapa muda,DKI Jakarta,Jakarta Pusat,2212200
01-01-2022,PHI Mini Market - Jakarta Pusat 01,Agung Alexander,P,Makanan & Minuman,air mineral 600 ml,DKI Jakarta,Jakarta Pusat,316680
01-01-2022,PHI Mini Market - Jakarta Pusat 01,Agung Alexander,P,Makanan & Minuman,bumbu fried chicken,DKI Jakarta,Jakarta Pusat,5058720
01-01-2022,PHI Mini Market - Jakarta Pusat 01,Agung Alexander,P,Makanan & Minuman,jus kesehatan 600 ml,DKI Jakarta,Jakarta Pusat,2773500
01-01-2022,PHI Mini Market - Jakarta Pusat 01,Agung Alexander,P,Makanan & Minuman,kacang goreng 1 kg,DKI Jakarta,Jakarta Pusat,2285780
01-01-2022,PHI Mini Market - Jakarta Pusat 01,Agung Alexander,P,Makanan & Minuman,kacang mete 1 kg,DKI Jakarta,Jakarta Pusat,15597820
01-01-2022,PHI Mini Market - Jakarta Pusat 01,Agung Alexander,P,Makanan & Minuman,markisa 600 ml,DKI Jakarta,Jakarta Pusat,4616400
01-01-2022,PHI Mini Market - Jakarta Pusat 01,Agung Alexander,P,Makanan & Minuman,mie instant 1 kotak (40 bungkus),DKI Jakarta,Jakarta Pusat,31836980
01-01-2022,PHI Mini Market - Jakarta Pusat 01,Agung Alexander,P,Makanan & Minuman,minuman probiotik,DKI Jakarta,Jakarta Pusat,251520
01-01-2022,PHI Mini Market - Jakarta Pusat 01,Agung Alexander,P,Makanan & Minuman,nasi goreng instant (1 ons),DKI Jakarta,Jakarta Pusat,1937010
01-01-2022,PHI Mini Market - Jakarta Pusat 01,Agung Alexander,P,Makanan & Minuman,snack gurih 1 ons,DKI Jakarta,Jakarta Pusat,1377150
01-01-2022,PHI Mini Market - Jakarta Pusat 01,Agung Alexander,P,Makanan & Minuman,susu kotak (800 ml),DKI Jakarta,Jakarta Pusat,3554510
01-01-2022,PHI Mini Market - Jakarta Pusat 01,Agung Alexander,P,Makanan & Minuman,susu kotak 1 l,DKI Jakarta,Jakarta Pusat,4646800
01-01-2022,PHI Mini Market - Jakarta Pusat 01,Agung Alexander,P,Makanan & Minuman,telur ayam kampung 1 kg,DKI Jakarta,Jakarta Pusat,6392260
01-01-2022,PHI Mini Market - Jakarta Pusat 01,Agung Alexander,P,Makanan & Minuman,telur ayam ras 1 kg,DKI Jakarta,Jakarta Pusat,4336450
01-01-2022,PHI Mini Market - Jakarta Pusat 01,Agung Alexander,P,Sayur-Sayuran,bawang merah 1 kg,DKI Jakarta,Jakarta Pusat,3564750
01-01-2022,PHI Mini Market - Jakarta Pusat 01,Agung Alexander,P,Sayur-Sayuran,bawang putih 1 kg,DKI Jakarta,Jakarta Pusat,1441350
01-01-2022,PHI Mini Market - Jakarta Pusat 01,Agung Alexander,P,Sayur-Sayuran,buncis 1 kg,DKI Jakarta,Jakarta Pusat,1337480
01-01-2022,PHI Mini Market - Jakarta Pusat 01,Agung Alexander,P,Sayur-Sayuran,kacang hijau 1 kg,DKI Jakarta,Jakarta Pusat,2406100
01-01-2022,PHI Mini Market - Jakarta Pusat 01,Agung Alexander,P,Sayur-Sayuran,kacang panjang 1 kg,DKI Jakarta,Jakarta Pusat,2599970
01-01-2022,PHI Mini Market - Jakarta Pusat 01,Agung Alexander,P,Sayur-Sayuran,kentang 1 kg,DKI Jakarta,Jakarta Pusat,3289140
01-01-2022,PHI Mini Market - Jakarta Pusat 01,Agung Alexander,P,Sayur-Sayuran,ketimun 1 kg,DKI Jakarta,Jakarta Pusat,1361250
01-01-2022,PHI Mini Market - Jakarta Pusat 01,Agung Alexander,P,Sayur-Sayuran,kobis 1 kg,DKI Jakarta,Jakarta Pusat,387810
01-01-2022,PHI Mini Market - Jakarta Pusat 01,Agung Alexander,P,Sayur-Sayuran,tomat 1 kg,DKI Jakarta,Jakarta Pusat,2159250
01-01-2022,PHI Mini Market - Jakarta Pusat 01,Agung Alexander,P,Sayur-Sayuran,ubi jalar 1 kg,DKI Jakarta,Jakarta Pusat,535900
01-01-2022,PHI Mini Market - Jakarta Pusat 01,Agung Alexander,P,Sayur-Sayuran,ubi kayu basah 1 kg,DKI Jakarta,Jakarta Pusat,262230
01-01-2022,PHI Mini Market - Jakarta Pusat 01,Agung Alexander,P,Sayur-Sayuran,wortel 1 kg,DKI Jakarta,Jakarta Pusat,1448750
01-01-2022,PHI Mini Market - Jakarta Pusat 01,Budiwati Ramah,W,Buah,alpukat 1 kg,DKI Jakarta,Jakarta Pusat,1934430
01-01-2022,PHI Mini Market - Jakarta Pusat 01,Budiwati Ramah,W,Buah,apel 1 kg,DKI Jakarta,Jakarta Pusat,12006500
01-01-2022,PHI Mini Market - Jakarta Pusat 01,Budiwati Ramah,W,Buah,belimbing 1 kg,DKI Jakarta,Jakarta Pusat,1550270
01-01-2022,PHI Mini Market - Jakarta Pusat 01,Budiwati Ramah,W,Buah,durian 1 kg,DKI Jakarta,Jakarta Pusat,5740520
01-01-2022,PHI Mini Market - Jakarta Pusat 01,Budiwati Ramah,W,Buah,jeruk 1 kg,DKI Jakarta,Jakarta Pusat,2984800
01-01-2022,PHI Mini Market - Jakarta Pusat 01,Budiwati Ramah,W,Buah,kelapa muda,DKI Jakarta,Jakarta Pusat,1361170
01-01-2022,PHI Mini Market - Jakarta Pusat 01,Budiwati Ramah,W,Buah,mangga 1 kg,DKI Jakarta,Jakarta Pusat,5594050
01-01-2022,PHI Mini Market - Jakarta Pusat 01,Budiwati Ramah,W,Makanan & Minuman,air mineral 600 ml,DKI Jakarta,Jakarta Pusat,462650
01-01-2022,PHI Mini Market - Jakarta Pusat 01,Budiwati Ramah,W,Makanan & Minuman,bumbu fried chicken,DKI Jakarta,Jakarta Pusat,4874250
01-01-2022,PHI Mini Market - Jakarta Pusat 01,Budiwati Ramah,W,Makanan & Minuman,jus kesehatan 600 ml,DKI Jakarta,Jakarta Pusat,3339240
01-01-2022,PHI Mini Market - Jakarta Pusat 01,Budiwati Ramah,W,Makanan & Minuman,kacang goreng 1 kg,DKI Jakarta,Jakarta Pusat,3186970
01-01-2022,PHI Mini Market - Jakarta Pusat 01,Budiwati Ramah,W,Makanan & Minuman,kacang mete 1 kg,DKI Jakarta,Jakarta Pusat,22647520
01-01-2022,PHI Mini Market - Jakarta Pusat 01,Budiwati Ramah,W,Makanan & Minuman,markisa 600 ml,DKI Jakarta,Jakarta Pusat,5176510
01-01-2022,PHI Mini Market - Jakarta Pusat 01,Budiwati Ramah,W,Makanan & Minuman,mie instant 1 kotak (40 bungkus),DKI Jakarta,Jakarta Pusat,29197700
01-01-2022,PHI Mini Market - Jakarta Pusat 01,Budiwati Ramah,W,Makanan & Minuman,minuman probiotik,DKI Jakarta,Jakarta Pusat,338670
01-01-2022,PHI Mini Market - Jakarta Pusat 01,Budiwati Ramah,W,Makanan & Minuman,nasi goreng instant (1 ons),DKI Jakarta,Jakarta Pusat,1309850
01-01-2022,PHI Mini Market - Jakarta Pusat 01,Budiwati Ramah,W,Makanan & Minuman,snack gurih 1 ons,DKI Jakarta,Jakarta Pusat,1348100
01-01-2022,PHI Mini Market - Jakarta Pusat 01,Budiwati Ramah,W,Makanan & Minuman,susu kotak (800 ml),DKI Jakarta,Jakarta Pusat,4011200
01-01-2022,PHI Mini Market - Jakarta Pusat 01,Budiwati Ramah,W,Makanan & Minuman,susu kotak 1 l,DKI Jakarta,Jakarta Pusat,4758920
01-01-2022,PHI Mini Market - Jakarta Pusat 01,Budiwati Ramah,W,Makanan & Minuman,telur ayam kampung 1 kg,DKI Jakarta,Jakarta Pusat,5894210
01-01-2022,PHI Mini Market - Jakarta Pusat 01,Budiwati Ramah,W,Makanan & Minuman,telur ayam ras 1 kg,DKI Jakarta,Jakarta Pusat,4248050
01-01-2022,PHI Mini Market - Jakarta Pusat 01,Budiwati Ramah,W,Sayur-Sayuran,bawang merah 1 kg,DKI Jakarta,Jakarta Pusat,3916970
01-01-2022,PHI Mini Market - Jakarta Pusat 01,Budiwati Ramah,W,Sayur-Sayuran,bawang putih 1 kg,DKI Jakarta,Jakarta Pusat,1065690
01-01-2022,PHI Mini Market - Jakarta Pusat 01,Budiwati Ramah,W,Sayur-Sayuran,buncis 1 kg,DKI Jakarta,Jakarta Pusat,1715980
01-01-2022,PHI Mini Market - Jakarta Pusat 01,Budiwati Ramah,W,Sayur-Sayuran,kacang hijau 1 kg,DKI Jakarta,Jakarta Pusat,1502860
01-01-2022,PHI Mini Market - Jakarta Pusat 01,Budiwati Ramah,W,Sayur-Sayuran,kacang panjang 1 kg,DKI Jakarta,Jakarta Pusat,2406160
01-01-2022,PHI Mini Market - Jakarta Pusat 01,Budiwati Ramah,W,Sayur-Sayuran,kentang 1 kg,DKI Jakarta,Jakarta Pusat,2451370
01-01-2022,PHI Mini Market - Jakarta Pusat 01,Budiwati Ramah,W,Sayur-Sayuran,ketimun 1 kg,DKI Jakarta,Jakarta Pusat,1284870
01-01-2022,PHI Mini Market - Jakarta Pusat 01,Budiwati Ramah,W,Sayur-Sayuran,kobis 1 kg,DKI Jakarta,Jakarta Pusat,528810
01-01-2022,PHI Mini Market - Jakarta Pusat 01,Budiwati Ramah,W,Sayur-Sayuran,tomat 1 kg,DKI Jakarta,Jakarta Pusat,1406810
01-01-2022,PHI Mini Market - Jakarta Pusat 01,Budiwati Ramah,W,Sayur-Sayuran,ubi jalar 1 kg,DKI Jakarta,Jakarta Pusat,452880
01-01-2022,PHI Mini Market - Jakarta Pusat 01,Budiwati Ramah,W,Sayur-Sayuran,ubi kayu basah 1 kg,DKI Jakarta,Jakarta Pusat,429350
01-01-2022,PHI Mini Market - Jakarta Pusat 01,Budiwati Ramah,W,Sayur-Sayuran,wortel 1 kg,DKI Jakarta,Jakarta Pusat,881750
01-01-2022,PHI Mini Market - Jakarta Pusat 01,Cahya Terang,W,Buah,alpukat 1 kg,DKI Jakarta,Jakarta Pusat,1411310
01-01-2022,PHI Mini Market - Jakarta Pusat 01,Cahya Terang,W,Buah,apel 1 kg,DKI Jakarta,Jakarta Pusat,11035640
01-01-2022,PHI Mini Market - Jakarta Pusat 01,Cahya Terang,W,Buah,belimbing 1 kg,DKI Jakarta,Jakarta Pusat,1115770
01-01-2022,PHI Mini Market - Jakarta Pusat 01,Cahya Terang,W,Buah,durian 1 kg,DKI Jakarta,Jakarta Pusat,6142420
01-01-2022,PHI Mini Market - Jakarta Pusat 01,Cahya Terang,W,Buah,jeruk 1 kg,DKI Jakarta,Jakarta Pusat,3917430
01-01-2022,PHI Mini Market - Jakarta Pusat 01,Cahya Terang,W,Buah,kelapa muda,DKI Jakarta,Jakarta Pusat,1280000
01-01-2022,PHI Mini Market - Jakarta Pusat 01,Cahya Terang,W,Makanan & Minuman,air mineral 600 ml,DKI Jakarta,Jakarta Pusat,552160
01-01-2022,PHI Mini Market - Jakarta Pusat 01,Cahya Terang,W,Makanan & Minuman,bumbu fried chicken,DKI Jakarta,Jakarta Pusat,3706860
01-01-2022,PHI Mini Market - Jakarta Pusat 01,Cahya Terang,W,Makanan & Minuman,jus kesehatan 600 ml,DKI Jakarta,Jakarta Pusat,3060750
01-01-2022,PHI Mini Market - Jakarta Pusat 01,Cahya Terang,W,Makanan & Minuman,kacang goreng 1 kg,DKI Jakarta,Jakarta Pusat,4243710
01-01-2022,PHI Mini Market - Jakarta Pusat 01,Cahya Terang,W,Makanan & Minuman,kacang mete 1 kg,DKI Jakarta,Jakarta Pusat,19218640
01-01-2022,PHI Mini Market - Jakarta Pusat 01,Cahya Terang,W,Makanan & Minuman,markisa 600 ml,DKI Jakarta,Jakarta Pusat,5549730
01-01-2022,PHI Mini Market - Jakarta Pusat 01,Cahya Terang,W,Makanan & Minuman,mie instant 1 kotak (40 bungkus),DKI Jakarta,Jakarta Pusat,29288870
01-01-2022,PHI Mini Market - Jakarta Pusat 01,Cahya Terang,W,Makanan & Minuman,minuman probiotik,DKI Jakarta,Jakarta Pusat,264070
01-01-2022,PHI Mini Market - Jakarta Pusat 01,Cahya Terang,W,Makanan & Minuman,nasi goreng instant (1 ons),DKI Jakarta,Jakarta Pusat,2383230
01-01-2022,PHI Mini Market - Jakarta Pusat 01,Cahya Terang,W,Makanan & Minuman,snack gurih 1 ons,DKI Jakarta,Jakarta Pusat,1416850
01-01-2022,PHI Mini Market - Jakarta Pusat 01,Cahya Terang,W,Makanan & Minuman,susu kotak (800 ml),DKI Jakarta,Jakarta Pusat,4403330
01-01-2022,PHI Mini Market - Jakarta Pusat 01,Cahya Terang,W,Makanan & Minuman,susu kotak 1 l,DKI Jakarta,Jakarta Pusat,2311200
01-01-2022,PHI Mini Market - Jakarta Pusat 01,Cahya Terang,W,Makanan & Minuman,telur ayam kampung 1 kg,DKI Jakarta,Jakarta Pusat,4345550
01-01-2022,PHI Mini Market - Jakarta Pusat 01,Cahya Terang,W,Makanan & Minuman,telur ayam ras 1 kg,DKI Jakarta,Jakarta Pusat,4017800
01-01-2022,PHI Mini Market - Jakarta Pusat 01,Cahya Terang,W,Sayur-Sayuran,bawang merah 1 kg,DKI Jakarta,Jakarta Pusat,2584560
01-01-2022,PHI Mini Market - Jakarta Pusat 01,Cahya Terang,W,Sayur-Sayuran,bawang putih 1 kg,DKI Jakarta,Jakarta Pusat,1467270
01-01-2022,PHI Mini Market - Jakarta Pusat 01,Cahya Terang,W,Sayur-Sayuran,buncis 1 kg,DKI Jakarta,Jakarta Pusat,1427530
01-01-2022,PHI Mini Market - Jakarta Pusat 01,Cahya Terang,W,Sayur-Sayuran,kacang hijau 1 kg,DKI Jakarta,Jakarta Pusat,1788420
01-01-2022,PHI Mini Market - Jakarta Pusat 01,Cahya Terang,W,Sayur-Sayuran,kacang panjang 1 kg,DKI Jakarta,Jakarta Pusat,2182960
01-01-2022,PHI Mini Market - Jakarta Pusat 01,Cahya Terang,W,Sayur-Sayuran,kentang 1 kg,DKI Jakarta,Jakarta Pusat,3208290
01-01-2022,PHI Mini Market - Jakarta Pusat 01,Cahya Terang,W,Sayur-Sayuran,ketimun 1 kg,DKI Jakarta,Jakarta Pusat,1956200
01-01-2022,PHI Mini Market - Jakarta Pusat 01,Cahya Terang,W,Sayur-Sayuran,kobis 1 kg,DKI Jakarta,Jakarta Pusat,365830
01-01-2022,PHI Mini Market - Jakarta Pusat 01,Cahya Terang,W,Sayur-Sayuran,tomat 1 kg,DKI Jakarta,Jakarta Pusat,2095860
01-01-2022,PHI Mini Market - Jakarta Pusat 01,Cahya Terang,W,Sayur-Sayuran,ubi jalar 1 kg,DKI Jakarta,Jakarta Pusat,354750
01-01-2022,PHI Mini Market - Jakarta Pusat 01,Cahya Terang,W,Sayur-Sayuran,ubi kayu basah 1 kg,DKI Jakarta,Jakarta Pusat,338130
01-01-2022,PHI Mini Market - Jakarta Pusat 01,Cahya Terang,W,Sayur-Sayuran,wortel 1 kg,DKI Jakarta,Jakarta Pusat,1437080
01-01-2022,PHI Mini Market - Jakarta Pusat 01,Eko Rukun,P,Buah,alpukat 1 kg,DKI Jakarta,Jakarta Pusat,2050400
01-01-2022,PHI Mini Market - Jakarta Pusat 01,Eko Rukun,P,Buah,apel 1 kg,DKI Jakarta,Jakarta Pusat,15351820
01-01-2022,PHI Mini Market - Jakarta Pusat 01,Eko Rukun,P,Buah,belimbing 1 kg,DKI Jakarta,Jakarta Pusat,1129970
01-01-2022,PHI Mini Market - Jakarta Pusat 01,Eko Rukun,P,Buah,durian 1 kg,DKI Jakarta,Jakarta Pusat,5986710
01-01-2022,PHI Mini Market - Jakarta Pusat 01,Eko Rukun,P,Buah,jeruk 1 kg,DKI Jakarta,Jakarta Pusat,4424430
01-01-2022,PHI Mini Market - Jakarta Pusat 01,Eko Rukun,P,Buah,kelapa muda,DKI Jakarta,Jakarta Pusat,1775010
01-01-2022,PHI Mini Market - Jakarta Pusat 01,Eko Rukun,P,Buah,mangga 1 kg,DKI Jakarta,Jakarta Pusat,3314720
01-01-2022,PHI Mini Market - Jakarta Pusat 01,Eko Rukun,P,Makanan & Minuman,air mineral 600 ml,DKI Jakarta,Jakarta Pusat,469250
01-01-2022,PHI Mini Market - Jakarta Pusat 01,Eko Rukun,P,Makanan & Minuman,bumbu fried chicken,DKI Jakarta,Jakarta Pusat,4782690
01-01-2022,PHI Mini Market - Jakarta Pusat 01,Eko Rukun,P,Makanan & Minuman,jus kesehatan 600 ml,DKI Jakarta,Jakarta Pusat,3314900
01-01-2022,PHI Mini Market - Jakarta Pusat 01,Eko Rukun,P,Makanan & Minuman,kacang goreng 1 kg,DKI Jakarta,Jakarta Pusat,3460620
01-01-2022,PHI Mini Market - Jakarta Pusat 01,Eko Rukun,P,Makanan & Minuman,kacang mete 1 kg,DKI Jakarta,Jakarta Pusat,18505200
01-01-2022,PHI Mini Market - Jakarta Pusat 01,Eko Rukun,P,Makanan & Minuman,markisa 600 ml,DKI Jakarta,Jakarta Pusat,3998420
01-01-2022,PHI Mini Market - Jakarta Pusat 01,Eko Rukun,P,Makanan & Minuman,mie instant 1 kotak (40 bungkus),DKI Jakarta,Jakarta Pusat,35760820
01-01-2022,PHI Mini Market - Jakarta Pusat 01,Eko Rukun,P,Makanan & Minuman,minuman probiotik,DKI Jakarta,Jakarta Pusat,279060
01-01-2022,PHI Mini Market - Jakarta Pusat 01,Eko Rukun,P,Makanan & Minuman,nasi goreng instant (1 ons),DKI Jakarta,Jakarta Pusat,2010310
01-01-2022,PHI Mini Market - Jakarta Pusat 01,Eko Rukun,P,Makanan & Minuman,snack gurih 1 ons,DKI Jakarta,Jakarta Pusat,1715910
01-01-2022,PHI Mini Market - Jakarta Pusat 01,Eko Rukun,P,Makanan & Minuman,susu kotak (800 ml),DKI Jakarta,Jakarta Pusat,4559960
01-01-2022,PHI Mini Market - Jakarta Pusat 01,Eko Rukun,P,Makanan & Minuman,susu kotak 1 l,DKI Jakarta,Jakarta Pusat,3441760
01-01-2022,PHI Mini Market - Jakarta Pusat 01,Eko Rukun,P,Makanan & Minuman,telur ayam kampung 1 kg,DKI Jakarta,Jakarta Pusat,3468420
01-01-2022,PHI Mini Market - Jakarta Pusat 01,Eko Rukun,P,Makanan & Minuman,telur ayam ras 1 kg,DKI Jakarta,Jakarta Pusat,3124040
01-01-2022,PHI Mini Market - Jakarta Pusat 01,Eko Rukun,P,Sayur-Sayuran,bawang merah 1 kg,DKI Jakarta,Jakarta Pusat,3638720
01-01-2022,PHI Mini Market - Jakarta Pusat 01,Eko Rukun,P,Sayur-Sayuran,bawang putih 1 kg,DKI Jakarta,Jakarta Pusat,1567950
01-01-2022,PHI Mini Market - Jakarta Pusat 01,Eko Rukun,P,Sayur-Sayuran,buncis 1 kg,DKI Jakarta,Jakarta Pusat,2157390
01-01-2022,PHI Mini Market - Jakarta Pusat 01,Eko Rukun,P,Sayur-Sayuran,kacang hijau 1 kg,DKI Jakarta,Jakarta Pusat,1940780
01-01-2022,PHI Mini Market - Jakarta Pusat 01,Eko Rukun,P,Sayur-Sayuran,kacang panjang 1 kg,DKI Jakarta,Jakarta Pusat,2633980
01-01-2022,PHI Mini Market - Jakarta Pusat 01,Eko Rukun,P,Sayur-Sayuran,kentang 1 kg,DKI Jakarta,Jakarta Pusat,2969880
01-01-2022,PHI Mini Market - Jakarta Pusat 01,Eko Rukun,P,Sayur-Sayuran,ketimun 1 kg,DKI Jakarta,Jakarta Pusat,1127540
01-01-2022,PHI Mini Market - Jakarta Pusat 01,Eko Rukun,P,Sayur-Sayuran,kobis 1 kg,DKI Jakarta,Jakarta Pusat,229410
01-01-2022,PHI Mini Market - Jakarta Pusat 01,Eko Rukun,P,Sayur-Sayuran,tomat 1 kg,DKI Jakarta,Jakarta Pusat,948260
01-01-2022,PHI Mini Market - Jakarta Pusat 01,Eko Rukun,P,Sayur-Sayuran,ubi jalar 1 kg,DKI Jakarta,Jakarta Pusat,361790
01-01-2022,PHI Mini Market - Jakarta Pusat 01,Eko Rukun,P,Sayur-Sayuran,ubi kayu basah 1 kg,DKI Jakarta,Jakarta Pusat,263560
01-01-2022,PHI Mini Market - Jakarta Pusat 01,Eko Rukun,P,Sayur-Sayuran,wortel 1 kg,DKI Jakarta,Jakarta Pusat,982450
01-01-2022,PHI Mini Market - Jakarta Pusat 01,Eria Setiawan,W,Buah,alpukat 1 kg,DKI Jakarta,Jakarta Pusat,2025020
01-01-2022,PHI Mini Market - Jakarta Pusat 01,Eria Setiawan,W,Buah,apel 1 kg,DKI Jakarta,Jakarta Pusat,18138230
01-01-2022,PHI Mini Market - Jakarta Pusat 01,Eria Setiawan,W,Buah,belimbing 1 kg,DKI Jakarta,Jakarta Pusat,1422610
01-01-2022,PHI Mini Market - Jakarta Pusat 01,Eria Setiawan,W,Buah,durian 1 kg,DKI Jakarta,Jakarta Pusat,5459640
01-01-2022,PHI Mini Market - Jakarta Pusat 01,Eria Setiawan,W,Buah,jeruk 1 kg,DKI Jakarta,Jakarta Pusat,3154230
01-01-2022,PHI Mini Market - Jakarta Pusat 01,Eria Setiawan,W,Buah,kelapa muda,DKI Jakarta,Jakarta Pusat,1521310
01-01-2022,PHI Mini Market - Jakarta Pusat 01,Eria Setiawan,W,Buah,mangga 1 kg,DKI Jakarta,Jakarta Pusat,3607770
01-01-2022,PHI Mini Market - Jakarta Pusat 01,Eria Setiawan,W,Makanan & Minuman,air mineral 600 ml,DKI Jakarta,Jakarta Pusat,382990
01-01-2022,PHI Mini Market - Jakarta Pusat 01,Eria Setiawan,W,Makanan & Minuman,bumbu fried chicken,DKI Jakarta,Jakarta Pusat,4722450
01-01-2022,PHI Mini Market - Jakarta Pusat 01,Eria Setiawan,W,Makanan & Minuman,jus kesehatan 600 ml,DKI Jakarta,Jakarta Pusat,2910320
01-01-2022,PHI Mini Market - Jakarta Pusat 01,Eria Setiawan,W,Makanan & Minuman,kacang goreng 1 kg,DKI Jakarta,Jakarta Pusat,4802100
01-01-2022,PHI Mini Market - Jakarta Pusat 01,Eria Setiawan,W,Makanan & Minuman,kacang mete 1 kg,DKI Jakarta,Jakarta Pusat,17339280
01-01-2022,PHI Mini Market - Jakarta Pusat 01,Eria Setiawan,W,Makanan & Minuman,markisa 600 ml,DKI Jakarta,Jakarta Pusat,5953670
01-01-2022,PHI Mini Market - Jakarta Pusat 01,Eria Setiawan,W,Makanan & Minuman,mie instant 1 kotak (40 bungkus),DKI Jakarta,Jakarta Pusat,26432970
01-01-2022,PHI Mini Market - Jakarta Pusat 01,Eria Setiawan,W,Makanan & Minuman,minuman probiotik,DKI Jakarta,Jakarta Pusat,261650
01-01-2022,PHI Mini Market - Jakarta Pusat 01,Eria Setiawan,W,Makanan & Minuman,nasi goreng instant (1 ons),DKI Jakarta,Jakarta Pusat,2167250
01-01-2022,PHI Mini Market - Jakarta Pusat 01,Eria Setiawan,W,Makanan & Minuman,snack gurih 1 ons,DKI Jakarta,Jakarta Pusat,1402180
01-01-2022,PHI Mini Market - Jakarta Pusat 01,Eria Setiawan,W,Makanan & Minuman,susu kotak (800 ml),DKI Jakarta,Jakarta Pusat,4087880
01-01-2022,PHI Mini Market - Jakarta Pusat 01,Eria Setiawan,W,Makanan & Minuman,susu kotak 1 l,DKI Jakarta,Jakarta Pusat,2736900
01-01-2022,PHI Mini Market - Jakarta Pusat 01,Eria Setiawan,W,Makanan & Minuman,telur ayam kampung 1 kg,DKI Jakarta,Jakarta Pusat,6278070
01-01-2022,PHI Mini Market - Jakarta Pusat 01,Eria Setiawan,W,Makanan & Minuman,telur ayam ras 1 kg,DKI Jakarta,Jakarta Pusat,3454900
01-01-2022,PHI Mini Market - Jakarta Pusat 01,Eria Setiawan,W,Sayur-Sayuran,bawang merah 1 kg,DKI Jakarta,Jakarta Pusat,4340790
01-01-2022,PHI Mini Market - Jakarta Pusat 01,Eria Setiawan,W,Sayur-Sayuran,bawang putih 1 kg,DKI Jakarta,Jakarta Pusat,1530730
01-01-2022,PHI Mini Market - Jakarta Pusat 01,Eria Setiawan,W,Sayur-Sayuran,buncis 1 kg,DKI Jakarta,Jakarta Pusat,2782360
01-01-2022,PHI Mini Market - Jakarta Pusat 01,Eria Setiawan,W,Sayur-Sayuran,kacang hijau 1 kg,DKI Jakarta,Jakarta Pusat,2393110
01-01-2022,PHI Mini Market - Jakarta Pusat 01,Eria Setiawan,W,Sayur-Sayuran,kacang panjang 1 kg,DKI Jakarta,Jakarta Pusat,1424840
01-01-2022,PHI Mini Market - Jakarta Pusat 01,Eria Setiawan,W,Sayur-Sayuran,kentang 1 kg,DKI Jakarta,Jakarta Pusat,2739630
01-01-2022,PHI Mini Market - Jakarta Pusat 01,Eria Setiawan,W,Sayur-Sayuran,ketimun 1 kg,DKI Jakarta,Jakarta Pusat,1608580
01-01-2022,PHI Mini Market - Jakarta Pusat 01,Eria Setiawan,W,Sayur-Sayuran,kobis 1 kg,DKI Jakarta,Jakarta Pusat,390370
01-01-2022,PHI Mini Market - Jakarta Pusat 01,Eria Setiawan,W,Sayur-Sayuran,tomat 1 kg,DKI Jakarta,Jakarta Pusat,1420970
01-01-2022,PHI Mini Market - Jakarta Pusat 01,Eria Setiawan,W,Sayur-Sayuran,ubi jalar 1 kg,DKI Jakarta,Jakarta Pusat,341670
01-01-2022,PHI Mini Market - Jakarta Pusat 01,Eria Setiawan,W,Sayur-Sayuran,ubi kayu basah 1 kg,DKI Jakarta,Jakarta Pusat,421510
01-01-2022,PHI Mini Market - Jakarta Pusat 01,Eria Setiawan,W,Sayur-Sayuran,wortel 1 kg,DKI Jakarta,Jakarta Pusat,863140
01-01-2022,PHI Mini Market - Jakarta Pusat 01,Erman Margo,P,Buah,alpukat 1 kg,DKI Jakarta,Jakarta Pusat,1164110
01-01-2022,PHI Mini Market - Jakarta Pusat 01,Erman Margo,P,Buah,apel 1 kg,DKI Jakarta,Jakarta Pusat,17707470
01-01-2022,PHI Mini Market - Jakarta Pusat 01,Erman Margo,P,Buah,belimbing 1 kg,DKI Jakarta,Jakarta Pusat,1681890
01-01-2022,PHI Mini Market - Jakarta Pusat 01,Erman Margo,P,Buah,durian 1 kg,DKI Jakarta,Jakarta Pusat,6061070
01-01-2022,PHI Mini Market - Jakarta Pusat 01,Erman Margo,P,Buah,jeruk 1 kg,DKI Jakarta,Jakarta Pusat,3558210
01-01-2022,PHI Mini Market - Jakarta Pusat 01,Erman Margo,P,Buah,kelapa muda,DKI Jakarta,Jakarta Pusat,1984550
01-01-2022,PHI Mini Market - Jakarta Pusat 01,Erman Margo,P,Buah,mangga 1 kg,DKI Jakarta,Jakarta Pusat,3739400
01-01-2022,PHI Mini Market - Jakarta Pusat 01,Erman Margo,P,Makanan & Minuman,air mineral 600 ml,DKI Jakarta,Jakarta Pusat,416940
01-01-2022,PHI Mini Market - Jakarta Pusat 01,Erman Margo,P,Makanan & Minuman,bumbu fried chicken,DKI Jakarta,Jakarta Pusat,4857150
01-01-2022,PHI Mini Market - Jakarta Pusat 01,Erman Margo,P,Makanan & Minuman,jus kesehatan 600 ml,DKI Jakarta,Jakarta Pusat,3305920
01-01-2022,PHI Mini Market - Jakarta Pusat 01,Erman Margo,P,Makanan & Minuman,kacang goreng 1 kg,DKI Jakarta,Jakarta Pusat,4754750
01-01-2022,PHI Mini Market - Jakarta Pusat 01,Erman Margo,P,Makanan & Minuman,kacang mete 1 kg,DKI Jakarta,Jakarta Pusat,21616700
01-01-2022,PHI Mini Market - Jakarta Pusat 01,Erman Margo,P,Makanan & Minuman,markisa 600 ml,DKI Jakarta,Jakarta Pusat,3706980
01-01-2022,PHI Mini Market - Jakarta Pusat 01,Erman Margo,P,Makanan & Minuman,mie instant 1 kotak (40 bungkus),DKI Jakarta,Jakarta Pusat,37476660
01-01-2022,PHI Mini Market - Jakarta Pusat 01,Erman Margo,P,Makanan & Minuman,minuman probiotik,DKI Jakarta,Jakarta Pusat,315230
01-01-2022,PHI Mini Market - Jakarta Pusat 01,Erman Margo,P,Makanan & Minuman,nasi goreng instant (1 ons),DKI Jakarta,Jakarta Pusat,2195630
01-01-2022,PHI Mini Market - Jakarta Pusat 01,Erman Margo,P,Makanan & Minuman,snack gurih 1 ons,DKI Jakarta,Jakarta Pusat,1830670
01-01-2022,PHI Mini Market - Jakarta Pusat 01,Erman Margo,P,Makanan & Minuman,susu kotak (800 ml),DKI Jakarta,Jakarta Pusat,3341320
01-01-2022,PHI Mini Market - Jakarta Pusat 01,Erman Margo,P,Makanan & Minuman,susu kotak 1 l,DKI Jakarta,Jakarta Pusat,3630220
01-01-2022,PHI Mini Market - Jakarta Pusat 01,Erman Margo,P,Makanan & Minuman,telur ayam kampung 1 kg,DKI Jakarta,Jakarta Pusat,4723810
01-01-2022,PHI Mini Market - Jakarta Pusat 01,Erman Margo,P,Makanan & Minuman,telur ayam ras 1 kg,DKI Jakarta,Jakarta Pusat,3747740
01-01-2022,PHI Mini Market - Jakarta Pusat 01,Erman Margo,P,Sayur-Sayuran,bawang merah 1 kg,DKI Jakarta,Jakarta Pusat,2687730
01-01-2022,PHI Mini Market - Jakarta Pusat 01,Erman Margo,P,Sayur-Sayuran,bawang putih 1 kg,DKI Jakarta,Jakarta Pusat,1166760
01-01-2022,PHI Mini Market - Jakarta Pusat 01,Erman Margo,P,Sayur-Sayuran,buncis 1 kg,DKI Jakarta,Jakarta Pusat,2140480
01-01-2022,PHI Mini Market - Jakarta Pusat 01,Erman Margo,P,Sayur-Sayuran,kacang hijau 1 kg,DKI Jakarta,Jakarta Pusat,2535610
01-01-2022,PHI Mini Market - Jakarta Pusat 01,Erman Margo,P,Sayur-Sayuran,kacang panjang 1 kg,DKI Jakarta,Jakarta Pusat,2478060
01-01-2022,PHI Mini Market - Jakarta Pusat 01,Erman Margo,P,Sayur-Sayuran,kentang 1 kg,DKI Jakarta,Jakarta Pusat,2503350
01-01-2022,PHI Mini Market - Jakarta Pusat 01,Erman Margo,P,Sayur-Sayuran,ketimun 1 kg,DKI Jakarta,Jakarta Pusat,1359300
01-01-2022,PHI Mini Market - Jakarta Pusat 01,Erman Margo,P,Sayur-Sayuran,kobis 1 kg,DKI Jakarta,Jakarta Pusat,346280
01-01-2022,PHI Mini Market - Jakarta Pusat 01,Erman Margo,P,Sayur-Sayuran,tomat 1 kg,DKI Jakarta,Jakarta Pusat,869220
01-01-2022,PHI Mini Market - Jakarta Pusat 01,Erman Margo,P,Sayur-Sayuran,ubi jalar 1 kg,DKI Jakarta,Jakarta Pusat,546080
01-01-2022,PHI Mini Market - Jakarta Pusat 01,Erman Margo,P,Sayur-Sayuran,ubi kayu basah 1 kg,DKI Jakarta,Jakarta Pusat,263650
01-01-2022,PHI Mini Market - Jakarta Pusat 01,Erman Margo,P,Sayur-Sayuran,wortel 1 kg,DKI Jakarta,Jakarta Pusat,1453620
01-01-2022,PHI Mini Market - Jakarta Pusat 01,Harum Maven,W,Buah,alpukat 1 kg,DKI Jakarta,Jakarta Pusat,1767280
01-01-2022,PHI Mini Market - Jakarta Pusat 01,Harum Maven,W,Buah,apel 1 kg,DKI Jakarta,Jakarta Pusat,17993470
01-01-2022,PHI Mini Market - Jakarta Pusat 01,Harum Maven,W,Buah,belimbing 1 kg,DKI Jakarta,Jakarta Pusat,1436120
01-01-2022,PHI Mini Market - Jakarta Pusat 01,Harum Maven,W,Buah,durian 1 kg,DKI Jakarta,Jakarta Pusat,5881630
01-01-2022,PHI Mini Market - Jakarta Pusat 01,Harum Maven,W,Buah,jeruk 1 kg,DKI Jakarta,Jakarta Pusat,3497810
01-01-2022,PHI Mini Market - Jakarta Pusat 01,Harum Maven,W,Buah,kelapa muda,DKI Jakarta,Jakarta Pusat,1204050
01-01-2022,PHI Mini Market - Jakarta Pusat 01,Harum Maven,W,Buah,mangga 1 kg,DKI Jakarta,Jakarta Pusat,3541660
01-01-2022,PHI Mini Market - Jakarta Pusat 01,Harum Maven,W,Makanan & Minuman,air mineral 600 ml,DKI Jakarta,Jakarta Pusat,467800
01-01-2022,PHI Mini Market - Jakarta Pusat 01,Harum Maven,W,Makanan & Minuman,bumbu fried chicken,DKI Jakarta,Jakarta Pusat,3927240
01-01-2022,PHI Mini Market - Jakarta Pusat 01,Harum Maven,W,Makanan & Minuman,jus kesehatan 600 ml,DKI Jakarta,Jakarta Pusat,3367100
01-01-2022,PHI Mini Market - Jakarta Pusat 01,Harum Maven,W,Makanan & Minuman,kacang goreng 1 kg,DKI Jakarta,Jakarta Pusat,5622840
01-01-2022,PHI Mini Market - Jakarta Pusat 01,Harum Maven,W,Makanan & Minuman,kacang mete 1 kg,DKI Jakarta,Jakarta Pusat,19011720
01-01-2022,PHI Mini Market - Jakarta Pusat 01,Harum Maven,W,Makanan & Minuman,markisa 600 ml,DKI Jakarta,Jakarta Pusat,4666390
01-01-2022,PHI Mini Market - Jakarta Pusat 01,Harum Maven,W,Makanan & Minuman,mie instant 1 kotak (40 bungkus),DKI Jakarta,Jakarta Pusat,30829480
01-01-2022,PHI Mini Market - Jakarta Pusat 01,Harum Maven,W,Makanan & Minuman,minuman probiotik,DKI Jakarta,Jakarta Pusat,307770
01-01-2022,PHI Mini Market - Jakarta Pusat 01,Harum Maven,W,Makanan & Minuman,nasi goreng instant (1 ons),DKI Jakarta,Jakarta Pusat,1856380
01-01-2022,PHI Mini Market - Jakarta Pusat 01,Harum Maven,W,Makanan & Minuman,snack gurih 1 ons,DKI Jakarta,Jakarta Pusat,1571650
01-01-2022,PHI Mini Market - Jakarta Pusat 01,Harum Maven,W,Makanan & Minuman,susu kotak (800 ml),DKI Jakarta,Jakarta Pusat,3344120
01-01-2022,PHI Mini Market - Jakarta Pusat 01,Harum Maven,W,Makanan & Minuman,susu kotak 1 l,DKI Jakarta,Jakarta Pusat,4603040
01-01-2022,PHI Mini Market - Jakarta Pusat 01,Harum Maven,W,Makanan & Minuman,telur ayam kampung 1 kg,DKI Jakarta,Jakarta Pusat,8669310
01-01-2022,PHI Mini Market - Jakarta Pusat 01,Harum Maven,W,Makanan & Minuman,telur ayam ras 1 kg,DKI Jakarta,Jakarta Pusat,4489910
01-01-2022,PHI Mini Market - Jakarta Pusat 01,Harum Maven,W,Sayur-Sayuran,bawang merah 1 kg,DKI Jakarta,Jakarta Pusat,4054120
01-01-2022,PHI Mini Market - Jakarta Pusat 01,Harum Maven,W,Sayur-Sayuran,bawang putih 1 kg,DKI Jakarta,Jakarta Pusat,998990
01-01-2022,PHI Mini Market - Jakarta Pusat 01,Harum Maven,W,Sayur-Sayuran,buncis 1 kg,DKI Jakarta,Jakarta Pusat,1560980
01-01-2022,PHI Mini Market - Jakarta Pusat 01,Harum Maven,W,Sayur-Sayuran,kacang hijau 1 kg,DKI Jakarta,Jakarta Pusat,1875600
01-01-2022,PHI Mini Market - Jakarta Pusat 01,Harum Maven,W,Sayur-Sayuran,kacang panjang 1 kg,DKI Jakarta,Jakarta Pusat,3734150
01-01-2022,PHI Mini Market - Jakarta Pusat 01,Harum Maven,W,Sayur-Sayuran,kentang 1 kg,DKI Jakarta,Jakarta Pusat,1886700
01-01-2022,PHI Mini Market - Jakarta Pusat 01,Harum Maven,W,Sayur-Sayuran,ketimun 1 kg,DKI Jakarta,Jakarta Pusat,1389070
01-01-2022,PHI Mini Market - Jakarta Pusat 01,Harum Maven,W,Sayur-Sayuran,kobis 1 kg,DKI Jakarta,Jakarta Pusat,323460
01-01-2022,PHI Mini Market - Jakarta Pusat 01,Harum Maven,W,Sayur-Sayuran,tomat 1 kg,DKI Jakarta,Jakarta Pusat,1120610
01-01-2022,PHI Mini Market - Jakarta Pusat 01,Harum Maven,W,Sayur-Sayuran,ubi jalar 1 kg,DKI Jakarta,Jakarta Pusat,260790
01-01-2022,PHI Mini Market - Jakarta Pusat 01,Harum Maven,W,Sayur-Sayuran,ubi kayu basah 1 kg,DKI Jakarta,Jakarta Pusat,288140
01-01-2022,PHI Mini Market - Jakarta Pusat 01,Harum Maven,W,Sayur-Sayuran,wortel 1 kg,DKI Jakarta,Jakarta Pusat,935510
01-01-2022,PHI Mini Market - Jakarta Pusat 01,Kristina Damai,W,Buah,alpukat 1 kg,DKI Jakarta,Jakarta Pusat,1935810
01-01-2022,PHI Mini Market - Jakarta Pusat 01,Kristina Damai,W,Buah,apel 1 kg,DKI Jakarta,Jakarta Pusat,21640850
01-01-2022,PHI Mini Market - Jakarta Pusat 01,Kristina Damai,W,Buah,belimbing 1 kg,DKI Jakarta,Jakarta Pusat,1189420
01-01-2022,PHI Mini Market - Jakarta Pusat 01,Kristina Damai,W,Buah,durian 1 kg,DKI Jakarta,Jakarta Pusat,7201660
01-01-2022,PHI Mini Market - Jakarta Pusat 01,Kristina Damai,W,Buah,jeruk 1 kg,DKI Jakarta,Jakarta Pusat,3865270
01-01-2022,PHI Mini Market - Jakarta Pusat 01,Kristina Damai,W,Buah,kelapa muda,DKI Jakarta,Jakarta Pusat,1595450
01-01-2022,PHI Mini Market - Jakarta Pusat 01,Kristina Damai,W,Buah,mangga 1 kg,DKI Jakarta,Jakarta Pusat,4578510
01-01-2022,PHI Mini Market - Jakarta Pusat 01,Kristina Damai,W,Makanan & Minuman,air mineral 600 ml,DKI Jakarta,Jakarta Pusat,375840
01-01-2022,PHI Mini Market - Jakarta Pusat 01,Kristina Damai,W,Makanan & Minuman,bumbu fried chicken,DKI Jakarta,Jakarta Pusat,4176510
01-01-2022,PHI Mini Market - Jakarta Pusat 01,Kristina Damai,W,Makanan & Minuman,jus kesehatan 600 ml,DKI Jakarta,Jakarta Pusat,2528550
01-01-2022,PHI Mini Market - Jakarta Pusat 01,Kristina Damai,W,Makanan & Minuman,kacang goreng 1 kg,DKI Jakarta,Jakarta Pusat,3513020
01-01-2022,PHI Mini Market - Jakarta Pusat 01,Kristina Damai,W,Makanan & Minuman,kacang mete 1 kg,DKI Jakarta,Jakarta Pusat,16809940
01-01-2022,PHI Mini Market - Jakarta Pusat 01,Kristina Damai,W,Makanan & Minuman,markisa 600 ml,DKI Jakarta,Jakarta Pusat,5419370
01-01-2022,PHI Mini Market - Jakarta Pusat 01,Kristina Damai,W,Makanan & Minuman,mie instant 1 kotak (40 bungkus),DKI Jakarta,Jakarta Pusat,19869150
01-01-2022,PHI Mini Market - Jakarta Pusat 01,Kristina Damai,W,Makanan & Minuman,minuman probiotik,DKI Jakarta,Jakarta Pusat,301720
01-01-2022,PHI Mini Market - Jakarta Pusat 01,Kristina Damai,W,Makanan & Minuman,nasi goreng instant (1 ons),DKI Jakarta,Jakarta Pusat,2218650
01-01-2022,PHI Mini Market - Jakarta Pusat 01,Kristina Damai,W,Makanan & Minuman,snack gurih 1 ons,DKI Jakarta,Jakarta Pusat,1491030
01-01-2022,PHI Mini Market - Jakarta Pusat 01,Kristina Damai,W,Makanan & Minuman,susu kotak (800 ml),DKI Jakarta,Jakarta Pusat,2892620
01-01-2022,PHI Mini Market - Jakarta Pusat 01,Kristina Damai,W,Makanan & Minuman,susu kotak 1 l,DKI Jakarta,Jakarta Pusat,3444680
01-01-2022,PHI Mini Market - Jakarta Pusat 01,Kristina Damai,W,Makanan & Minuman,telur ayam kampung 1 kg,DKI Jakarta,Jakarta Pusat,3242610
01-01-2022,PHI Mini Market - Jakarta Pusat 01,Kristina Damai,W,Makanan & Minuman,telur ayam ras 1 kg,DKI Jakarta,Jakarta Pusat,3356850
01-01-2022,PHI Mini Market - Jakarta Pusat 01,Kristina Damai,W,Sayur-Sayuran,bawang merah 1 kg,DKI Jakarta,Jakarta Pusat,3187230
01-01-2022,PHI Mini Market - Jakarta Pusat 01,Kristina Damai,W,Sayur-Sayuran,bawang putih 1 kg,DKI Jakarta,Jakarta Pusat,1602190
01-01-2022,PHI Mini Market - Jakarta Pusat 01,Kristina Damai,W,Sayur-Sayuran,buncis 1 kg,DKI Jakarta,Jakarta Pusat,2210240
01-01-2022,PHI Mini Market - Jakarta Pusat 01,Kristina Damai,W,Sayur-Sayuran,kacang hijau 1 kg,DKI Jakarta,Jakarta Pusat,2679970
01-01-2022,PHI Mini Market - Jakarta Pusat 01,Kristina Damai,W,Sayur-Sayuran,kacang panjang 1 kg,DKI Jakarta,Jakarta Pusat,3199010
01-01-2022,PHI Mini Market - Jakarta Pusat 01,Kristina Damai,W,Sayur-Sayuran,kentang 1 kg,DKI Jakarta,Jakarta Pusat,4241120
01-01-2022,PHI Mini Market - Jakarta Pusat 01,Kristina Damai,W,Sayur-Sayuran,ketimun 1 kg,DKI Jakarta,Jakarta Pusat,2101950
01-01-2022,PHI Mini Market - Jakarta Pusat 01,Kristina Damai,W,Sayur-Sayuran,kobis 1 kg,DKI Jakarta,Jakarta Pusat,311970
01-01-2022,PHI Mini Market - Jakarta Pusat 01,Kristina Damai,W,Sayur-Sayuran,tomat 1 kg,DKI Jakarta,Jakarta Pusat,2177780
01-01-2022,PHI Mini Market - Jakarta Pusat 01,Kristina Damai,W,Sayur-Sayuran,ubi jalar 1 kg,DKI Jakarta,Jakarta Pusat,457470
01-01-2022,PHI Mini Market - Jakarta Pusat 01,Kristina Damai,W,Sayur-Sayuran,ubi kayu basah 1 kg,DKI Jakarta,Jakarta Pusat,464290
01-01-2022,PHI Mini Market - Jakarta Pusat 01,Kristina Damai,W,Sayur-Sayuran,wortel 1 kg,DKI Jakarta,Jakarta Pusat,1505530
01-01-2022,PHI Mini Market - Jakarta Pusat 01,Kusuma Dominik,P,Buah,alpukat 1 kg,DKI Jakarta,Jakarta Pusat,1751570
01-01-2022,PHI Mini Market - Jakarta Pusat 01,Kusuma Dominik,P,Buah,apel 1 kg,DKI Jakarta,Jakarta Pusat,20026050
01-01-2022,PHI Mini Market - Jakarta Pusat 01,Kusuma Dominik,P,Buah,belimbing 1 kg,DKI Jakarta,Jakarta Pusat,1305600
01-01-2022,PHI Mini Market - Jakarta Pusat 01,Kusuma Dominik,P,Buah,durian 1 kg,DKI Jakarta,Jakarta Pusat,4468130
01-01-2022,PHI Mini Market - Jakarta Pusat 01,Kusuma Dominik,P,Buah,jeruk 1 kg,DKI Jakarta,Jakarta Pusat,2257700
01-01-2022,PHI Mini Market - Jakarta Pusat 01,Kusuma Dominik,P,Buah,kelapa muda,DKI Jakarta,Jakarta Pusat,1420560
01-01-2022,PHI Mini Market - Jakarta Pusat 01,Kusuma Dominik,P,Makanan & Minuman,air mineral 600 ml,DKI Jakarta,Jakarta Pusat,554110
01-01-2022,PHI Mini Market - Jakarta Pusat 01,Kusuma Dominik,P,Makanan & Minuman,bumbu fried chicken,DKI Jakarta,Jakarta Pusat,3518010
01-01-2022,PHI Mini Market - Jakarta Pusat 01,Kusuma Dominik,P,Makanan & Minuman,jus kesehatan 600 ml,DKI Jakarta,Jakarta Pusat,2386760
01-01-2022,PHI Mini Market - Jakarta Pusat 01,Kusuma Dominik,P,Makanan & Minuman,kacang goreng 1 kg,DKI Jakarta,Jakarta Pusat,2961350
01-01-2022,PHI Mini Market - Jakarta Pusat 01,Kusuma Dominik,P,Makanan & Minuman,kacang mete 1 kg,DKI Jakarta,Jakarta Pusat,18898600
01-01-2022,PHI Mini Market - Jakarta Pusat 01,Kusuma Dominik,P,Makanan & Minuman,markisa 600 ml,DKI Jakarta,Jakarta Pusat,5614890
01-01-2022,PHI Mini Market - Jakarta Pusat 01,Kusuma Dominik,P,Makanan & Minuman,mie instant 1 kotak (40 bungkus),DKI Jakarta,Jakarta Pusat,29488600
01-01-2022,PHI Mini Market - Jakarta Pusat 01,Kusuma Dominik,P,Makanan & Minuman,minuman probiotik,DKI Jakarta,Jakarta Pusat,308350
01-01-2022,PHI Mini Market - Jakarta Pusat 01,Kusuma Dominik,P,Makanan & Minuman,nasi goreng instant (1 ons),DKI Jakarta,Jakarta Pusat,1384420
01-01-2022,PHI Mini Market - Jakarta Pusat 01,Kusuma Dominik,P,Makanan & Minuman,snack gurih 1 ons,DKI Jakarta,Jakarta Pusat,2107140
01-01-2022,PHI Mini Market - Jakarta Pusat 01,Kusuma Dominik,P,Makanan & Minuman,susu kotak (800 ml),DKI Jakarta,Jakarta Pusat,4741780
01-01-2022,PHI Mini Market - Jakarta Pusat 01,Kusuma Dominik,P,Makanan & Minuman,susu kotak 1 l,DKI Jakarta,Jakarta Pusat,3678140
01-01-2022,PHI Mini Market - Jakarta Pusat 01,Kusuma Dominik,P,Makanan & Minuman,telur ayam kampung 1 kg,DKI Jakarta,Jakarta Pusat,8883370
01-01-2022,PHI Mini Market - Jakarta Pusat 01,Kusuma Dominik,P,Makanan & Minuman,telur ayam ras 1 kg,DKI Jakarta,Jakarta Pusat,4333340
01-01-2022,PHI Mini Market - Jakarta Pusat 01,Kusuma Dominik,P,Sayur-Sayuran,bawang merah 1 kg,DKI Jakarta,Jakarta Pusat,3368250
01-01-2022,PHI Mini Market - Jakarta Pusat 01,Kusuma Dominik,P,Sayur-Sayuran,bawang putih 1 kg,DKI Jakarta,Jakarta Pusat,1248750
01-01-2022,PHI Mini Market - Jakarta Pusat 01,Kusuma Dominik,P,Sayur-Sayuran,buncis 1 kg,DKI Jakarta,Jakarta Pusat,1754110
01-01-2022,PHI Mini Market - Jakarta Pusat 01,Kusuma Dominik,P,Sayur-Sayuran,kacang hijau 1 kg,DKI Jakarta,Jakarta Pusat,2227040
01-01-2022,PHI Mini Market - Jakarta Pusat 01,Kusuma Dominik,P,Sayur-Sayuran,kacang panjang 1 kg,DKI Jakarta,Jakarta Pusat,2592450
01-01-2022,PHI Mini Market - Jakarta Pusat 01,Kusuma Dominik,P,Sayur-Sayuran,kentang 1 kg,DKI Jakarta,Jakarta Pusat,2316150
01-01-2022,PHI Mini Market - Jakarta Pusat 01,Kusuma Dominik,P,Sayur-Sayuran,ketimun 1 kg,DKI Jakarta,Jakarta Pusat,2211080
01-01-2022,PHI Mini Market - Jakarta Pusat 01,Kusuma Dominik,P,Sayur-Sayuran,kobis 1 kg,DKI Jakarta,Jakarta Pusat,323840
01-01-2022,PHI Mini Market - Jakarta Pusat 01,Kusuma Dominik,P,Sayur-Sayuran,tomat 1 kg,DKI Jakarta,Jakarta Pusat,1302220
01-01-2022,PHI Mini Market - Jakarta Pusat 01,Kusuma Dominik,P,Sayur-Sayuran,ubi jalar 1 kg,DKI Jakarta,Jakarta Pusat,440480
01-01-2022,PHI Mini Market - Jakarta Pusat 01,Kusuma Dominik,P,Sayur-Sayuran,ubi kayu basah 1 kg,DKI Jakarta,Jakarta Pusat,350360
01-01-2022,PHI Mini Market - Jakarta Pusat 01,Kusuma Dominik,P,Sayur-Sayuran,wortel 1 kg,DKI Jakarta,Jakarta Pusat,1056270
01-01-2022,PHI Mini Market - Jakarta Pusat 01,Sentosa Indrawan,P,Buah,alpukat 1 kg,DKI Jakarta,Jakarta Pusat,1565780
01-01-2022,PHI Mini Market - Jakarta Pusat 01,Sentosa Indrawan,P,Buah,apel 1 kg,DKI Jakarta,Jakarta Pusat,19179380
01-01-2022,PHI Mini Market - Jakarta Pusat 01,Sentosa Indrawan,P,Buah,belimbing 1 kg,DKI Jakarta,Jakarta Pusat,824810
01-01-2022,PHI Mini Market - Jakarta Pusat 01,Sentosa Indrawan,P,Buah,durian 1 kg,DKI Jakarta,Jakarta Pusat,5499000
01-01-2022,PHI Mini Market - Jakarta Pusat 01,Sentosa Indrawan,P,Buah,jeruk 1 kg,DKI Jakarta,Jakarta Pusat,3195230
01-01-2022,PHI Mini Market - Jakarta Pusat 01,Sentosa Indrawan,P,Buah,kelapa muda,DKI Jakarta,Jakarta Pusat,1917980
01-01-2022,PHI Mini Market - Jakarta Pusat 01,Sentosa Indrawan,P,Makanan & Minuman,air mineral 600 ml,DKI Jakarta,Jakarta Pusat,323260
01-01-2022,PHI Mini Market - Jakarta Pusat 01,Sentosa Indrawan,P,Makanan & Minuman,bumbu fried chicken,DKI Jakarta,Jakarta Pusat,5491890
01-01-2022,PHI Mini Market - Jakarta Pusat 01,Sentosa Indrawan,P,Makanan & Minuman,jus kesehatan 600 ml,DKI Jakarta,Jakarta Pusat,2152390
01-01-2022,PHI Mini Market - Jakarta Pusat 01,Sentosa Indrawan,P,Makanan & Minuman,kacang goreng 1 kg,DKI Jakarta,Jakarta Pusat,3241820
01-01-2022,PHI Mini Market - Jakarta Pusat 01,Sentosa Indrawan,P,Makanan & Minuman,kacang mete 1 kg,DKI Jakarta,Jakarta Pusat,22406860
01-01-2022,PHI Mini Market - Jakarta Pusat 01,Sentosa Indrawan,P,Makanan & Minuman,markisa 600 ml,DKI Jakarta,Jakarta Pusat,4700960
01-01-2022,PHI Mini Market - Jakarta Pusat 01,Sentosa Indrawan,P,Makanan & Minuman,mie instant 1 kotak (40 bungkus),DKI Jakarta,Jakarta Pusat,27553460
01-01-2022,PHI Mini Market - Jakarta Pusat 01,Sentosa Indrawan,P,Makanan & Minuman,minuman probiotik,DKI Jakarta,Jakarta Pusat,168780
01-01-2022,PHI Mini Market - Jakarta Pusat 01,Sentosa Indrawan,P,Makanan & Minuman,nasi goreng instant (1 ons),DKI Jakarta,Jakarta Pusat,1291680
01-01-2022,PHI Mini Market - Jakarta Pusat 01,Sentosa Indrawan,P,Makanan & Minuman,snack gurih 1 ons,DKI Jakarta,Jakarta Pusat,1915330
01-01-2022,PHI Mini Market - Jakarta Pusat 01,Sentosa Indrawan,P,Makanan & Minuman,susu kotak (800 ml),DKI Jakarta,Jakarta Pusat,4811660
01-01-2022,PHI Mini Market - Jakarta Pusat 01,Sentosa Indrawan,P,Makanan & Minuman,susu kotak 1 l,DKI Jakarta,Jakarta Pusat,3558020
01-01-2022,PHI Mini Market - Jakarta Pusat 01,Sentosa Indrawan,P,Makanan & Minuman,telur ayam kampung 1 kg,DKI Jakarta,Jakarta Pusat,4852080
01-01-2022,PHI Mini Market - Jakarta Pusat 01,Sentosa Indrawan,P,Makanan & Minuman,telur ayam ras 1 kg,DKI Jakarta,Jakarta Pusat,2480410
01-01-2022,PHI Mini Market - Jakarta Pusat 01,Sentosa Indrawan,P,Sayur-Sayuran,bawang merah 1 kg,DKI Jakarta,Jakarta Pusat,3842030
01-01-2022,PHI Mini Market - Jakarta Pusat 01,Sentosa Indrawan,P,Sayur-Sayuran,bawang putih 1 kg,DKI Jakarta,Jakarta Pusat,1290620
01-01-2022,PHI Mini Market - Jakarta Pusat 01,Sentosa Indrawan,P,Sayur-Sayuran,buncis 1 kg,DKI Jakarta,Jakarta Pusat,1967080
01-01-2022,PHI Mini Market - Jakarta Pusat 01,Sentosa Indrawan,P,Sayur-Sayuran,kacang hijau 1 kg,DKI Jakarta,Jakarta Pusat,2895170
01-01-2022,PHI Mini Market - Jakarta Pusat 01,Sentosa Indrawan,P,Sayur-Sayuran,kacang panjang 1 kg,DKI Jakarta,Jakarta Pusat,3958160
01-01-2022,PHI Mini Market - Jakarta Pusat 01,Sentosa Indrawan,P,Sayur-Sayuran,kentang 1 kg,DKI Jakarta,Jakarta Pusat,2349980
01-01-2022,PHI Mini Market - Jakarta Pusat 01,Sentosa Indrawan,P,Sayur-Sayuran,ketimun 1 kg,DKI Jakarta,Jakarta Pusat,1118560
01-01-2022,PHI Mini Market - Jakarta Pusat 01,Sentosa Indrawan,P,Sayur-Sayuran,kobis 1 kg,DKI Jakarta,Jakarta Pusat,435040
01-01-2022,PHI Mini Market - Jakarta Pusat 01,Sentosa Indrawan,P,Sayur-Sayuran,tomat 1 kg,DKI Jakarta,Jakarta Pusat,1796870
01-01-2022,PHI Mini Market - Jakarta Pusat 01,Sentosa Indrawan,P,Sayur-Sayuran,ubi jalar 1 kg,DKI Jakarta,Jakarta Pusat,364060
01-01-2022,PHI Mini Market - Jakarta Pusat 01,Sentosa Indrawan,P,Sayur-Sayuran,ubi kayu basah 1 kg,DKI Jakarta,Jakarta Pusat,347300
01-01-2022,PHI Mini Market - Jakarta Pusat 01,Sentosa Indrawan,P,Sayur-Sayuran,wortel 1 kg,DKI Jakarta,Jakarta Pusat,1146810
01-01-2022,PHI Mini Market - Makassar 01,Agus Dewangga,P,Buah,alpukat 1 kg,Sulawesi Selatan,Makassar,2383720
01-01-2022,PHI Mini Market - Makassar 01,Agus Dewangga,P,Buah,apel 1 kg,Sulawesi Selatan,Makassar,20628940
01-01-2022,PHI Mini Market - Makassar 01,Agus Dewangga,P,Buah,belimbing 1 kg,Sulawesi Selatan,Makassar,1081070
01-01-2022,PHI Mini Market - Makassar 01,Agus Dewangga,P,Buah,durian 1 kg,Sulawesi Selatan,Makassar,5698560
01-01-2022,PHI Mini Market - Makassar 01,Agus Dewangga,P,Buah,jeruk 1 kg,Sulawesi Selatan,Makassar,3696900
01-01-2022,PHI Mini Market - Makassar 01,Agus Dewangga,P,Buah,kelapa muda,Sulawesi Selatan,Makassar,1242710
01-01-2022,PHI Mini Market - Makassar 01,Agus Dewangga,P,Buah,mangga 1 kg,Sulawesi Selatan,Makassar,5342730
01-01-2022,PHI Mini Market - Makassar 01,Agus Dewangga,P,Makanan & Minuman,air mineral 600 ml,Sulawesi Selatan,Makassar,402350
01-01-2022,PHI Mini Market - Makassar 01,Agus Dewangga,P,Makanan & Minuman,bumbu fried chicken,Sulawesi Selatan,Makassar,5971920
01-01-2022,PHI Mini Market - Makassar 01,Agus Dewangga,P,Makanan & Minuman,jus kesehatan 600 ml,Sulawesi Selatan,Makassar,3041460
01-01-2022,PHI Mini Market - Makassar 01,Agus Dewangga,P,Makanan & Minuman,kacang goreng 1 kg,Sulawesi Selatan,Makassar,3843390
01-01-2022,PHI Mini Market - Makassar 01,Agus Dewangga,P,Makanan & Minuman,kacang mete 1 kg,Sulawesi Selatan,Makassar,18536000
01-01-2022,PHI Mini Market - Makassar 01,Agus Dewangga,P,Makanan & Minuman,markisa 600 ml,Sulawesi Selatan,Makassar,5405270
01-01-2022,PHI Mini Market - Makassar 01,Agus Dewangga,P,Makanan & Minuman,mie instant 1 kotak (40 bungkus),Sulawesi Selatan,Makassar,19980580
01-01-2022,PHI Mini Market - Makassar 01,Agus Dewangga,P,Makanan & Minuman,minuman probiotik,Sulawesi Selatan,Makassar,304360
01-01-2022,PHI Mini Market - Makassar 01,Agus Dewangga,P,Makanan & Minuman,nasi goreng instant (1 ons),Sulawesi Selatan,Makassar,2188170
01-01-2022,PHI Mini Market - Makassar 01,Agus Dewangga,P,Makanan & Minuman,snack gurih 1 ons,Sulawesi Selatan,Makassar,1405870
01-01-2022,PHI Mini Market - Makassar 01,Agus Dewangga,P,Makanan & Minuman,susu kotak (800 ml),Sulawesi Selatan,Makassar,2380360
01-01-2022,PHI Mini Market - Makassar 01,Agus Dewangga,P,Makanan & Minuman,susu kotak 1 l,Sulawesi Selatan,Makassar,3188420
01-01-2022,PHI Mini Market - Makassar 01,Agus Dewangga,P,Makanan & Minuman,telur ayam kampung 1 kg,Sulawesi Selatan,Makassar,4656440
01-01-2022,PHI Mini Market - Makassar 01,Agus Dewangga,P,Makanan & Minuman,telur ayam ras 1 kg,Sulawesi Selatan,Makassar,4559850
01-01-2022,PHI Mini Market - Makassar 01,Agus Dewangga,P,Sayur-Sayuran,bawang merah 1 kg,Sulawesi Selatan,Makassar,2780890
01-01-2022,PHI Mini Market - Makassar 01,Agus Dewangga,P,Sayur-Sayuran,bawang putih 1 kg,Sulawesi Selatan,Makassar,1749890
01-01-2022,PHI Mini Market - Makassar 01,Agus Dewangga,P,Sayur-Sayuran,buncis 1 kg,Sulawesi Selatan,Makassar,1779960
01-01-2022,PHI Mini Market - Makassar 01,Agus Dewangga,P,Sayur-Sayuran,kacang hijau 1 kg,Sulawesi Selatan,Makassar,2062660
01-01-2022,PHI Mini Market - Makassar 01,Agus Dewangga,P,Sayur-Sayuran,kacang panjang 1 kg,Sulawesi Selatan,Makassar,2898360
01-01-2022,PHI Mini Market - Makassar 01,Agus Dewangga,P,Sayur-Sayuran,kentang 1 kg,Sulawesi Selatan,Makassar,3317850
01-01-2022,PHI Mini Market - Makassar 01,Agus Dewangga,P,Sayur-Sayuran,ketimun 1 kg,Sulawesi Selatan,Makassar,998700
01-01-2022,PHI Mini Market - Makassar 01,Agus Dewangga,P,Sayur-Sayuran,kobis 1 kg,Sulawesi Selatan,Makassar,357060
01-01-2022,PHI Mini Market - Makassar 01,Agus Dewangga,P,Sayur-Sayuran,tomat 1 kg,Sulawesi Selatan,Makassar,1653100
01-01-2022,PHI Mini Market - Makassar 01,Agus Dewangga,P,Sayur-Sayuran,ubi jalar 1 kg,Sulawesi Selatan,Makassar,405890
01-01-2022,PHI Mini Market - Makassar 01,Agus Dewangga,P,Sayur-Sayuran,ubi kayu basah 1 kg,Sulawesi Selatan,Makassar,288970
01-01-2022,PHI Mini Market - Makassar 01,Agus Dewangga,P,Sayur-Sayuran,wortel 1 kg,Sulawesi Selatan,Makassar,1579670
01-01-2022,PHI Mini Market - Makassar 01,Bintang Maven,W,Buah,alpukat 1 kg,Sulawesi Selatan,Makassar,1985810
01-01-2022,PHI Mini Market - Makassar 01,Bintang Maven,W,Buah,apel 1 kg,Sulawesi Selatan,Makassar,10453630
01-01-2022,PHI Mini Market - Makassar 01,Bintang Maven,W,Buah,belimbing 1 kg,Sulawesi Selatan,Makassar,1515740
01-01-2022,PHI Mini Market - Makassar 01,Bintang Maven,W,Buah,durian 1 kg,Sulawesi Selatan,Makassar,5938470
01-01-2022,PHI Mini Market - Makassar 01,Bintang Maven,W,Buah,jeruk 1 kg,Sulawesi Selatan,Makassar,3009690
01-01-2022,PHI Mini Market - Makassar 01,Bintang Maven,W,Buah,kelapa muda,Sulawesi Selatan,Makassar,1163390
01-01-2022,PHI Mini Market - Makassar 01,Bintang Maven,W,Buah,mangga 1 kg,Sulawesi Selatan,Makassar,4509100
01-01-2022,PHI Mini Market - Makassar 01,Bintang Maven,W,Makanan & Minuman,air mineral 600 ml,Sulawesi Selatan,Makassar,273540
01-01-2022,PHI Mini Market - Makassar 01,Bintang Maven,W,Makanan & Minuman,bumbu fried chicken,Sulawesi Selatan,Makassar,4780980
01-01-2022,PHI Mini Market - Makassar 01,Bintang Maven,W,Makanan & Minuman,jus kesehatan 600 ml,Sulawesi Selatan,Makassar,2727360
01-01-2022,PHI Mini Market - Makassar 01,Bintang Maven,W,Makanan & Minuman,kacang goreng 1 kg,Sulawesi Selatan,Makassar,4249730
01-01-2022,PHI Mini Market - Makassar 01,Bintang Maven,W,Makanan & Minuman,kacang mete 1 kg,Sulawesi Selatan,Makassar,19112480
01-01-2022,PHI Mini Market - Makassar 01,Bintang Maven,W,Makanan & Minuman,markisa 600 ml,Sulawesi Selatan,Makassar,6920750
01-01-2022,PHI Mini Market - Makassar 01,Bintang Maven,W,Makanan & Minuman,mie instant 1 kotak (40 bungkus),Sulawesi Selatan,Makassar,23944210
01-01-2022,PHI Mini Market - Makassar 01,Bintang Maven,W,Makanan & Minuman,minuman probiotik,Sulawesi Selatan,Makassar,275560
01-01-2022,PHI Mini Market - Makassar 01,Bintang Maven,W,Makanan & Minuman,nasi goreng instant (1 ons),Sulawesi Selatan,Makassar,1383200
01-01-2022,PHI Mini Market - Makassar 01,Bintang Maven,W,Makanan & Minuman,snack gurih 1 ons,Sulawesi Selatan,Makassar,1487150
01-01-2022,PHI Mini Market - Makassar 01,Bintang Maven,W,Makanan & Minuman,susu kotak (800 ml),Sulawesi Selatan,Makassar,2332060
01-01-2022,PHI Mini Market - Makassar 01,Bintang Maven,W,Makanan & Minuman,susu kotak 1 l,Sulawesi Selatan,Makassar,4178540
01-01-2022,PHI Mini Market - Makassar 01,Bintang Maven,W,Makanan & Minuman,telur ayam kampung 1 kg,Sulawesi Selatan,Makassar,6254750
01-01-2022,PHI Mini Market - Makassar 01,Bintang Maven,W,Makanan & Minuman,telur ayam ras 1 kg,Sulawesi Selatan,Makassar,3869810
01-01-2022,PHI Mini Market - Makassar 01,Bintang Maven,W,Sayur-Sayuran,bawang merah 1 kg,Sulawesi Selatan,Makassar,3855650
01-01-2022,PHI Mini Market - Makassar 01,Bintang Maven,W,Sayur-Sayuran,bawang putih 1 kg,Sulawesi Selatan,Makassar,1376960
01-01-2022,PHI Mini Market - Makassar 01,Bintang Maven,W,Sayur-Sayuran,buncis 1 kg,Sulawesi Selatan,Makassar,1959350
01-01-2022,PHI Mini Market - Makassar 01,Bintang Maven,W,Sayur-Sayuran,kacang hijau 1 kg,Sulawesi Selatan,Makassar,2344600
01-01-2022,PHI Mini Market - Makassar 01,Bintang Maven,W,Sayur-Sayuran,kacang panjang 1 kg,Sulawesi Selatan,Makassar,2326660
01-01-2022,PHI Mini Market - Makassar 01,Bintang Maven,W,Sayur-Sayuran,kentang 1 kg,Sulawesi Selatan,Makassar,2577410
01-01-2022,PHI Mini Market - Makassar 01,Bintang Maven,W,Sayur-Sayuran,ketimun 1 kg,Sulawesi Selatan,Makassar,958820
01-01-2022,PHI Mini Market - Makassar 01,Bintang Maven,W,Sayur-Sayuran,kobis 1 kg,Sulawesi Selatan,Makassar,292960
01-01-2022,PHI Mini Market - Makassar 01,Bintang Maven,W,Sayur-Sayuran,tomat 1 kg,Sulawesi Selatan,Makassar,1556030
01-01-2022,PHI Mini Market - Makassar 01,Bintang Maven,W,Sayur-Sayuran,ubi jalar 1 kg,Sulawesi Selatan,Makassar,443540
01-01-2022,PHI Mini Market - Makassar 01,Bintang Maven,W,Sayur-Sayuran,ubi kayu basah 1 kg,Sulawesi Selatan,Makassar,325450
01-01-2022,PHI Mini Market - Makassar 01,Bintang Maven,W,Sayur-Sayuran,wortel 1 kg,Sulawesi Selatan,Makassar,946030
01-01-2022,PHI Mini Market - Makassar 01,Eriq Jagat,P,Buah,alpukat 1 kg,Sulawesi Selatan,Makassar,1335760
01-01-2022,PHI Mini Market - Makassar 01,Eriq Jagat,P,Buah,apel 1 kg,Sulawesi Selatan,Makassar,22351970
01-01-2022,PHI Mini Market - Makassar 01,Eriq Jagat,P,Buah,belimbing 1 kg,Sulawesi Selatan,Makassar,1239750
01-01-2022,PHI Mini Market - Makassar 01,Eriq Jagat,P,Buah,durian 1 kg,Sulawesi Selatan,Makassar,6483130
01-01-2022,PHI Mini Market - Makassar 01,Eriq Jagat,P,Buah,jeruk 1 kg,Sulawesi Selatan,Makassar,3505880
01-01-2022,PHI Mini Market - Makassar 01,Eriq Jagat,P,Buah,kelapa muda,Sulawesi Selatan,Makassar,1236110
01-01-2022,PHI Mini Market - Makassar 01,Eriq Jagat,P,Makanan & Minuman,air mineral 600 ml,Sulawesi Selatan,Makassar,382700
01-01-2022,PHI Mini Market - Makassar 01,Eriq Jagat,P,Makanan & Minuman,bumbu fried chicken,Sulawesi Selatan,Makassar,3002070
01-01-2022,PHI Mini Market - Makassar 01,Eriq Jagat,P,Makanan & Minuman,jus kesehatan 600 ml,Sulawesi Selatan,Makassar,3163450
01-01-2022,PHI Mini Market - Makassar 01,Eriq Jagat,P,Makanan & Minuman,kacang goreng 1 kg,Sulawesi Selatan,Makassar,4693380
01-01-2022,PHI Mini Market - Makassar 01,Eriq Jagat,P,Makanan & Minuman,kacang mete 1 kg,Sulawesi Selatan,Makassar,17589280
01-01-2022,PHI Mini Market - Makassar 01,Eriq Jagat,P,Makanan & Minuman,markisa 600 ml,Sulawesi Selatan,Makassar,3957380
01-01-2022,PHI Mini Market - Makassar 01,Eriq Jagat,P,Makanan & Minuman,mie instant 1 kotak (40 bungkus),Sulawesi Selatan,Makassar,36019130
01-01-2022,PHI Mini Market - Makassar 01,Eriq Jagat,P,Makanan & Minuman,minuman probiotik,Sulawesi Selatan,Makassar,232250
01-01-2022,PHI Mini Market - Makassar 01,Eriq Jagat,P,Makanan & Minuman,nasi goreng instant (1 ons),Sulawesi Selatan,Makassar,1716560
01-01-2022,PHI Mini Market - Makassar 01,Eriq Jagat,P,Makanan & Minuman,snack gurih 1 ons,Sulawesi Selatan,Makassar,2014050
01-01-2022,PHI Mini Market - Makassar 01,Eriq Jagat,P,Makanan & Minuman,susu kotak (800 ml),Sulawesi Selatan,Makassar,3185070
01-01-2022,PHI Mini Market - Makassar 01,Eriq Jagat,P,Makanan & Minuman,susu kotak 1 l,Sulawesi Selatan,Makassar,4524300
01-01-2022,PHI Mini Market - Makassar 01,Eriq Jagat,P,Makanan & Minuman,telur ayam kampung 1 kg,Sulawesi Selatan,Makassar,6234890
01-01-2022,PHI Mini Market - Makassar 01,Eriq Jagat,P,Makanan & Minuman,telur ayam ras 1 kg,Sulawesi Selatan,Makassar,3269170
01-01-2022,PHI Mini Market - Makassar 01,Eriq Jagat,P,Sayur-Sayuran,bawang merah 1 kg,Sulawesi Selatan,Makassar,4638550
01-01-2022,PHI Mini Market - Makassar 01,Eriq Jagat,P,Sayur-Sayuran,bawang putih 1 kg,Sulawesi Selatan,Makassar,1323160
01-01-2022,PHI Mini Market - Makassar 01,Eriq Jagat,P,Sayur-Sayuran,buncis 1 kg,Sulawesi Selatan,Makassar,2026300
01-01-2022,PHI Mini Market - Makassar 01,Eriq Jagat,P,Sayur-Sayuran,kacang hijau 1 kg,Sulawesi Selatan,Makassar,1593550
01-01-2022,PHI Mini Market - Makassar 01,Eriq Jagat,P,Sayur-Sayuran,kacang panjang 1 kg,Sulawesi Selatan,Makassar,2229730
01-01-2022,PHI Mini Market - Makassar 01,Eriq Jagat,P,Sayur-Sayuran,kentang 1 kg,Sulawesi Selatan,Makassar,2344180
01-01-2022,PHI Mini Market - Makassar 01,Eriq Jagat,P,Sayur-Sayuran,ketimun 1 kg,Sulawesi Selatan,Makassar,1273860
01-01-2022,PHI Mini Market - Makassar 01,Eriq Jagat,P,Sayur-Sayuran,kobis 1 kg,Sulawesi Selatan,Makassar,150400
01-01-2022,PHI Mini Market - Makassar 01,Eriq Jagat,P,Sayur-Sayuran,tomat 1 kg,Sulawesi Selatan,Makassar,1098330
01-01-2022,PHI Mini Market - Makassar 01,Eriq Jagat,P,Sayur-Sayuran,ubi jalar 1 kg,Sulawesi Selatan,Makassar,412920
01-01-2022,PHI Mini Market - Makassar 01,Eriq Jagat,P,Sayur-Sayuran,ubi kayu basah 1 kg,Sulawesi Selatan,Makassar,435430
01-01-2022,PHI Mini Market - Makassar 01,Eriq Jagat,P,Sayur-Sayuran,wortel 1 kg,Sulawesi Selatan,Makassar,1103320
01-01-2022,PHI Mini Market - Makassar 01,Eriq Menawan,P,Buah,alpukat 1 kg,Sulawesi Selatan,Makassar,2316240
01-01-2022,PHI Mini Market - Makassar 01,Eriq Menawan,P,Buah,apel 1 kg,Sulawesi Selatan,Makassar,20309100
01-01-2022,PHI Mini Market - Makassar 01,Eriq Menawan,P,Buah,belimbing 1 kg,Sulawesi Selatan,Makassar,1117260
01-01-2022,PHI Mini Market - Makassar 01,Eriq Menawan,P,Buah,durian 1 kg,Sulawesi Selatan,Makassar,5946350
01-01-2022,PHI Mini Market - Makassar 01,Eriq Menawan,P,Buah,jeruk 1 kg,Sulawesi Selatan,Makassar,3415570
01-01-2022,PHI Mini Market - Makassar 01,Eriq Menawan,P,Buah,kelapa muda,Sulawesi Selatan,Makassar,1754850
01-01-2022,PHI Mini Market - Makassar 01,Eriq Menawan,P,Makanan & Minuman,air mineral 600 ml,Sulawesi Selatan,Makassar,365530
01-01-2022,PHI Mini Market - Makassar 01,Eriq Menawan,P,Makanan & Minuman,bumbu fried chicken,Sulawesi Selatan,Makassar,6417300
01-01-2022,PHI Mini Market - Makassar 01,Eriq Menawan,P,Makanan & Minuman,jus kesehatan 600 ml,Sulawesi Selatan,Makassar,2650910
01-01-2022,PHI Mini Market - Makassar 01,Eriq Menawan,P,Makanan & Minuman,kacang goreng 1 kg,Sulawesi Selatan,Makassar,4355750
01-01-2022,PHI Mini Market - Makassar 01,Eriq Menawan,P,Makanan & Minuman,kacang mete 1 kg,Sulawesi Selatan,Makassar,18246080
01-01-2022,PHI Mini Market - Makassar 01,Eriq Menawan,P,Makanan & Minuman,markisa 600 ml,Sulawesi Selatan,Makassar,4045480
01-01-2022,PHI Mini Market - Makassar 01,Eriq Menawan,P,Makanan & Minuman,mie instant 1 kotak (40 bungkus),Sulawesi Selatan,Makassar,26529620
01-01-2022,PHI Mini Market - Makassar 01,Eriq Menawan,P,Makanan & Minuman,minuman probiotik,Sulawesi Selatan,Makassar,180260
01-01-2022,PHI Mini Market - Makassar 01,Eriq Menawan,P,Makanan & Minuman,nasi goreng instant (1 ons),Sulawesi Selatan,Makassar,2587290
01-01-2022,PHI Mini Market - Makassar 01,Eriq Menawan,P,Makanan & Minuman,snack gurih 1 ons,Sulawesi Selatan,Makassar,2401320
01-01-2022,PHI Mini Market - Makassar 01,Eriq Menawan,P,Makanan & Minuman,susu kotak (800 ml),Sulawesi Selatan,Makassar,4703830
01-01-2022,PHI Mini Market - Makassar 01,Eriq Menawan,P,Makanan & Minuman,susu kotak 1 l,Sulawesi Selatan,Makassar,3611260
01-01-2022,PHI Mini Market - Makassar 01,Eriq Menawan,P,Makanan & Minuman,telur ayam kampung 1 kg,Sulawesi Selatan,Makassar,6501040
01-01-2022,PHI Mini Market - Makassar 01,Eriq Menawan,P,Makanan & Minuman,telur ayam ras 1 kg,Sulawesi Selatan,Makassar,3842860
01-01-2022,PHI Mini Market - Makassar 01,Eriq Menawan,P,Sayur-Sayuran,bawang merah 1 kg,Sulawesi Selatan,Makassar,3054280
01-01-2022,PHI Mini Market - Makassar 01,Eriq Menawan,P,Sayur-Sayuran,bawang putih 1 kg,Sulawesi Selatan,Makassar,917820
01-01-2022,PHI Mini Market - Makassar 01,Eriq Menawan,P,Sayur-Sayuran,buncis 1 kg,Sulawesi Selatan,Makassar,1843960
01-01-2022,PHI Mini Market - Makassar 01,Eriq Menawan,P,Sayur-Sayuran,kacang hijau 1 kg,Sulawesi Selatan,Makassar,1975660
01-01-2022,PHI Mini Market - Makassar 01,Eriq Menawan,P,Sayur-Sayuran,kacang panjang 1 kg,Sulawesi Selatan,Makassar,3110580
01-01-2022,PHI Mini Market - Makassar 01,Eriq Menawan,P,Sayur-Sayuran,kentang 1 kg,Sulawesi Selatan,Makassar,2762600
01-01-2022,PHI Mini Market - Makassar 01,Eriq Menawan,P,Sayur-Sayuran,ketimun 1 kg,Sulawesi Selatan,Makassar,796030
01-01-2022,PHI Mini Market - Makassar 01,Eriq Menawan,P,Sayur-Sayuran,kobis 1 kg,Sulawesi Selatan,Makassar,347490
01-01-2022,PHI Mini Market - Makassar 01,Eriq Menawan,P,Sayur-Sayuran,tomat 1 kg,Sulawesi Selatan,Makassar,1770520
01-01-2022,PHI Mini Market - Makassar 01,Eriq Menawan,P,Sayur-Sayuran,ubi jalar 1 kg,Sulawesi Selatan,Makassar,246910
01-01-2022,PHI Mini Market - Makassar 01,Eriq Menawan,P,Sayur-Sayuran,ubi kayu basah 1 kg,Sulawesi Selatan,Makassar,393540
01-01-2022,PHI Mini Market - Makassar 01,Eriq Menawan,P,Sayur-Sayuran,wortel 1 kg,Sulawesi Selatan,Makassar,1129090
01-01-2022,PHI Mini Market - Makassar 01,Ferdy Tenteram,P,Buah,alpukat 1 kg,Sulawesi Selatan,Makassar,2334240
01-01-2022,PHI Mini Market - Makassar 01,Ferdy Tenteram,P,Buah,apel 1 kg,Sulawesi Selatan,Makassar,18410050
01-01-2022,PHI Mini Market - Makassar 01,Ferdy Tenteram,P,Buah,belimbing 1 kg,Sulawesi Selatan,Makassar,1122160
01-01-2022,PHI Mini Market - Makassar 01,Ferdy Tenteram,P,Buah,durian 1 kg,Sulawesi Selatan,Makassar,4373430
01-01-2022,PHI Mini Market - Makassar 01,Ferdy Tenteram,P,Buah,jeruk 1 kg,Sulawesi Selatan,Makassar,4423200
01-01-2022,PHI Mini Market - Makassar 01,Ferdy Tenteram,P,Buah,kelapa muda,Sulawesi Selatan,Makassar,1456800
01-01-2022,PHI Mini Market - Makassar 01,Ferdy Tenteram,P,Buah,mangga 1 kg,Sulawesi Selatan,Makassar,4669450
01-01-2022,PHI Mini Market - Makassar 01,Ferdy Tenteram,P,Makanan & Minuman,air mineral 600 ml,Sulawesi Selatan,Makassar,427500
01-01-2022,PHI Mini Market - Makassar 01,Ferdy Tenteram,P,Makanan & Minuman,bumbu fried chicken,Sulawesi Selatan,Makassar,5927940
01-01-2022,PHI Mini Market - Makassar 01,Ferdy Tenteram,P,Makanan & Minuman,jus kesehatan 600 ml,Sulawesi Selatan,Makassar,2716340
01-01-2022,PHI Mini Market - Makassar 01,Ferdy Tenteram,P,Makanan & Minuman,kacang goreng 1 kg,Sulawesi Selatan,Makassar,3583670
01-01-2022,PHI Mini Market - Makassar 01,Ferdy Tenteram,P,Makanan & Minuman,kacang mete 1 kg,Sulawesi Selatan,Makassar,34961800
01-01-2022,PHI Mini Market - Makassar 01,Ferdy Tenteram,P,Makanan & Minuman,markisa 600 ml,Sulawesi Selatan,Makassar,5787450
01-01-2022,PHI Mini Market - Makassar 01,Ferdy Tenteram,P,Makanan & Minuman,mie instant 1 kotak (40 bungkus),Sulawesi Selatan,Makassar,34549580
01-01-2022,PHI Mini Market - Makassar 01,Ferdy Tenteram,P,Makanan & Minuman,minuman probiotik,Sulawesi Selatan,Makassar,315930
01-01-2022,PHI Mini Market - Makassar 01,Ferdy Tenteram,P,Makanan & Minuman,nasi goreng instant (1 ons),Sulawesi Selatan,Makassar,2145770
01-01-2022,PHI Mini Market - Makassar 01,Ferdy Tenteram,P,Makanan & Minuman,snack gurih 1 ons,Sulawesi Selatan,Makassar,1779170
01-01-2022,PHI Mini Market - Makassar 01,Ferdy Tenteram,P,Makanan & Minuman,susu kotak (800 ml),Sulawesi Selatan,Makassar,3923930
01-01-2022,PHI Mini Market - Makassar 01,Ferdy Tenteram,P,Makanan & Minuman,susu kotak 1 l,Sulawesi Selatan,Makassar,3050840
01-01-2022,PHI Mini Market - Makassar 01,Ferdy Tenteram,P,Makanan & Minuman,telur ayam kampung 1 kg,Sulawesi Selatan,Makassar,7262090
01-01-2022,PHI Mini Market - Makassar 01,Ferdy Tenteram,P,Makanan & Minuman,telur ayam ras 1 kg,Sulawesi Selatan,Makassar,2922380
01-01-2022,PHI Mini Market - Makassar 01,Ferdy Tenteram,P,Sayur-Sayuran,bawang merah 1 kg,Sulawesi Selatan,Makassar,3581530
01-01-2022,PHI Mini Market - Makassar 01,Ferdy Tenteram,P,Sayur-Sayuran,bawang putih 1 kg,Sulawesi Selatan,Makassar,1340600
01-01-2022,PHI Mini Market - Makassar 01,Ferdy Tenteram,P,Sayur-Sayuran,buncis 1 kg,Sulawesi Selatan,Makassar,1892880
01-01-2022,PHI Mini Market - Makassar 01,Ferdy Tenteram,P,Sayur-Sayuran,kacang hijau 1 kg,Sulawesi Selatan,Makassar,1070070
01-01-2022,PHI Mini Market - Makassar 01,Ferdy Tenteram,P,Sayur-Sayuran,kacang panjang 1 kg,Sulawesi Selatan,Makassar,2401980
01-01-2022,PHI Mini Market - Makassar 01,Ferdy Tenteram,P,Sayur-Sayuran,kentang 1 kg,Sulawesi Selatan,Makassar,2009030
01-01-2022,PHI Mini Market - Makassar 01,Ferdy Tenteram,P,Sayur-Sayuran,ketimun 1 kg,Sulawesi Selatan,Makassar,1532470
01-01-2022,PHI Mini Market - Makassar 01,Ferdy Tenteram,P,Sayur-Sayuran,kobis 1 kg,Sulawesi Selatan,Makassar,366130
01-01-2022,PHI Mini Market - Makassar 01,Ferdy Tenteram,P,Sayur-Sayuran,tomat 1 kg,Sulawesi Selatan,Makassar,1588890
01-01-2022,PHI Mini Market - Makassar 01,Ferdy Tenteram,P,Sayur-Sayuran,ubi jalar 1 kg,Sulawesi Selatan,Makassar,339290
01-01-2022,PHI Mini Market - Makassar 01,Ferdy Tenteram,P,Sayur-Sayuran,ubi kayu basah 1 kg,Sulawesi Selatan,Makassar,291110
01-01-2022,PHI Mini Market - Makassar 01,Ferdy Tenteram,P,Sayur-Sayuran,wortel 1 kg,Sulawesi Selatan,Makassar,720620
01-01-2022,PHI Mini Market - Makassar 01,Galang Terang,P,Buah,alpukat 1 kg,Sulawesi Selatan,Makassar,1635730
01-01-2022,PHI Mini Market - Makassar 01,Galang Terang,P,Buah,apel 1 kg,Sulawesi Selatan,Makassar,17754550
01-01-2022,PHI Mini Market - Makassar 01,Galang Terang,P,Buah,belimbing 1 kg,Sulawesi Selatan,Makassar,1252390
01-01-2022,PHI Mini Market - Makassar 01,Galang Terang,P,Buah,durian 1 kg,Sulawesi Selatan,Makassar,7536800
01-01-2022,PHI Mini Market - Makassar 01,Galang Terang,P,Buah,jeruk 1 kg,Sulawesi Selatan,Makassar,3860520
01-01-2022,PHI Mini Market - Makassar 01,Galang Terang,P,Buah,kelapa muda,Sulawesi Selatan,Makassar,1337550
01-01-2022,PHI Mini Market - Makassar 01,Galang Terang,P,Buah,mangga 1 kg,Sulawesi Selatan,Makassar,3457360
01-01-2022,PHI Mini Market - Makassar 01,Galang Terang,P,Makanan & Minuman,air mineral 600 ml,Sulawesi Selatan,Makassar,360200
01-01-2022,PHI Mini Market - Makassar 01,Galang Terang,P,Makanan & Minuman,bumbu fried chicken,Sulawesi Selatan,Makassar,4715520
01-01-2022,PHI Mini Market - Makassar 01,Galang Terang,P,Makanan & Minuman,jus kesehatan 600 ml,Sulawesi Selatan,Makassar,4673810
01-01-2022,PHI Mini Market - Makassar 01,Galang Terang,P,Makanan & Minuman,kacang goreng 1 kg,Sulawesi Selatan,Makassar,3435560
01-01-2022,PHI Mini Market - Makassar 01,Galang Terang,P,Makanan & Minuman,kacang mete 1 kg,Sulawesi Selatan,Makassar,22037740
01-01-2022,PHI Mini Market - Makassar 01,Galang Terang,P,Makanan & Minuman,markisa 600 ml,Sulawesi Selatan,Makassar,4568670
01-01-2022,PHI Mini Market - Makassar 01,Galang Terang,P,Makanan & Minuman,mie instant 1 kotak (40 bungkus),Sulawesi Selatan,Makassar,30969870
01-01-2022,PHI Mini Market - Makassar 01,Galang Terang,P,Makanan & Minuman,minuman probiotik,Sulawesi Selatan,Makassar,197350
01-01-2022,PHI Mini Market - Makassar 01,Galang Terang,P,Makanan & Minuman,nasi goreng instant (1 ons),Sulawesi Selatan,Makassar,1737540
01-01-2022,PHI Mini Market - Makassar 01,Galang Terang,P,Makanan & Minuman,snack gurih 1 ons,Sulawesi Selatan,Makassar,1530910
01-01-2022,PHI Mini Market - Makassar 01,Galang Terang,P,Makanan & Minuman,susu kotak (800 ml),Sulawesi Selatan,Makassar,4161600
01-01-2022,PHI Mini Market - Makassar 01,Galang Terang,P,Makanan & Minuman,susu kotak 1 l,Sulawesi Selatan,Makassar,2619720
01-01-2022,PHI Mini Market - Makassar 01,Galang Terang,P,Makanan & Minuman,telur ayam kampung 1 kg,Sulawesi Selatan,Makassar,4046530
01-01-2022,PHI Mini Market - Makassar 01,Galang Terang,P,Makanan & Minuman,telur ayam ras 1 kg,Sulawesi Selatan,Makassar,4050270
01-01-2022,PHI Mini Market - Makassar 01,Galang Terang,P,Sayur-Sayuran,bawang merah 1 kg,Sulawesi Selatan,Makassar,2605910
01-01-2022,PHI Mini Market - Makassar 01,Galang Terang,P,Sayur-Sayuran,bawang putih 1 kg,Sulawesi Selatan,Makassar,1504770
01-01-2022,PHI Mini Market - Makassar 01,Galang Terang,P,Sayur-Sayuran,buncis 1 kg,Sulawesi Selatan,Makassar,2380390
01-01-2022,PHI Mini Market - Makassar 01,Galang Terang,P,Sayur-Sayuran,kacang hijau 1 kg,Sulawesi Selatan,Makassar,1767610
01-01-2022,PHI Mini Market - Makassar 01,Galang Terang,P,Sayur-Sayuran,kacang panjang 1 kg,Sulawesi Selatan,Makassar,1585720
01-01-2022,PHI Mini Market - Makassar 01,Galang Terang,P,Sayur-Sayuran,kentang 1 kg,Sulawesi Selatan,Makassar,2363800
01-01-2022,PHI Mini Market - Makassar 01,Galang Terang,P,Sayur-Sayuran,ketimun 1 kg,Sulawesi Selatan,Makassar,903990
01-01-2022,PHI Mini Market - Makassar 01,Galang Terang,P,Sayur-Sayuran,kobis 1 kg,Sulawesi Selatan,Makassar,277160
01-01-2022,PHI Mini Market - Makassar 01,Galang Terang,P,Sayur-Sayuran,tomat 1 kg,Sulawesi Selatan,Makassar,1284300
01-01-2022,PHI Mini Market - Makassar 01,Galang Terang,P,Sayur-Sayuran,ubi jalar 1 kg,Sulawesi Selatan,Makassar,264320
01-01-2022,PHI Mini Market - Makassar 01,Galang Terang,P,Sayur-Sayuran,ubi kayu basah 1 kg,Sulawesi Selatan,Makassar,329050
01-01-2022,PHI Mini Market - Makassar 01,Galang Terang,P,Sayur-Sayuran,wortel 1 kg,Sulawesi Selatan,Makassar,968830
01-01-2022,PHI Mini Market - Makassar 01,Kristina Damai,W,Buah,alpukat 1 kg,Sulawesi Selatan,Makassar,1887820
01-01-2022,PHI Mini Market - Makassar 01,Kristina Damai,W,Buah,apel 1 kg,Sulawesi Selatan,Makassar,17907340
01-01-2022,PHI Mini Market - Makassar 01,Kristina Damai,W,Buah,belimbing 1 kg,Sulawesi Selatan,Makassar,1118450
01-01-2022,PHI Mini Market - Makassar 01,Kristina Damai,W,Buah,durian 1 kg,Sulawesi Selatan,Makassar,2664930
01-01-2022,PHI Mini Market - Makassar 01,Kristina Damai,W,Buah,jeruk 1 kg,Sulawesi Selatan,Makassar,3298300
01-01-2022,PHI Mini Market - Makassar 01,Kristina Damai,W,Buah,kelapa muda,Sulawesi Selatan,Makassar,1611200
01-01-2022,PHI Mini Market - Makassar 01,Kristina Damai,W,Buah,mangga 1 kg,Sulawesi Selatan,Makassar,5977520
01-01-2022,PHI Mini Market - Makassar 01,Kristina Damai,W,Makanan & Minuman,air mineral 600 ml,Sulawesi Selatan,Makassar,349520
01-01-2022,PHI Mini Market - Makassar 01,Kristina Damai,W,Makanan & Minuman,bumbu fried chicken,Sulawesi Selatan,Makassar,4991670
01-01-2022,PHI Mini Market - Makassar 01,Kristina Damai,W,Makanan & Minuman,jus kesehatan 600 ml,Sulawesi Selatan,Makassar,3225550
01-01-2022,PHI Mini Market - Makassar 01,Kristina Damai,W,Makanan & Minuman,kacang goreng 1 kg,Sulawesi Selatan,Makassar,2928980
01-01-2022,PHI Mini Market - Makassar 01,Kristina Damai,W,Makanan & Minuman,kacang mete 1 kg,Sulawesi Selatan,Makassar,23722440
01-01-2022,PHI Mini Market - Makassar 01,Kristina Damai,W,Makanan & Minuman,markisa 600 ml,Sulawesi Selatan,Makassar,3740090
01-01-2022,PHI Mini Market - Makassar 01,Kristina Damai,W,Makanan & Minuman,mie instant 1 kotak (40 bungkus),Sulawesi Selatan,Makassar,38822650
01-01-2022,PHI Mini Market - Makassar 01,Kristina Damai,W,Makanan & Minuman,minuman probiotik,Sulawesi Selatan,Makassar,290480
01-01-2022,PHI Mini Market - Makassar 01,Kristina Damai,W,Makanan & Minuman,nasi goreng instant (1 ons),Sulawesi Selatan,Makassar,1729280
01-01-2022,PHI Mini Market - Makassar 01,Kristina Damai,W,Makanan & Minuman,snack gurih 1 ons,Sulawesi Selatan,Makassar,1550860
01-01-2022,PHI Mini Market - Makassar 01,Kristina Damai,W,Makanan & Minuman,susu kotak (800 ml),Sulawesi Selatan,Makassar,4044050
01-01-2022,PHI Mini Market - Makassar 01,Kristina Damai,W,Makanan & Minuman,susu kotak 1 l,Sulawesi Selatan,Makassar,3136820
01-01-2022,PHI Mini Market - Makassar 01,Kristina Damai,W,Makanan & Minuman,telur ayam kampung 1 kg,Sulawesi Selatan,Makassar,6981040
01-01-2022,PHI Mini Market - Makassar 01,Kristina Damai,W,Makanan & Minuman,telur ayam ras 1 kg,Sulawesi Selatan,Makassar,3933860
01-01-2022,PHI Mini Market - Makassar 01,Kristina Damai,W,Sayur-Sayuran,bawang merah 1 kg,Sulawesi Selatan,Makassar,4035750
01-01-2022,PHI Mini Market - Makassar 01,Kristina Damai,W,Sayur-Sayuran,bawang putih 1 kg,Sulawesi Selatan,Makassar,1345950
01-01-2022,PHI Mini Market - Makassar 01,Kristina Damai,W,Sayur-Sayuran,buncis 1 kg,Sulawesi Selatan,Makassar,1757770
01-01-2022,PHI Mini Market - Makassar 01,Kristina Damai,W,Sayur-Sayuran,kacang hijau 1 kg,Sulawesi Selatan,Makassar,2561220
01-01-2022,PHI Mini Market - Makassar 01,Kristina Damai,W,Sayur-Sayuran,kacang panjang 1 kg,Sulawesi Selatan,Makassar,2337720
01-01-2022,PHI Mini Market - Makassar 01,Kristina Damai,W,Sayur-Sayuran,kentang 1 kg,Sulawesi Selatan,Makassar,1540950
01-01-2022,PHI Mini Market - Makassar 01,Kristina Damai,W,Sayur-Sayuran,ketimun 1 kg,Sulawesi Selatan,Makassar,1545270
01-01-2022,PHI Mini Market - Makassar 01,Kristina Damai,W,Sayur-Sayuran,kobis 1 kg,Sulawesi Selatan,Makassar,222650
01-01-2022,PHI Mini Market - Makassar 01,Kristina Damai,W,Sayur-Sayuran,tomat 1 kg,Sulawesi Selatan,Makassar,1215080
01-01-2022,PHI Mini Market - Makassar 01,Kristina Damai,W,Sayur-Sayuran,ubi jalar 1 kg,Sulawesi Selatan,Makassar,433380
01-01-2022,PHI Mini Market - Makassar 01,Kristina Damai,W,Sayur-Sayuran,ubi kayu basah 1 kg,Sulawesi Selatan,Makassar,361910
01-01-2022,PHI Mini Market - Makassar 01,Kristina Damai,W,Sayur-Sayuran,wortel 1 kg,Sulawesi Selatan,Makassar,1275970
01-01-2022,PHI Mini Market - Makassar 01,Lastri Mardi,W,Buah,alpukat 1 kg,Sulawesi Selatan,Makassar,1746550
01-01-2022,PHI Mini Market - Makassar 01,Lastri Mardi,W,Buah,apel 1 kg,Sulawesi Selatan,Makassar,10959200
01-01-2022,PHI Mini Market - Makassar 01,Lastri Mardi,W,Buah,belimbing 1 kg,Sulawesi Selatan,Makassar,1244670
01-01-2022,PHI Mini Market - Makassar 01,Lastri Mardi,W,Buah,durian 1 kg,Sulawesi Selatan,Makassar,5774710
01-01-2022,PHI Mini Market - Makassar 01,Lastri Mardi,W,Buah,jeruk 1 kg,Sulawesi Selatan,Makassar,2857500
01-01-2022,PHI Mini Market - Makassar 01,Lastri Mardi,W,Buah,kelapa muda,Sulawesi Selatan,Makassar,1292670
01-01-2022,PHI Mini Market - Makassar 01,Lastri Mardi,W,Makanan & Minuman,air mineral 600 ml,Sulawesi Selatan,Makassar,449980
01-01-2022,PHI Mini Market - Makassar 01,Lastri Mardi,W,Makanan & Minuman,bumbu fried chicken,Sulawesi Selatan,Makassar,4540380
01-01-2022,PHI Mini Market - Makassar 01,Lastri Mardi,W,Makanan & Minuman,jus kesehatan 600 ml,Sulawesi Selatan,Makassar,2308840
01-01-2022,PHI Mini Market - Makassar 01,Lastri Mardi,W,Makanan & Minuman,kacang goreng 1 kg,Sulawesi Selatan,Makassar,3536930
01-01-2022,PHI Mini Market - Makassar 01,Lastri Mardi,W,Makanan & Minuman,kacang mete 1 kg,Sulawesi Selatan,Makassar,21313460
01-01-2022,PHI Mini Market - Makassar 01,Lastri Mardi,W,Makanan & Minuman,markisa 600 ml,Sulawesi Selatan,Makassar,4351660
01-01-2022,PHI Mini Market - Makassar 01,Lastri Mardi,W,Makanan & Minuman,mie instant 1 kotak (40 bungkus),Sulawesi Selatan,Makassar,28647100
01-01-2022,PHI Mini Market - Makassar 01,Lastri Mardi,W,Makanan & Minuman,minuman probiotik,Sulawesi Selatan,Makassar,206220
01-01-2022,PHI Mini Market - Makassar 01,Lastri Mardi,W,Makanan & Minuman,nasi goreng instant (1 ons),Sulawesi Selatan,Makassar,2082430
01-01-2022,PHI Mini Market - Makassar 01,Lastri Mardi,W,Makanan & Minuman,snack gurih 1 ons,Sulawesi Selatan,Makassar,1920200
01-01-2022,PHI Mini Market - Makassar 01,Lastri Mardi,W,Makanan & Minuman,susu kotak (800 ml),Sulawesi Selatan,Makassar,4041990
01-01-2022,PHI Mini Market - Makassar 01,Lastri Mardi,W,Makanan & Minuman,susu kotak 1 l,Sulawesi Selatan,Makassar,3368220
01-01-2022,PHI Mini Market - Makassar 01,Lastri Mardi,W,Makanan & Minuman,telur ayam kampung 1 kg,Sulawesi Selatan,Makassar,4788580
01-01-2022,PHI Mini Market - Makassar 01,Lastri Mardi,W,Makanan & Minuman,telur ayam ras 1 kg,Sulawesi Selatan,Makassar,3639520
01-01-2022,PHI Mini Market - Makassar 01,Lastri Mardi,W,Sayur-Sayuran,bawang merah 1 kg,Sulawesi Selatan,Makassar,3969020
01-01-2022,PHI Mini Market - Makassar 01,Lastri Mardi,W,Sayur-Sayuran,bawang putih 1 kg,Sulawesi Selatan,Makassar,1366720
01-01-2022,PHI Mini Market - Makassar 01,Lastri Mardi,W,Sayur-Sayuran,buncis 1 kg,Sulawesi Selatan,Makassar,1881520
01-01-2022,PHI Mini Market - Makassar 01,Lastri Mardi,W,Sayur-Sayuran,kacang hijau 1 kg,Sulawesi Selatan,Makassar,3710970
01-01-2022,PHI Mini Market - Makassar 01,Lastri Mardi,W,Sayur-Sayuran,kacang panjang 1 kg,Sulawesi Selatan,Makassar,3169660
01-01-2022,PHI Mini Market - Makassar 01,Lastri Mardi,W,Sayur-Sayuran,kentang 1 kg,Sulawesi Selatan,Makassar,3197260
01-01-2022,PHI Mini Market - Makassar 01,Lastri Mardi,W,Sayur-Sayuran,ketimun 1 kg,Sulawesi Selatan,Makassar,1217910
01-01-2022,PHI Mini Market - Makassar 01,Lastri Mardi,W,Sayur-Sayuran,kobis 1 kg,Sulawesi Selatan,Makassar,350330
01-01-2022,PHI Mini Market - Makassar 01,Lastri Mardi,W,Sayur-Sayuran,tomat 1 kg,Sulawesi Selatan,Makassar,2082170
01-01-2022,PHI Mini Market - Makassar 01,Lastri Mardi,W,Sayur-Sayuran,ubi jalar 1 kg,Sulawesi Selatan,Makassar,287110
01-01-2022,PHI Mini Market - Makassar 01,Lastri Mardi,W,Sayur-Sayuran,ubi kayu basah 1 kg,Sulawesi Selatan,Makassar,343920
01-01-2022,PHI Mini Market - Makassar 01,Lastri Mardi,W,Sayur-Sayuran,wortel 1 kg,Sulawesi Selatan,Makassar,824150
01-01-2022,PHI Mini Market - Makassar 01,Mawar Mardi,W,Buah,alpukat 1 kg,Sulawesi Selatan,Makassar,1884290
01-01-2022,PHI Mini Market - Makassar 01,Mawar Mardi,W,Buah,apel 1 kg,Sulawesi Selatan,Makassar,13267540
01-01-2022,PHI Mini Market - Makassar 01,Mawar Mardi,W,Buah,belimbing 1 kg,Sulawesi Selatan,Makassar,769810
01-01-2022,PHI Mini Market - Makassar 01,Mawar Mardi,W,Buah,durian 1 kg,Sulawesi Selatan,Makassar,7401510
01-01-2022,PHI Mini Market - Makassar 01,Mawar Mardi,W,Buah,jeruk 1 kg,Sulawesi Selatan,Makassar,5026160
01-01-2022,PHI Mini Market - Makassar 01,Mawar Mardi,W,Buah,kelapa muda,Sulawesi Selatan,Makassar,1608010
01-01-2022,PHI Mini Market - Makassar 01,Mawar Mardi,W,Buah,mangga 1 kg,Sulawesi Selatan,Makassar,4940390
01-01-2022,PHI Mini Market - Makassar 01,Mawar Mardi,W,Makanan & Minuman,air mineral 600 ml,Sulawesi Selatan,Makassar,372130
01-01-2022,PHI Mini Market - Makassar 01,Mawar Mardi,W,Makanan & Minuman,bumbu fried chicken,Sulawesi Selatan,Makassar,3295020
01-01-2022,PHI Mini Market - Makassar 01,Mawar Mardi,W,Makanan & Minuman,jus kesehatan 600 ml,Sulawesi Selatan,Makassar,3370620
01-01-2022,PHI Mini Market - Makassar 01,Mawar Mardi,W,Makanan & Minuman,kacang goreng 1 kg,Sulawesi Selatan,Makassar,3794930
01-01-2022,PHI Mini Market - Makassar 01,Mawar Mardi,W,Makanan & Minuman,kacang mete 1 kg,Sulawesi Selatan,Makassar,24431230
01-01-2022,PHI Mini Market - Makassar 01,Mawar Mardi,W,Makanan & Minuman,markisa 600 ml,Sulawesi Selatan,Makassar,4679970
01-01-2022,PHI Mini Market - Makassar 01,Mawar Mardi,W,Makanan & Minuman,mie instant 1 kotak (40 bungkus),Sulawesi Selatan,Makassar,26380620
01-01-2022,PHI Mini Market - Makassar 01,Mawar Mardi,W,Makanan & Minuman,minuman probiotik,Sulawesi Selatan,Makassar,284320
01-01-2022,PHI Mini Market - Makassar 01,Mawar Mardi,W,Makanan & Minuman,nasi goreng instant (1 ons),Sulawesi Selatan,Makassar,1846350
01-01-2022,PHI Mini Market - Makassar 01,Mawar Mardi,W,Makanan & Minuman,snack gurih 1 ons,Sulawesi Selatan,Makassar,1861410
01-01-2022,PHI Mini Market - Makassar 01,Mawar Mardi,W,Makanan & Minuman,susu kotak (800 ml),Sulawesi Selatan,Makassar,3927050
01-01-2022,PHI Mini Market - Makassar 01,Mawar Mardi,W,Makanan & Minuman,susu kotak 1 l,Sulawesi Selatan,Makassar,3756080
01-01-2022,PHI Mini Market - Makassar 01,Mawar Mardi,W,Makanan & Minuman,telur ayam kampung 1 kg,Sulawesi Selatan,Makassar,6710800
01-01-2022,PHI Mini Market - Makassar 01,Mawar Mardi,W,Makanan & Minuman,telur ayam ras 1 kg,Sulawesi Selatan,Makassar,2303540
01-01-2022,PHI Mini Market - Makassar 01,Mawar Mardi,W,Sayur-Sayuran,bawang merah 1 kg,Sulawesi Selatan,Makassar,2168870
01-01-2022,PHI Mini Market - Makassar 01,Mawar Mardi,W,Sayur-Sayuran,bawang putih 1 kg,Sulawesi Selatan,Makassar,1584830
01-01-2022,PHI Mini Market - Makassar 01,Mawar Mardi,W,Sayur-Sayuran,buncis 1 kg,Sulawesi Selatan,Makassar,1668940
01-01-2022,PHI Mini Market - Makassar 01,Mawar Mardi,W,Sayur-Sayuran,kacang hijau 1 kg,Sulawesi Selatan,Makassar,2707840
01-01-2022,PHI Mini Market - Makassar 01,Mawar Mardi,W,Sayur-Sayuran,kacang panjang 1 kg,Sulawesi Selatan,Makassar,2725290
01-01-2022,PHI Mini Market - Makassar 01,Mawar Mardi,W,Sayur-Sayuran,kentang 1 kg,Sulawesi Selatan,Makassar,3087680
01-01-2022,PHI Mini Market - Makassar 01,Mawar Mardi,W,Sayur-Sayuran,ketimun 1 kg,Sulawesi Selatan,Makassar,1418510
01-01-2022,PHI Mini Market - Makassar 01,Mawar Mardi,W,Sayur-Sayuran,kobis 1 kg,Sulawesi Selatan,Makassar,378000
01-01-2022,PHI Mini Market - Makassar 01,Mawar Mardi,W,Sayur-Sayuran,tomat 1 kg,Sulawesi Selatan,Makassar,1199860
01-01-2022,PHI Mini Market - Makassar 01,Mawar Mardi,W,Sayur-Sayuran,ubi jalar 1 kg,Sulawesi Selatan,Makassar,394910
01-01-2022,PHI Mini Market - Makassar 01,Mawar Mardi,W,Sayur-Sayuran,ubi kayu basah 1 kg,Sulawesi Selatan,Makassar,393980
01-01-2022,PHI Mini Market - Makassar 01,Mawar Mardi,W,Sayur-Sayuran,wortel 1 kg,Sulawesi Selatan,Makassar,1288940
01-01-2022,PHI Mini Market - Makassar 01,Niken Setiawan,W,Buah,alpukat 1 kg,Sulawesi Selatan,Makassar,2209020
01-01-2022,PHI Mini Market - Makassar 01,Niken Setiawan,W,Buah,apel 1 kg,Sulawesi Selatan,Makassar,16970790
01-01-2022,PHI Mini Market - Makassar 01,Niken Setiawan,W,Buah,belimbing 1 kg,Sulawesi Selatan,Makassar,1221940
01-01-2022,PHI Mini Market - Makassar 01,Niken Setiawan,W,Buah,durian 1 kg,Sulawesi Selatan,Makassar,6547360
01-01-2022,PHI Mini Market - Makassar 01,Niken Setiawan,W,Buah,jeruk 1 kg,Sulawesi Selatan,Makassar,3733540
01-01-2022,PHI Mini Market - Makassar 01,Niken Setiawan,W,Buah,kelapa muda,Sulawesi Selatan,Makassar,1579940
01-01-2022,PHI Mini Market - Makassar 01,Niken Setiawan,W,Makanan & Minuman,air mineral 600 ml,Sulawesi Selatan,Makassar,315740
01-01-2022,PHI Mini Market - Makassar 01,Niken Setiawan,W,Makanan & Minuman,bumbu fried chicken,Sulawesi Selatan,Makassar,4651590
01-01-2022,PHI Mini Market - Makassar 01,Niken Setiawan,W,Makanan & Minuman,jus kesehatan 600 ml,Sulawesi Selatan,Makassar,3719940
01-01-2022,PHI Mini Market - Makassar 01,Niken Setiawan,W,Makanan & Minuman,kacang goreng 1 kg,Sulawesi Selatan,Makassar,3440130
01-01-2022,PHI Mini Market - Makassar 01,Niken Setiawan,W,Makanan & Minuman,kacang mete 1 kg,Sulawesi Selatan,Makassar,27983710
01-01-2022,PHI Mini Market - Makassar 01,Niken Setiawan,W,Makanan & Minuman,markisa 600 ml,Sulawesi Selatan,Makassar,4679370
01-01-2022,PHI Mini Market - Makassar 01,Niken Setiawan,W,Makanan & Minuman,mie instant 1 kotak (40 bungkus),Sulawesi Selatan,Makassar,36957560
01-01-2022,PHI Mini Market - Makassar 01,Niken Setiawan,W,Makanan & Minuman,minuman probiotik,Sulawesi Selatan,Makassar,320240
01-01-2022,PHI Mini Market - Makassar 01,Niken Setiawan,W,Makanan & Minuman,nasi goreng instant (1 ons),Sulawesi Selatan,Makassar,1819180
01-01-2022,PHI Mini Market - Makassar 01,Niken Setiawan,W,Makanan & Minuman,snack gurih 1 ons,Sulawesi Selatan,Makassar,1630900
01-01-2022,PHI Mini Market - Makassar 01,Niken Setiawan,W,Makanan & Minuman,susu kotak (800 ml),Sulawesi Selatan,Makassar,5066420
01-01-2022,PHI Mini Market - Makassar 01,Niken Setiawan,W,Makanan & Minuman,susu kotak 1 l,Sulawesi Selatan,Makassar,3169640
01-01-2022,PHI Mini Market - Makassar 01,Niken Setiawan,W,Makanan & Minuman,telur ayam kampung 1 kg,Sulawesi Selatan,Makassar,8466480
01-01-2022,PHI Mini Market - Makassar 01,Niken Setiawan,W,Makanan & Minuman,telur ayam ras 1 kg,Sulawesi Selatan,Makassar,3903090
01-01-2022,PHI Mini Market - Makassar 01,Niken Setiawan,W,Sayur-Sayuran,bawang merah 1 kg,Sulawesi Selatan,Makassar,3664690
01-01-2022,PHI Mini Market - Makassar 01,Niken Setiawan,W,Sayur-Sayuran,bawang putih 1 kg,Sulawesi Selatan,Makassar,1144140
01-01-2022,PHI Mini Market - Makassar 01,Niken Setiawan,W,Sayur-Sayuran,buncis 1 kg,Sulawesi Selatan,Makassar,1679150
01-01-2022,PHI Mini Market - Makassar 01,Niken Setiawan,W,Sayur-Sayuran,kacang hijau 1 kg,Sulawesi Selatan,Makassar,1887770
01-01-2022,PHI Mini Market - Makassar 01,Niken Setiawan,W,Sayur-Sayuran,kacang panjang 1 kg,Sulawesi Selatan,Makassar,2419240
01-01-2022,PHI Mini Market - Makassar 01,Niken Setiawan,W,Sayur-Sayuran,kentang 1 kg,Sulawesi Selatan,Makassar,3243040
01-01-2022,PHI Mini Market - Makassar 01,Niken Setiawan,W,Sayur-Sayuran,ketimun 1 kg,Sulawesi Selatan,Makassar,1635730
01-01-2022,PHI Mini Market - Makassar 01,Niken Setiawan,W,Sayur-Sayuran,kobis 1 kg,Sulawesi Selatan,Makassar,393970
01-01-2022,PHI Mini Market - Makassar 01,Niken Setiawan,W,Sayur-Sayuran,tomat 1 kg,Sulawesi Selatan,Makassar,1753690
01-01-2022,PHI Mini Market - Makassar 01,Niken Setiawan,W,Sayur-Sayuran,ubi jalar 1 kg,Sulawesi Selatan,Makassar,443060
01-01-2022,PHI Mini Market - Makassar 01,Niken Setiawan,W,Sayur-Sayuran,ubi kayu basah 1 kg,Sulawesi Selatan,Makassar,414820
01-01-2022,PHI Mini Market - Makassar 01,Niken Setiawan,W,Sayur-Sayuran,wortel 1 kg,Sulawesi Selatan,Makassar,745110
01-01-2022,PHI Mini Market - Surabaya 01,Aris Siberut,P,Buah,alpukat 1 kg,Jawa Timur,Surabaya,1299600
01-01-2022,PHI Mini Market - Surabaya 01,Aris Siberut,P,Buah,apel 1 kg,Jawa Timur,Surabaya,14041060
01-01-2022,PHI Mini Market - Surabaya 01,Aris Siberut,P,Buah,belimbing 1 kg,Jawa Timur,Surabaya,1309720
01-01-2022,PHI Mini Market - Surabaya 01,Aris Siberut,P,Buah,durian 1 kg,Jawa Timur,Surabaya,5544710
01-01-2022,PHI Mini Market - Surabaya 01,Aris Siberut,P,Buah,jeruk 1 kg,Jawa Timur,Surabaya,4388670
01-01-2022,PHI Mini Market - Surabaya 01,Aris Siberut,P,Buah,kelapa muda,Jawa Timur,Surabaya,1319710
01-01-2022,PHI Mini Market - Surabaya 01,Aris Siberut,P,Makanan & Minuman,air mineral 600 ml,Jawa Timur,Surabaya,333420
01-01-2022,PHI Mini Market - Surabaya 01,Aris Siberut,P,Makanan & Minuman,bumbu fried chicken,Jawa Timur,Surabaya,4545510
01-01-2022,PHI Mini Market - Surabaya 01,Aris Siberut,P,Makanan & Minuman,jus kesehatan 600 ml,Jawa Timur,Surabaya,3571990
01-01-2022,PHI Mini Market - Surabaya 01,Aris Siberut,P,Makanan & Minuman,kacang goreng 1 kg,Jawa Timur,Surabaya,4791070
01-01-2022,PHI Mini Market - Surabaya 01,Aris Siberut,P,Makanan & Minuman,kacang mete 1 kg,Jawa Timur,Surabaya,19362720
01-01-2022,PHI Mini Market - Surabaya 01,Aris Siberut,P,Makanan & Minuman,markisa 600 ml,Jawa Timur,Surabaya,5206220
01-01-2022,PHI Mini Market - Surabaya 01,Aris Siberut,P,Makanan & Minuman,mie instant 1 kotak (40 bungkus),Jawa Timur,Surabaya,31515240
01-01-2022,PHI Mini Market - Surabaya 01,Aris Siberut,P,Makanan & Minuman,minuman probiotik,Jawa Timur,Surabaya,235370
01-01-2022,PHI Mini Market - Surabaya 01,Aris Siberut,P,Makanan & Minuman,nasi goreng instant (1 ons),Jawa Timur,Surabaya,1523180
01-01-2022,PHI Mini Market - Surabaya 01,Aris Siberut,P,Makanan & Minuman,snack gurih 1 ons,Jawa Timur,Surabaya,1960230
01-01-2022,PHI Mini Market - Surabaya 01,Aris Siberut,P,Makanan & Minuman,susu kotak (800 ml),Jawa Timur,Surabaya,2405170
01-01-2022,PHI Mini Market - Surabaya 01,Aris Siberut,P,Makanan & Minuman,susu kotak 1 l,Jawa Timur,Surabaya,4420320
01-01-2022,PHI Mini Market - Surabaya 01,Aris Siberut,P,Makanan & Minuman,telur ayam kampung 1 kg,Jawa Timur,Surabaya,6397230
01-01-2022,PHI Mini Market - Surabaya 01,Aris Siberut,P,Makanan & Minuman,telur ayam ras 1 kg,Jawa Timur,Surabaya,2909930
01-01-2022,PHI Mini Market - Surabaya 01,Aris Siberut,P,Sayur-Sayuran,bawang merah 1 kg,Jawa Timur,Surabaya,4635250
01-01-2022,PHI Mini Market - Surabaya 01,Aris Siberut,P,Sayur-Sayuran,bawang putih 1 kg,Jawa Timur,Surabaya,1019550
01-01-2022,PHI Mini Market - Surabaya 01,Aris Siberut,P,Sayur-Sayuran,buncis 1 kg,Jawa Timur,Surabaya,1741360
01-01-2022,PHI Mini Market - Surabaya 01,Aris Siberut,P,Sayur-Sayuran,kacang hijau 1 kg,Jawa Timur,Surabaya,1740990
01-01-2022,PHI Mini Market - Surabaya 01,Aris Siberut,P,Sayur-Sayuran,kacang panjang 1 kg,Jawa Timur,Surabaya,3393840
01-01-2022,PHI Mini Market - Surabaya 01,Aris Siberut,P,Sayur-Sayuran,kentang 1 kg,Jawa Timur,Surabaya,2951470
01-01-2022,PHI Mini Market - Surabaya 01,Aris Siberut,P,Sayur-Sayuran,ketimun 1 kg,Jawa Timur,Surabaya,1453780
01-01-2022,PHI Mini Market - Surabaya 01,Aris Siberut,P,Sayur-Sayuran,kobis 1 kg,Jawa Timur,Surabaya,338520
01-01-2022,PHI Mini Market - Surabaya 01,Aris Siberut,P,Sayur-Sayuran,tomat 1 kg,Jawa Timur,Surabaya,1481160
01-01-2022,PHI Mini Market - Surabaya 01,Aris Siberut,P,Sayur-Sayuran,ubi jalar 1 kg,Jawa Timur,Surabaya,421550
01-01-2022,PHI Mini Market - Surabaya 01,Aris Siberut,P,Sayur-Sayuran,ubi kayu basah 1 kg,Jawa Timur,Surabaya,375450
01-01-2022,PHI Mini Market - Surabaya 01,Aris Siberut,P,Sayur-Sayuran,wortel 1 kg,Jawa Timur,Surabaya,1126840
01-01-2022,PHI Mini Market - Surabaya 01,Ayu Pekerti,W,Buah,alpukat 1 kg,Jawa Timur,Surabaya,2347060
01-01-2022,PHI Mini Market - Surabaya 01,Ayu Pekerti,W,Buah,apel 1 kg,Jawa Timur,Surabaya,20048930
01-01-2022,PHI Mini Market - Surabaya 01,Ayu Pekerti,W,Buah,belimbing 1 kg,Jawa Timur,Surabaya,1169160
01-01-2022,PHI Mini Market - Surabaya 01,Ayu Pekerti,W,Buah,durian 1 kg,Jawa Timur,Surabaya,5343380
01-01-2022,PHI Mini Market - Surabaya 01,Ayu Pekerti,W,Buah,jeruk 1 kg,Jawa Timur,Surabaya,4155690
01-01-2022,PHI Mini Market - Surabaya 01,Ayu Pekerti,W,Buah,kelapa muda,Jawa Timur,Surabaya,1325540
01-01-2022,PHI Mini Market - Surabaya 01,Ayu Pekerti,W,Buah,mangga 1 kg,Jawa Timur,Surabaya,4665350
01-01-2022,PHI Mini Market - Surabaya 01,Ayu Pekerti,W,Makanan & Minuman,air mineral 600 ml,Jawa Timur,Surabaya,384270
01-01-2022,PHI Mini Market - Surabaya 01,Ayu Pekerti,W,Makanan & Minuman,bumbu fried chicken,Jawa Timur,Surabaya,5747190
01-01-2022,PHI Mini Market - Surabaya 01,Ayu Pekerti,W,Makanan & Minuman,jus kesehatan 600 ml,Jawa Timur,Surabaya,2972390
01-01-2022,PHI Mini Market - Surabaya 01,Ayu Pekerti,W,Makanan & Minuman,kacang goreng 1 kg,Jawa Timur,Surabaya,2756140
01-01-2022,PHI Mini Market - Surabaya 01,Ayu Pekerti,W,Makanan & Minuman,kacang mete 1 kg,Jawa Timur,Surabaya,27086450
01-01-2022,PHI Mini Market - Surabaya 01,Ayu Pekerti,W,Makanan & Minuman,markisa 600 ml,Jawa Timur,Surabaya,4334430
01-01-2022,PHI Mini Market - Surabaya 01,Ayu Pekerti,W,Makanan & Minuman,mie instant 1 kotak (40 bungkus),Jawa Timur,Surabaya,17702370
01-01-2022,PHI Mini Market - Surabaya 01,Ayu Pekerti,W,Makanan & Minuman,minuman probiotik,Jawa Timur,Surabaya,416820
01-01-2022,PHI Mini Market - Surabaya 01,Ayu Pekerti,W,Makanan & Minuman,nasi goreng instant (1 ons),Jawa Timur,Surabaya,1574140
01-01-2022,PHI Mini Market - Surabaya 01,Ayu Pekerti,W,Makanan & Minuman,snack gurih 1 ons,Jawa Timur,Surabaya,1696300
01-01-2022,PHI Mini Market - Surabaya 01,Ayu Pekerti,W,Makanan & Minuman,susu kotak (800 ml),Jawa Timur,Surabaya,3244060
01-01-2022,PHI Mini Market - Surabaya 01,Ayu Pekerti,W,Makanan & Minuman,susu kotak 1 l,Jawa Timur,Surabaya,3983000
01-01-2022,PHI Mini Market - Surabaya 01,Ayu Pekerti,W,Makanan & Minuman,telur ayam kampung 1 kg,Jawa Timur,Surabaya,6619720
01-01-2022,PHI Mini Market - Surabaya 01,Ayu Pekerti,W,Makanan & Minuman,telur ayam ras 1 kg,Jawa Timur,Surabaya,3576360
01-01-2022,PHI Mini Market - Surabaya 01,Ayu Pekerti,W,Sayur-Sayuran,bawang merah 1 kg,Jawa Timur,Surabaya,3007510
01-01-2022,PHI Mini Market - Surabaya 01,Ayu Pekerti,W,Sayur-Sayuran,bawang putih 1 kg,Jawa Timur,Surabaya,1362040
01-01-2022,PHI Mini Market - Surabaya 01,Ayu Pekerti,W,Sayur-Sayuran,buncis 1 kg,Jawa Timur,Surabaya,2109980
01-01-2022,PHI Mini Market - Surabaya 01,Ayu Pekerti,W,Sayur-Sayuran,kacang hijau 1 kg,Jawa Timur,Surabaya,2386780
01-01-2022,PHI Mini Market - Surabaya 01,Ayu Pekerti,W,Sayur-Sayuran,kacang panjang 1 kg,Jawa Timur,Surabaya,2381500
01-01-2022,PHI Mini Market - Surabaya 01,Ayu Pekerti,W,Sayur-Sayuran,kentang 1 kg,Jawa Timur,Surabaya,2293270
01-01-2022,PHI Mini Market - Surabaya 01,Ayu Pekerti,W,Sayur-Sayuran,ketimun 1 kg,Jawa Timur,Surabaya,1520150
01-01-2022,PHI Mini Market - Surabaya 01,Ayu Pekerti,W,Sayur-Sayuran,kobis 1 kg,Jawa Timur,Surabaya,407590
01-01-2022,PHI Mini Market - Surabaya 01,Ayu Pekerti,W,Sayur-Sayuran,tomat 1 kg,Jawa Timur,Surabaya,2140670
01-01-2022,PHI Mini Market - Surabaya 01,Ayu Pekerti,W,Sayur-Sayuran,ubi jalar 1 kg,Jawa Timur,Surabaya,387760
01-01-2022,PHI Mini Market - Surabaya 01,Ayu Pekerti,W,Sayur-Sayuran,ubi kayu basah 1 kg,Jawa Timur,Surabaya,350690
01-01-2022,PHI Mini Market - Surabaya 01,Ayu Pekerti,W,Sayur-Sayuran,wortel 1 kg,Jawa Timur,Surabaya,843970
01-01-2022,PHI Mini Market - Surabaya 01,Budi Tenteram,P,Buah,alpukat 1 kg,Jawa Timur,Surabaya,1391540
01-01-2022,PHI Mini Market - Surabaya 01,Budi Tenteram,P,Buah,apel 1 kg,Jawa Timur,Surabaya,17042080
01-01-2022,PHI Mini Market - Surabaya 01,Budi Tenteram,P,Buah,belimbing 1 kg,Jawa Timur,Surabaya,877380
01-01-2022,PHI Mini Market - Surabaya 01,Budi Tenteram,P,Buah,durian 1 kg,Jawa Timur,Surabaya,5611290
01-01-2022,PHI Mini Market - Surabaya 01,Budi Tenteram,P,Buah,jeruk 1 kg,Jawa Timur,Surabaya,3761620
01-01-2022,PHI Mini Market - Surabaya 01,Budi Tenteram,P,Buah,kelapa muda,Jawa Timur,Surabaya,1350610
01-01-2022,PHI Mini Market - Surabaya 01,Budi Tenteram,P,Buah,mangga 1 kg,Jawa Timur,Surabaya,5203470
01-01-2022,PHI Mini Market - Surabaya 01,Budi Tenteram,P,Makanan & Minuman,air mineral 600 ml,Jawa Timur,Surabaya,275900
01-01-2022,PHI Mini Market - Surabaya 01,Budi Tenteram,P,Makanan & Minuman,bumbu fried chicken,Jawa Timur,Surabaya,4897200
01-01-2022,PHI Mini Market - Surabaya 01,Budi Tenteram,P,Makanan & Minuman,jus kesehatan 600 ml,Jawa Timur,Surabaya,3162910
01-01-2022,PHI Mini Market - Surabaya 01,Budi Tenteram,P,Makanan & Minuman,kacang goreng 1 kg,Jawa Timur,Surabaya,4020680
01-01-2022,PHI Mini Market - Surabaya 01,Budi Tenteram,P,Makanan & Minuman,kacang mete 1 kg,Jawa Timur,Surabaya,23895720
01-01-2022,PHI Mini Market - Surabaya 01,Budi Tenteram,P,Makanan & Minuman,markisa 600 ml,Jawa Timur,Surabaya,4078530
01-01-2022,PHI Mini Market - Surabaya 01,Budi Tenteram,P,Makanan & Minuman,mie instant 1 kotak (40 bungkus),Jawa Timur,Surabaya,39213360
01-01-2022,PHI Mini Market - Surabaya 01,Budi Tenteram,P,Makanan & Minuman,minuman probiotik,Jawa Timur,Surabaya,234090
01-01-2022,PHI Mini Market - Surabaya 01,Budi Tenteram,P,Makanan & Minuman,nasi goreng instant (1 ons),Jawa Timur,Surabaya,2004590
01-01-2022,PHI Mini Market - Surabaya 01,Budi Tenteram,P,Makanan & Minuman,snack gurih 1 ons,Jawa Timur,Surabaya,1948650
01-01-2022,PHI Mini Market - Surabaya 01,Budi Tenteram,P,Makanan & Minuman,susu kotak (800 ml),Jawa Timur,Surabaya,4039660
01-01-2022,PHI Mini Market - Surabaya 01,Budi Tenteram,P,Makanan & Minuman,susu kotak 1 l,Jawa Timur,Surabaya,3411340
01-01-2022,PHI Mini Market - Surabaya 01,Budi Tenteram,P,Makanan & Minuman,telur ayam kampung 1 kg,Jawa Timur,Surabaya,6235890
01-01-2022,PHI Mini Market - Surabaya 01,Budi Tenteram,P,Makanan & Minuman,telur ayam ras 1 kg,Jawa Timur,Surabaya,3914740
01-01-2022,PHI Mini Market - Surabaya 01,Budi Tenteram,P,Sayur-Sayuran,bawang merah 1 kg,Jawa Timur,Surabaya,3595020
01-01-2022,PHI Mini Market - Surabaya 01,Budi Tenteram,P,Sayur-Sayuran,bawang putih 1 kg,Jawa Timur,Surabaya,1613650
01-01-2022,PHI Mini Market - Surabaya 01,Budi Tenteram,P,Sayur-Sayuran,buncis 1 kg,Jawa Timur,Surabaya,1651290
01-01-2022,PHI Mini Market - Surabaya 01,Budi Tenteram,P,Sayur-Sayuran,kacang hijau 1 kg,Jawa Timur,Surabaya,2225760
01-01-2022,PHI Mini Market - Surabaya 01,Budi Tenteram,P,Sayur-Sayuran,kacang panjang 1 kg,Jawa Timur,Surabaya,2705120
01-01-2022,PHI Mini Market - Surabaya 01,Budi Tenteram,P,Sayur-Sayuran,kentang 1 kg,Jawa Timur,Surabaya,2133780
01-01-2022,PHI Mini Market - Surabaya 01,Budi Tenteram,P,Sayur-Sayuran,ketimun 1 kg,Jawa Timur,Surabaya,1870710
01-01-2022,PHI Mini Market - Surabaya 01,Budi Tenteram,P,Sayur-Sayuran,kobis 1 kg,Jawa Timur,Surabaya,168660
01-01-2022,PHI Mini Market - Surabaya 01,Budi Tenteram,P,Sayur-Sayuran,tomat 1 kg,Jawa Timur,Surabaya,1680890
01-01-2022,PHI Mini Market - Surabaya 01,Budi Tenteram,P,Sayur-Sayuran,ubi jalar 1 kg,Jawa Timur,Surabaya,326290
01-01-2022,PHI Mini Market - Surabaya 01,Budi Tenteram,P,Sayur-Sayuran,ubi kayu basah 1 kg,Jawa Timur,Surabaya,320160
01-01-2022,PHI Mini Market - Surabaya 01,Budi Tenteram,P,Sayur-Sayuran,wortel 1 kg,Jawa Timur,Surabaya,1162710
01-01-2022,PHI Mini Market - Surabaya 01,Galang Setiawan,P,Buah,alpukat 1 kg,Jawa Timur,Surabaya,2124210
01-01-2022,PHI Mini Market - Surabaya 01,Galang Setiawan,P,Buah,apel 1 kg,Jawa Timur,Surabaya,15772580
01-01-2022,PHI Mini Market - Surabaya 01,Galang Setiawan,P,Buah,belimbing 1 kg,Jawa Timur,Surabaya,1316480
01-01-2022,PHI Mini Market - Surabaya 01,Galang Setiawan,P,Buah,durian 1 kg,Jawa Timur,Surabaya,6504070
01-01-2022,PHI Mini Market - Surabaya 01,Galang Setiawan,P,Buah,jeruk 1 kg,Jawa Timur,Surabaya,4096830
01-01-2022,PHI Mini Market - Surabaya 01,Galang Setiawan,P,Buah,kelapa muda,Jawa Timur,Surabaya,685440
01-01-2022,PHI Mini Market - Surabaya 01,Galang Setiawan,P,Buah,mangga 1 kg,Jawa Timur,Surabaya,6004830
01-01-2022,PHI Mini Market - Surabaya 01,Galang Setiawan,P,Makanan & Minuman,air mineral 600 ml,Jawa Timur,Surabaya,341540
01-01-2022,PHI Mini Market - Surabaya 01,Galang Setiawan,P,Makanan & Minuman,bumbu fried chicken,Jawa Timur,Surabaya,5851290
01-01-2022,PHI Mini Market - Surabaya 01,Galang Setiawan,P,Makanan & Minuman,jus kesehatan 600 ml,Jawa Timur,Surabaya,2884340
01-01-2022,PHI Mini Market - Surabaya 01,Galang Setiawan,P,Makanan & Minuman,kacang goreng 1 kg,Jawa Timur,Surabaya,3263150
01-01-2022,PHI Mini Market - Surabaya 01,Galang Setiawan,P,Makanan & Minuman,kacang mete 1 kg,Jawa Timur,Surabaya,15932500
01-01-2022,PHI Mini Market - Surabaya 01,Galang Setiawan,P,Makanan & Minuman,markisa 600 ml,Jawa Timur,Surabaya,4186750
01-01-2022,PHI Mini Market - Surabaya 01,Galang Setiawan,P,Makanan & Minuman,mie instant 1 kotak (40 bungkus),Jawa Timur,Surabaya,35504910
01-01-2022,PHI Mini Market - Surabaya 01,Galang Setiawan,P,Makanan & Minuman,minuman probiotik,Jawa Timur,Surabaya,216710
01-01-2022,PHI Mini Market - Surabaya 01,Galang Setiawan,P,Makanan & Minuman,nasi goreng instant (1 ons),Jawa Timur,Surabaya,1841750
01-01-2022,PHI Mini Market - Surabaya 01,Galang Setiawan,P,Makanan & Minuman,snack gurih 1 ons,Jawa Timur,Surabaya,1782720
01-01-2022,PHI Mini Market - Surabaya 01,Galang Setiawan,P,Makanan & Minuman,susu kotak (800 ml),Jawa Timur,Surabaya,5025630
01-01-2022,PHI Mini Market - Surabaya 01,Galang Setiawan,P,Makanan & Minuman,susu kotak 1 l,Jawa Timur,Surabaya,2663340
01-01-2022,PHI Mini Market - Surabaya 01,Galang Setiawan,P,Makanan & Minuman,telur ayam kampung 1 kg,Jawa Timur,Surabaya,8014630
01-01-2022,PHI Mini Market - Surabaya 01,Galang Setiawan,P,Makanan & Minuman,telur ayam ras 1 kg,Jawa Timur,Surabaya,3852390
01-01-2022,PHI Mini Market - Surabaya 01,Galang Setiawan,P,Sayur-Sayuran,bawang merah 1 kg,Jawa Timur,Surabaya,4208020
01-01-2022,PHI Mini Market - Surabaya 01,Galang Setiawan,P,Sayur-Sayuran,bawang putih 1 kg,Jawa Timur,Surabaya,1192060
01-01-2022,PHI Mini Market - Surabaya 01,Galang Setiawan,P,Sayur-Sayuran,buncis 1 kg,Jawa Timur,Surabaya,2028020
01-01-2022,PHI Mini Market - Surabaya 01,Galang Setiawan,P,Sayur-Sayuran,kacang hijau 1 kg,Jawa Timur,Surabaya,2304960
01-01-2022,PHI Mini Market - Surabaya 01,Galang Setiawan,P,Sayur-Sayuran,kacang panjang 1 kg,Jawa Timur,Surabaya,1748920
01-01-2022,PHI Mini Market - Surabaya 01,Galang Setiawan,P,Sayur-Sayuran,kentang 1 kg,Jawa Timur,Surabaya,2778180
01-01-2022,PHI Mini Market - Surabaya 01,Galang Setiawan,P,Sayur-Sayuran,ketimun 1 kg,Jawa Timur,Surabaya,850270
01-01-2022,PHI Mini Market - Surabaya 01,Galang Setiawan,P,Sayur-Sayuran,kobis 1 kg,Jawa Timur,Surabaya,373420
01-01-2022,PHI Mini Market - Surabaya 01,Galang Setiawan,P,Sayur-Sayuran,tomat 1 kg,Jawa Timur,Surabaya,1722800
01-01-2022,PHI Mini Market - Surabaya 01,Galang Setiawan,P,Sayur-Sayuran,ubi jalar 1 kg,Jawa Timur,Surabaya,251270
01-01-2022,PHI Mini Market - Surabaya 01,Galang Setiawan,P,Sayur-Sayuran,ubi kayu basah 1 kg,Jawa Timur,Surabaya,300730
01-01-2022,PHI Mini Market - Surabaya 01,Galang Setiawan,P,Sayur-Sayuran,wortel 1 kg,Jawa Timur,Surabaya,875910
01-01-2022,PHI Mini Market - Surabaya 01,Harum Selangit,W,Buah,alpukat 1 kg,Jawa Timur,Surabaya,1381770
01-01-2022,PHI Mini Market - Surabaya 01,Harum Selangit,W,Buah,apel 1 kg,Jawa Timur,Surabaya,14645960
01-01-2022,PHI Mini Market - Surabaya 01,Harum Selangit,W,Buah,belimbing 1 kg,Jawa Timur,Surabaya,1317060
01-01-2022,PHI Mini Market - Surabaya 01,Harum Selangit,W,Buah,durian 1 kg,Jawa Timur,Surabaya,5006720
01-01-2022,PHI Mini Market - Surabaya 01,Harum Selangit,W,Buah,jeruk 1 kg,Jawa Timur,Surabaya,4714430
01-01-2022,PHI Mini Market - Surabaya 01,Harum Selangit,W,Buah,kelapa muda,Jawa Timur,Surabaya,1647040
01-01-2022,PHI Mini Market - Surabaya 01,Harum Selangit,W,Buah,mangga 1 kg,Jawa Timur,Surabaya,6318720
01-01-2022,PHI Mini Market - Surabaya 01,Harum Selangit,W,Makanan & Minuman,air mineral 600 ml,Jawa Timur,Surabaya,348180
01-01-2022,PHI Mini Market - Surabaya 01,Harum Selangit,W,Makanan & Minuman,bumbu fried chicken,Jawa Timur,Surabaya,6478560
01-01-2022,PHI Mini Market - Surabaya 01,Harum Selangit,W,Makanan & Minuman,jus kesehatan 600 ml,Jawa Timur,Surabaya,2308230
01-01-2022,PHI Mini Market - Surabaya 01,Harum Selangit,W,Makanan & Minuman,kacang goreng 1 kg,Jawa Timur,Surabaya,3573960
01-01-2022,PHI Mini Market - Surabaya 01,Harum Selangit,W,Makanan & Minuman,kacang mete 1 kg,Jawa Timur,Surabaya,22294730
01-01-2022,PHI Mini Market - Surabaya 01,Harum Selangit,W,Makanan & Minuman,markisa 600 ml,Jawa Timur,Surabaya,4492220
01-01-2022,PHI Mini Market - Surabaya 01,Harum Selangit,W,Makanan & Minuman,mie instant 1 kotak (40 bungkus),Jawa Timur,Surabaya,41877400
01-01-2022,PHI Mini Market - Surabaya 01,Harum Selangit,W,Makanan & Minuman,minuman probiotik,Jawa Timur,Surabaya,304170
01-01-2022,PHI Mini Market - Surabaya 01,Harum Selangit,W,Makanan & Minuman,nasi goreng instant (1 ons),Jawa Timur,Surabaya,2687390
01-01-2022,PHI Mini Market - Surabaya 01,Harum Selangit,W,Makanan & Minuman,snack gurih 1 ons,Jawa Timur,Surabaya,1000040
01-01-2022,PHI Mini Market - Surabaya 01,Harum Selangit,W,Makanan & Minuman,susu kotak (800 ml),Jawa Timur,Surabaya,2204320
01-01-2022,PHI Mini Market - Surabaya 01,Harum Selangit,W,Makanan & Minuman,susu kotak 1 l,Jawa Timur,Surabaya,3561920
01-01-2022,PHI Mini Market - Surabaya 01,Harum Selangit,W,Makanan & Minuman,telur ayam kampung 1 kg,Jawa Timur,Surabaya,6713610
01-01-2022,PHI Mini Market - Surabaya 01,Harum Selangit,W,Makanan & Minuman,telur ayam ras 1 kg,Jawa Timur,Surabaya,3272620
01-01-2022,PHI Mini Market - Surabaya 01,Harum Selangit,W,Sayur-Sayuran,bawang merah 1 kg,Jawa Timur,Surabaya,4114550
01-01-2022,PHI Mini Market - Surabaya 01,Harum Selangit,W,Sayur-Sayuran,bawang putih 1 kg,Jawa Timur,Surabaya,1428940
01-01-2022,PHI Mini Market - Surabaya 01,Harum Selangit,W,Sayur-Sayuran,buncis 1 kg,Jawa Timur,Surabaya,2075360
01-01-2022,PHI Mini Market - Surabaya 01,Harum Selangit,W,Sayur-Sayuran,kacang hijau 1 kg,Jawa Timur,Surabaya,1947560
01-01-2022,PHI Mini Market - Surabaya 01,Harum Selangit,W,Sayur-Sayuran,kacang panjang 1 kg,Jawa Timur,Surabaya,2383780
01-01-2022,PHI Mini Market - Surabaya 01,Harum Selangit,W,Sayur-Sayuran,kentang 1 kg,Jawa Timur,Surabaya,2070860
01-01-2022,PHI Mini Market - Surabaya 01,Harum Selangit,W,Sayur-Sayuran,ketimun 1 kg,Jawa Timur,Surabaya,1610640
01-01-2022,PHI Mini Market - Surabaya 01,Harum Selangit,W,Sayur-Sayuran,kobis 1 kg,Jawa Timur,Surabaya,306100
01-01-2022,PHI Mini Market - Surabaya 01,Harum Selangit,W,Sayur-Sayuran,tomat 1 kg,Jawa Timur,Surabaya,2074000
01-01-2022,PHI Mini Market - Surabaya 01,Harum Selangit,W,Sayur-Sayuran,ubi jalar 1 kg,Jawa Timur,Surabaya,366670
01-01-2022,PHI Mini Market - Surabaya 01,Harum Selangit,W,Sayur-Sayuran,ubi kayu basah 1 kg,Jawa Timur,Surabaya,206720
01-01-2022,PHI Mini Market - Surabaya 01,Harum Selangit,W,Sayur-Sayuran,wortel 1 kg,Jawa Timur,Surabaya,1109390
01-01-2022,PHI Mini Market - Surabaya 01,Mariani Damai,W,Buah,alpukat 1 kg,Jawa Timur,Surabaya,2031160
01-01-2022,PHI Mini Market - Surabaya 01,Mariani Damai,W,Buah,apel 1 kg,Jawa Timur,Surabaya,17823410
01-01-2022,PHI Mini Market - Surabaya 01,Mariani Damai,W,Buah,belimbing 1 kg,Jawa Timur,Surabaya,1068870
01-01-2022,PHI Mini Market - Surabaya 01,Mariani Damai,W,Buah,durian 1 kg,Jawa Timur,Surabaya,6277600
01-01-2022,PHI Mini Market - Surabaya 01,Mariani Damai,W,Buah,jeruk 1 kg,Jawa Timur,Surabaya,4299560
01-01-2022,PHI Mini Market - Surabaya 01,Mariani Damai,W,Buah,kelapa muda,Jawa Timur,Surabaya,2273270
01-01-2022,PHI Mini Market - Surabaya 01,Mariani Damai,W,Makanan & Minuman,air mineral 600 ml,Jawa Timur,Surabaya,353600
01-01-2022,PHI Mini Market - Surabaya 01,Mariani Damai,W,Makanan & Minuman,bumbu fried chicken,Jawa Timur,Surabaya,4380510
01-01-2022,PHI Mini Market - Surabaya 01,Mariani Damai,W,Makanan & Minuman,jus kesehatan 600 ml,Jawa Timur,Surabaya,2890100
01-01-2022,PHI Mini Market - Surabaya 01,Mariani Damai,W,Makanan & Minuman,kacang goreng 1 kg,Jawa Timur,Surabaya,4470920
01-01-2022,PHI Mini Market - Surabaya 01,Mariani Damai,W,Makanan & Minuman,kacang mete 1 kg,Jawa Timur,Surabaya,22519350
01-01-2022,PHI Mini Market - Surabaya 01,Mariani Damai,W,Makanan & Minuman,markisa 600 ml,Jawa Timur,Surabaya,3755610
01-01-2022,PHI Mini Market - Surabaya 01,Mariani Damai,W,Makanan & Minuman,mie instant 1 kotak (40 bungkus),Jawa Timur,Surabaya,23384110
01-01-2022,PHI Mini Market - Surabaya 01,Mariani Damai,W,Makanan & Minuman,minuman probiotik,Jawa Timur,Surabaya,214220
01-01-2022,PHI Mini Market - Surabaya 01,Mariani Damai,W,Makanan & Minuman,nasi goreng instant (1 ons),Jawa Timur,Surabaya,2199990
01-01-2022,PHI Mini Market - Surabaya 01,Mariani Damai,W,Makanan & Minuman,snack gurih 1 ons,Jawa Timur,Surabaya,1597660
01-01-2022,PHI Mini Market - Surabaya 01,Mariani Damai,W,Makanan & Minuman,susu kotak (800 ml),Jawa Timur,Surabaya,4758000
01-01-2022,PHI Mini Market - Surabaya 01,Mariani Damai,W,Makanan & Minuman,susu kotak 1 l,Jawa Timur,Surabaya,2978720
01-01-2022,PHI Mini Market - Surabaya 01,Mariani Damai,W,Makanan & Minuman,telur ayam kampung 1 kg,Jawa Timur,Surabaya,8296470
01-01-2022,PHI Mini Market - Surabaya 01,Mariani Damai,W,Makanan & Minuman,telur ayam ras 1 kg,Jawa Timur,Surabaya,3873370
01-01-2022,PHI Mini Market - Surabaya 01,Mariani Damai,W,Sayur-Sayuran,bawang merah 1 kg,Jawa Timur,Surabaya,3186880
01-01-2022,PHI Mini Market - Surabaya 01,Mariani Damai,W,Sayur-Sayuran,bawang putih 1 kg,Jawa Timur,Surabaya,1576700
01-01-2022,PHI Mini Market - Surabaya 01,Mariani Damai,W,Sayur-Sayuran,buncis 1 kg,Jawa Timur,Surabaya,1984580
01-01-2022,PHI Mini Market - Surabaya 01,Mariani Damai,W,Sayur-Sayuran,kacang hijau 1 kg,Jawa Timur,Surabaya,2922630
01-01-2022,PHI Mini Market - Surabaya 01,Mariani Damai,W,Sayur-Sayuran,kacang panjang 1 kg,Jawa Timur,Surabaya,1805770
01-01-2022,PHI Mini Market - Surabaya 01,Mariani Damai,W,Sayur-Sayuran,kentang 1 kg,Jawa Timur,Surabaya,2375500
01-01-2022,PHI Mini Market - Surabaya 01,Mariani Damai,W,Sayur-Sayuran,ketimun 1 kg,Jawa Timur,Surabaya,1841370
01-01-2022,PHI Mini Market - Surabaya 01,Mariani Damai,W,Sayur-Sayuran,kobis 1 kg,Jawa Timur,Surabaya,338380
01-01-2022,PHI Mini Market - Surabaya 01,Mariani Damai,W,Sayur-Sayuran,tomat 1 kg,Jawa Timur,Surabaya,1327860
01-01-2022,PHI Mini Market - Surabaya 01,Mariani Damai,W,Sayur-Sayuran,ubi jalar 1 kg,Jawa Timur,Surabaya,552600
01-01-2022,PHI Mini Market - Surabaya 01,Mariani Damai,W,Sayur-Sayuran,ubi kayu basah 1 kg,Jawa Timur,Surabaya,349550
01-01-2022,PHI Mini Market - Surabaya 01,Mariani Damai,W,Sayur-Sayuran,wortel 1 kg,Jawa Timur,Surabaya,1067340
01-01-2022,PHI Mini Market - Surabaya 01,Mulia Setiawan,P,Buah,alpukat 1 kg,Jawa Timur,Surabaya,1980660
01-01-2022,PHI Mini Market - Surabaya 01,Mulia Setiawan,P,Buah,apel 1 kg,Jawa Timur,Surabaya,23137620
01-01-2022,PHI Mini Market - Surabaya 01,Mulia Setiawan,P,Buah,belimbing 1 kg,Jawa Timur,Surabaya,1334260
01-01-2022,PHI Mini Market - Surabaya 01,Mulia Setiawan,P,Buah,durian 1 kg,Jawa Timur,Surabaya,5163980
01-01-2022,PHI Mini Market - Surabaya 01,Mulia Setiawan,P,Buah,jeruk 1 kg,Jawa Timur,Surabaya,2637600
01-01-2022,PHI Mini Market - Surabaya 01,Mulia Setiawan,P,Buah,kelapa muda,Jawa Timur,Surabaya,1118250
01-01-2022,PHI Mini Market - Surabaya 01,Mulia Setiawan,P,Buah,mangga 1 kg,Jawa Timur,Surabaya,4612430
01-01-2022,PHI Mini Market - Surabaya 01,Mulia Setiawan,P,Makanan & Minuman,air mineral 600 ml,Jawa Timur,Surabaya,392970
01-01-2022,PHI Mini Market - Surabaya 01,Mulia Setiawan,P,Makanan & Minuman,bumbu fried chicken,Jawa Timur,Surabaya,5396700
01-01-2022,PHI Mini Market - Surabaya 01,Mulia Setiawan,P,Makanan & Minuman,jus kesehatan 600 ml,Jawa Timur,Surabaya,2297630
01-01-2022,PHI Mini Market - Surabaya 01,Mulia Setiawan,P,Makanan & Minuman,kacang goreng 1 kg,Jawa Timur,Surabaya,3739770
01-01-2022,PHI Mini Market - Surabaya 01,Mulia Setiawan,P,Makanan & Minuman,kacang mete 1 kg,Jawa Timur,Surabaya,22472600
01-01-2022,PHI Mini Market - Surabaya 01,Mulia Setiawan,P,Makanan & Minuman,markisa 600 ml,Jawa Timur,Surabaya,4537420
01-01-2022,PHI Mini Market - Surabaya 01,Mulia Setiawan,P,Makanan & Minuman,mie instant 1 kotak (40 bungkus),Jawa Timur,Surabaya,24394620
01-01-2022,PHI Mini Market - Surabaya 01,Mulia Setiawan,P,Makanan & Minuman,minuman probiotik,Jawa Timur,Surabaya,190850
01-01-2022,PHI Mini Market - Surabaya 01,Mulia Setiawan,P,Makanan & Minuman,nasi goreng instant (1 ons),Jawa Timur,Surabaya,1625050
01-01-2022,PHI Mini Market - Surabaya 01,Mulia Setiawan,P,Makanan & Minuman,snack gurih 1 ons,Jawa Timur,Surabaya,1787110
01-01-2022,PHI Mini Market - Surabaya 01,Mulia Setiawan,P,Makanan & Minuman,susu kotak (800 ml),Jawa Timur,Surabaya,3662730
01-01-2022,PHI Mini Market - Surabaya 01,Mulia Setiawan,P,Makanan & Minuman,susu kotak 1 l,Jawa Timur,Surabaya,3699660
01-01-2022,PHI Mini Market - Surabaya 01,Mulia Setiawan,P,Makanan & Minuman,telur ayam kampung 1 kg,Jawa Timur,Surabaya,6248040
01-01-2022,PHI Mini Market - Surabaya 01,Mulia Setiawan,P,Makanan & Minuman,telur ayam ras 1 kg,Jawa Timur,Surabaya,3160540
01-01-2022,PHI Mini Market - Surabaya 01,Mulia Setiawan,P,Sayur-Sayuran,bawang merah 1 kg,Jawa Timur,Surabaya,3989060
01-01-2022,PHI Mini Market - Surabaya 01,Mulia Setiawan,P,Sayur-Sayuran,bawang putih 1 kg,Jawa Timur,Surabaya,1605150
01-01-2022,PHI Mini Market - Surabaya 01,Mulia Setiawan,P,Sayur-Sayuran,buncis 1 kg,Jawa Timur,Surabaya,1312020
01-01-2022,PHI Mini Market - Surabaya 01,Mulia Setiawan,P,Sayur-Sayuran,kacang hijau 1 kg,Jawa Timur,Surabaya,3248050
01-01-2022,PHI Mini Market - Surabaya 01,Mulia Setiawan,P,Sayur-Sayuran,kacang panjang 1 kg,Jawa Timur,Surabaya,1890410
01-01-2022,PHI Mini Market - Surabaya 01,Mulia Setiawan,P,Sayur-Sayuran,kentang 1 kg,Jawa Timur,Surabaya,2031200
01-01-2022,PHI Mini Market - Surabaya 01,Mulia Setiawan,P,Sayur-Sayuran,ketimun 1 kg,Jawa Timur,Surabaya,956070
01-01-2022,PHI Mini Market - Surabaya 01,Mulia Setiawan,P,Sayur-Sayuran,kobis 1 kg,Jawa Timur,Surabaya,361760
01-01-2022,PHI Mini Market - Surabaya 01,Mulia Setiawan,P,Sayur-Sayuran,tomat 1 kg,Jawa Timur,Surabaya,1091730
01-01-2022,PHI Mini Market - Surabaya 01,Mulia Setiawan,P,Sayur-Sayuran,ubi jalar 1 kg,Jawa Timur,Surabaya,344610
01-01-2022,PHI Mini Market - Surabaya 01,Mulia Setiawan,P,Sayur-Sayuran,ubi kayu basah 1 kg,Jawa Timur,Surabaya,356780
01-01-2022,PHI Mini Market - Surabaya 01,Mulia Setiawan,P,Sayur-Sayuran,wortel 1 kg,Jawa Timur,Surabaya,776660
01-01-2022,PHI Mini Market - Surabaya 01,Mulyo Damai,P,Buah,alpukat 1 kg,Jawa Timur,Surabaya,1634400
01-01-2022,PHI Mini Market - Surabaya 01,Mulyo Damai,P,Buah,apel 1 kg,Jawa Timur,Surabaya,14116520
01-01-2022,PHI Mini Market - Surabaya 01,Mulyo Damai,P,Buah,belimbing 1 kg,Jawa Timur,Surabaya,1257910
01-01-2022,PHI Mini Market - Surabaya 01,Mulyo Damai,P,Buah,durian 1 kg,Jawa Timur,Surabaya,4442580
01-01-2022,PHI Mini Market - Surabaya 01,Mulyo Damai,P,Buah,jeruk 1 kg,Jawa Timur,Surabaya,4754930
01-01-2022,PHI Mini Market - Surabaya 01,Mulyo Damai,P,Buah,kelapa muda,Jawa Timur,Surabaya,1258480
01-01-2022,PHI Mini Market - Surabaya 01,Mulyo Damai,P,Makanan & Minuman,air mineral 600 ml,Jawa Timur,Surabaya,434100
01-01-2022,PHI Mini Market - Surabaya 01,Mulyo Damai,P,Makanan & Minuman,bumbu fried chicken,Jawa Timur,Surabaya,5888520
01-01-2022,PHI Mini Market - Surabaya 01,Mulyo Damai,P,Makanan & Minuman,jus kesehatan 600 ml,Jawa Timur,Surabaya,2645120
01-01-2022,PHI Mini Market - Surabaya 01,Mulyo Damai,P,Makanan & Minuman,kacang goreng 1 kg,Jawa Timur,Surabaya,3406200
01-01-2022,PHI Mini Market - Surabaya 01,Mulyo Damai,P,Makanan & Minuman,kacang mete 1 kg,Jawa Timur,Surabaya,19723220
01-01-2022,PHI Mini Market - Surabaya 01,Mulyo Damai,P,Makanan & Minuman,markisa 600 ml,Jawa Timur,Surabaya,5934430
01-01-2022,PHI Mini Market - Surabaya 01,Mulyo Damai,P,Makanan & Minuman,mie instant 1 kotak (40 bungkus),Jawa Timur,Surabaya,36578100
01-01-2022,PHI Mini Market - Surabaya 01,Mulyo Damai,P,Makanan & Minuman,minuman probiotik,Jawa Timur,Surabaya,189970
01-01-2022,PHI Mini Market - Surabaya 01,Mulyo Damai,P,Makanan & Minuman,nasi goreng instant (1 ons),Jawa Timur,Surabaya,1664320
01-01-2022,PHI Mini Market - Surabaya 01,Mulyo Damai,P,Makanan & Minuman,snack gurih 1 ons,Jawa Timur,Surabaya,850300
01-01-2022,PHI Mini Market - Surabaya 01,Mulyo Damai,P,Makanan & Minuman,susu kotak (800 ml),Jawa Timur,Surabaya,3823530
01-01-2022,PHI Mini Market - Surabaya 01,Mulyo Damai,P,Makanan & Minuman,susu kotak 1 l,Jawa Timur,Surabaya,3046540
01-01-2022,PHI Mini Market - Surabaya 01,Mulyo Damai,P,Makanan & Minuman,telur ayam kampung 1 kg,Jawa Timur,Surabaya,6682520
01-01-2022,PHI Mini Market - Surabaya 01,Mulyo Damai,P,Makanan & Minuman,telur ayam ras 1 kg,Jawa Timur,Surabaya,3579440
01-01-2022,PHI Mini Market - Surabaya 01,Mulyo Damai,P,Sayur-Sayuran,bawang merah 1 kg,Jawa Timur,Surabaya,3610630
01-01-2022,PHI Mini Market - Surabaya 01,Mulyo Damai,P,Sayur-Sayuran,bawang putih 1 kg,Jawa Timur,Surabaya,1008090
01-01-2022,PHI Mini Market - Surabaya 01,Mulyo Damai,P,Sayur-Sayuran,buncis 1 kg,Jawa Timur,Surabaya,2092900
01-01-2022,PHI Mini Market - Surabaya 01,Mulyo Damai,P,Sayur-Sayuran,kacang hijau 1 kg,Jawa Timur,Surabaya,2346020
01-01-2022,PHI Mini Market - Surabaya 01,Mulyo Damai,P,Sayur-Sayuran,kacang panjang 1 kg,Jawa Timur,Surabaya,2423110
01-01-2022,PHI Mini Market - Surabaya 01,Mulyo Damai,P,Sayur-Sayuran,kentang 1 kg,Jawa Timur,Surabaya,1970610
01-01-2022,PHI Mini Market - Surabaya 01,Mulyo Damai,P,Sayur-Sayuran,ketimun 1 kg,Jawa Timur,Surabaya,859670
01-01-2022,PHI Mini Market - Surabaya 01,Mulyo Damai,P,Sayur-Sayuran,kobis 1 kg,Jawa Timur,Surabaya,242240
01-01-2022,PHI Mini Market - Surabaya 01,Mulyo Damai,P,Sayur-Sayuran,tomat 1 kg,Jawa Timur,Surabaya,1634640
01-01-2022,PHI Mini Market - Surabaya 01,Mulyo Damai,P,Sayur-Sayuran,ubi jalar 1 kg,Jawa Timur,Surabaya,337750
01-01-2022,PHI Mini Market - Surabaya 01,Mulyo Damai,P,Sayur-Sayuran,ubi kayu basah 1 kg,Jawa Timur,Surabaya,302620
01-01-2022,PHI Mini Market - Surabaya 01,Mulyo Damai,P,Sayur-Sayuran,wortel 1 kg,Jawa Timur,Surabaya,1046260
01-01-2022,PHI Mini Market - Surabaya 01,Natali Menawan,W,Buah,alpukat 1 kg,Jawa Timur,Surabaya,4040350
01-01-2022,PHI Mini Market - Surabaya 01,Natali Menawan,W,Buah,apel 1 kg,Jawa Timur,Surabaya,44541980
01-01-2022,PHI Mini Market - Surabaya 01,Natali Menawan,W,Buah,belimbing 1 kg,Jawa Timur,Surabaya,2042920
01-01-2022,PHI Mini Market - Surabaya 01,Natali Menawan,W,Buah,durian 1 kg,Jawa Timur,Surabaya,11799810
01-01-2022,PHI Mini Market - Surabaya 01,Natali Menawan,W,Buah,jeruk 1 kg,Jawa Timur,Surabaya,7108650
01-01-2022,PHI Mini Market - Surabaya 01,Natali Menawan,W,Buah,kelapa muda,Jawa Timur,Surabaya,3087120
01-01-2022,PHI Mini Market - Surabaya 01,Natali Menawan,W,Buah,mangga 1 kg,Jawa Timur,Surabaya,11230850
01-01-2022,PHI Mini Market - Surabaya 01,Natali Menawan,W,Makanan & Minuman,air mineral 600 ml,Jawa Timur,Surabaya,815260
01-01-2022,PHI Mini Market - Surabaya 01,Natali Menawan,W,Makanan & Minuman,bumbu fried chicken,Jawa Timur,Surabaya,10952580
01-01-2022,PHI Mini Market - Surabaya 01,Natali Menawan,W,Makanan & Minuman,jus kesehatan 600 ml,Jawa Timur,Surabaya,4382630
01-01-2022,PHI Mini Market - Surabaya 01,Natali Menawan,W,Makanan & Minuman,kacang goreng 1 kg,Jawa Timur,Surabaya,9291500
01-01-2022,PHI Mini Market - Surabaya 01,Natali Menawan,W,Makanan & Minuman,kacang mete 1 kg,Jawa Timur,Surabaya,49837660
01-01-2022,PHI Mini Market - Surabaya 01,Natali Menawan,W,Makanan & Minuman,markisa 600 ml,Jawa Timur,Surabaya,8677220
01-01-2022,PHI Mini Market - Surabaya 01,Natali Menawan,W,Makanan & Minuman,mie instant 1 kotak (40 bungkus),Jawa Timur,Surabaya,71341880
01-01-2022,PHI Mini Market - Surabaya 01,Natali Menawan,W,Makanan & Minuman,minuman probiotik,Jawa Timur,Surabaya,460930
01-01-2022,PHI Mini Market - Surabaya 01,Natali Menawan,W,Makanan & Minuman,nasi goreng instant (1 ons),Jawa Timur,Surabaya,3562170
01-01-2022,PHI Mini Market - Surabaya 01,Natali Menawan,W,Makanan & Minuman,snack gurih 1 ons,Jawa Timur,Surabaya,4040480
01-01-2022,PHI Mini Market - Surabaya 01,Natali Menawan,W,Makanan & Minuman,susu kotak (800 ml),Jawa Timur,Surabaya,7428090
01-01-2022,PHI Mini Market - Surabaya 01,Natali Menawan,W,Makanan & Minuman,susu kotak 1 l,Jawa Timur,Surabaya,4443580
01-01-2022,PHI Mini Market - Surabaya 01,Natali Menawan,W,Makanan & Minuman,telur ayam kampung 1 kg,Jawa Timur,Surabaya,13627620
01-01-2022,PHI Mini Market - Surabaya 01,Natali Menawan,W,Makanan & Minuman,telur ayam ras 1 kg,Jawa Timur,Surabaya,6773510
01-01-2022,PHI Mini Market - Surabaya 01,Natali Menawan,W,Sayur-Sayuran,bawang merah 1 kg,Jawa Timur,Surabaya,4508100
01-01-2022,PHI Mini Market - Surabaya 01,Natali Menawan,W,Sayur-Sayuran,bawang putih 1 kg,Jawa Timur,Surabaya,2455360
01-01-2022,PHI Mini Market - Surabaya 01,Natali Menawan,W,Sayur-Sayuran,buncis 1 kg,Jawa Timur,Surabaya,4416140
01-01-2022,PHI Mini Market - Surabaya 01,Natali Menawan,W,Sayur-Sayuran,kacang hijau 1 kg,Jawa Timur,Surabaya,4370570
01-01-2022,PHI Mini Market - Surabaya 01,Natali Menawan,W,Sayur-Sayuran,kacang panjang 1 kg,Jawa Timur,Surabaya,5546000
01-01-2022,PHI Mini Market - Surabaya 01,Natali Menawan,W,Sayur-Sayuran,kentang 1 kg,Jawa Timur,Surabaya,5213480
01-01-2022,PHI Mini Market - Surabaya 01,Natali Menawan,W,Sayur-Sayuran,ketimun 1 kg,Jawa Timur,Surabaya,2780100
01-01-2022,PHI Mini Market - Surabaya 01,Natali Menawan,W,Sayur-Sayuran,kobis 1 kg,Jawa Timur,Surabaya,690910
01-01-2022,PHI Mini Market - Surabaya 01,Natali Menawan,W,Sayur-Sayuran,tomat 1 kg,Jawa Timur,Surabaya,2653670
01-01-2022,PHI Mini Market - Surabaya 01,Natali Menawan,W,Sayur-Sayuran,ubi jalar 1 kg,Jawa Timur,Surabaya,852630
01-01-2022,PHI Mini Market - Surabaya 01,Natali Menawan,W,Sayur-Sayuran,ubi kayu basah 1 kg,Jawa Timur,Surabaya,551310
01-01-2022,PHI Mini Market - Surabaya 01,Natali Menawan,W,Sayur-Sayuran,wortel 1 kg,Jawa Timur,Surabaya,1949480
01-02-2022,PHI Mini Market - Jakarta Pusat 01,Agung Alexander,P,Buah,alpukat 1 kg,DKI Jakarta,Jakarta Pusat,1347920
01-02-2022,PHI Mini Market - Jakarta Pusat 01,Agung Alexander,P,Buah,apel 1 kg,DKI Jakarta,Jakarta Pusat,13718160
01-02-2022,PHI Mini Market - Jakarta Pusat 01,Agung Alexander,P,Buah,belimbing 1 kg,DKI Jakarta,Jakarta Pusat,709500
01-02-2022,PHI Mini Market - Jakarta Pusat 01,Agung Alexander,P,Buah,durian 1 kg,DKI Jakarta,Jakarta Pusat,5095720
01-02-2022,PHI Mini Market - Jakarta Pusat 01,Agung Alexander,P,Buah,jeruk 1 kg,DKI Jakarta,Jakarta Pusat,4298950
01-02-2022,PHI Mini Market - Jakarta Pusat 01,Agung Alexander,P,Buah,kelapa muda,DKI Jakarta,Jakarta Pusat,1599510
01-02-2022,PHI Mini Market - Jakarta Pusat 01,Agung Alexander,P,Makanan & Minuman,air mineral 600 ml,DKI Jakarta,Jakarta Pusat,454160
01-02-2022,PHI Mini Market - Jakarta Pusat 01,Agung Alexander,P,Makanan & Minuman,bumbu fried chicken,DKI Jakarta,Jakarta Pusat,5719240
01-02-2022,PHI Mini Market - Jakarta Pusat 01,Agung Alexander,P,Makanan & Minuman,jus kesehatan 600 ml,DKI Jakarta,Jakarta Pusat,3731020
01-02-2022,PHI Mini Market - Jakarta Pusat 01,Agung Alexander,P,Makanan & Minuman,kacang goreng 1 kg,DKI Jakarta,Jakarta Pusat,4426360
01-02-2022,PHI Mini Market - Jakarta Pusat 01,Agung Alexander,P,Makanan & Minuman,kacang mete 1 kg,DKI Jakarta,Jakarta Pusat,22548210
01-02-2022,PHI Mini Market - Jakarta Pusat 01,Agung Alexander,P,Makanan & Minuman,markisa 600 ml,DKI Jakarta,Jakarta Pusat,4689990
01-02-2022,PHI Mini Market - Jakarta Pusat 01,Agung Alexander,P,Makanan & Minuman,mie instant 1 kotak (40 bungkus),DKI Jakarta,Jakarta Pusat,17566520
01-02-2022,PHI Mini Market - Jakarta Pusat 01,Agung Alexander,P,Makanan & Minuman,minuman probiotik,DKI Jakarta,Jakarta Pusat,289870
01-02-2022,PHI Mini Market - Jakarta Pusat 01,Agung Alexander,P,Makanan & Minuman,nasi goreng instant (1 ons),DKI Jakarta,Jakarta Pusat,1253670
01-02-2022,PHI Mini Market - Jakarta Pusat 01,Agung Alexander,P,Makanan & Minuman,snack gurih 1 ons,DKI Jakarta,Jakarta Pusat,1158580
01-02-2022,PHI Mini Market - Jakarta Pusat 01,Agung Alexander,P,Makanan & Minuman,susu kotak (800 ml),DKI Jakarta,Jakarta Pusat,5914880
01-02-2022,PHI Mini Market - Jakarta Pusat 01,Agung Alexander,P,Makanan & Minuman,susu kotak 1 l,DKI Jakarta,Jakarta Pusat,3450760
01-02-2022,PHI Mini Market - Jakarta Pusat 01,Agung Alexander,P,Makanan & Minuman,telur ayam kampung 1 kg,DKI Jakarta,Jakarta Pusat,7162400
01-02-2022,PHI Mini Market - Jakarta Pusat 01,Agung Alexander,P,Makanan & Minuman,telur ayam ras 1 kg,DKI Jakarta,Jakarta Pusat,2683660
01-02-2022,PHI Mini Market - Jakarta Pusat 01,Agung Alexander,P,Sayur-Sayuran,bawang merah 1 kg,DKI Jakarta,Jakarta Pusat,2642530
01-02-2022,PHI Mini Market - Jakarta Pusat 01,Agung Alexander,P,Sayur-Sayuran,bawang putih 1 kg,DKI Jakarta,Jakarta Pusat,1120060
01-02-2022,PHI Mini Market - Jakarta Pusat 01,Agung Alexander,P,Sayur-Sayuran,buncis 1 kg,DKI Jakarta,Jakarta Pusat,1969690
01-02-2022,PHI Mini Market - Jakarta Pusat 01,Agung Alexander,P,Sayur-Sayuran,kacang hijau 1 kg,DKI Jakarta,Jakarta Pusat,1648590
01-02-2022,PHI Mini Market - Jakarta Pusat 01,Agung Alexander,P,Sayur-Sayuran,kacang panjang 1 kg,DKI Jakarta,Jakarta Pusat,1722330
01-02-2022,PHI Mini Market - Jakarta Pusat 01,Agung Alexander,P,Sayur-Sayuran,kentang 1 kg,DKI Jakarta,Jakarta Pusat,1072410
01-02-2022,PHI Mini Market - Jakarta Pusat 01,Agung Alexander,P,Sayur-Sayuran,ketimun 1 kg,DKI Jakarta,Jakarta Pusat,1143060
01-02-2022,PHI Mini Market - Jakarta Pusat 01,Agung Alexander,P,Sayur-Sayuran,kobis 1 kg,DKI Jakarta,Jakarta Pusat,428850
01-02-2022,PHI Mini Market - Jakarta Pusat 01,Agung Alexander,P,Sayur-Sayuran,tomat 1 kg,DKI Jakarta,Jakarta Pusat,1539510
01-02-2022,PHI Mini Market - Jakarta Pusat 01,Agung Alexander,P,Sayur-Sayuran,ubi jalar 1 kg,DKI Jakarta,Jakarta Pusat,434250
01-02-2022,PHI Mini Market - Jakarta Pusat 01,Agung Alexander,P,Sayur-Sayuran,ubi kayu basah 1 kg,DKI Jakarta,Jakarta Pusat,406070
01-02-2022,PHI Mini Market - Jakarta Pusat 01,Agung Alexander,P,Sayur-Sayuran,wortel 1 kg,DKI Jakarta,Jakarta Pusat,1052050
01-02-2022,PHI Mini Market - Jakarta Pusat 01,Budiwati Ramah,W,Buah,alpukat 1 kg,DKI Jakarta,Jakarta Pusat,1194220
01-02-2022,PHI Mini Market - Jakarta Pusat 01,Budiwati Ramah,W,Buah,apel 1 kg,DKI Jakarta,Jakarta Pusat,21622950
01-02-2022,PHI Mini Market - Jakarta Pusat 01,Budiwati Ramah,W,Buah,belimbing 1 kg,DKI Jakarta,Jakarta Pusat,564680
01-02-2022,PHI Mini Market - Jakarta Pusat 01,Budiwati Ramah,W,Buah,durian 1 kg,DKI Jakarta,Jakarta Pusat,6331970
01-02-2022,PHI Mini Market - Jakarta Pusat 01,Budiwati Ramah,W,Buah,jeruk 1 kg,DKI Jakarta,Jakarta Pusat,3525860
01-02-2022,PHI Mini Market - Jakarta Pusat 01,Budiwati Ramah,W,Buah,kelapa muda,DKI Jakarta,Jakarta Pusat,1658860
01-02-2022,PHI Mini Market - Jakarta Pusat 01,Budiwati Ramah,W,Buah,mangga 1 kg,DKI Jakarta,Jakarta Pusat,3130720
01-02-2022,PHI Mini Market - Jakarta Pusat 01,Budiwati Ramah,W,Makanan & Minuman,air mineral 600 ml,DKI Jakarta,Jakarta Pusat,287830
01-02-2022,PHI Mini Market - Jakarta Pusat 01,Budiwati Ramah,W,Makanan & Minuman,bumbu fried chicken,DKI Jakarta,Jakarta Pusat,4834560
01-02-2022,PHI Mini Market - Jakarta Pusat 01,Budiwati Ramah,W,Makanan & Minuman,jus kesehatan 600 ml,DKI Jakarta,Jakarta Pusat,2015040
01-02-2022,PHI Mini Market - Jakarta Pusat 01,Budiwati Ramah,W,Makanan & Minuman,kacang goreng 1 kg,DKI Jakarta,Jakarta Pusat,4317820
01-02-2022,PHI Mini Market - Jakarta Pusat 01,Budiwati Ramah,W,Makanan & Minuman,kacang mete 1 kg,DKI Jakarta,Jakarta Pusat,16078210
01-02-2022,PHI Mini Market - Jakarta Pusat 01,Budiwati Ramah,W,Makanan & Minuman,markisa 600 ml,DKI Jakarta,Jakarta Pusat,4184730
01-02-2022,PHI Mini Market - Jakarta Pusat 01,Budiwati Ramah,W,Makanan & Minuman,mie instant 1 kotak (40 bungkus),DKI Jakarta,Jakarta Pusat,33334550
01-02-2022,PHI Mini Market - Jakarta Pusat 01,Budiwati Ramah,W,Makanan & Minuman,minuman probiotik,DKI Jakarta,Jakarta Pusat,177380
01-02-2022,PHI Mini Market - Jakarta Pusat 01,Budiwati Ramah,W,Makanan & Minuman,nasi goreng instant (1 ons),DKI Jakarta,Jakarta Pusat,1850570
01-02-2022,PHI Mini Market - Jakarta Pusat 01,Budiwati Ramah,W,Makanan & Minuman,snack gurih 1 ons,DKI Jakarta,Jakarta Pusat,1995160
01-02-2022,PHI Mini Market - Jakarta Pusat 01,Budiwati Ramah,W,Makanan & Minuman,susu kotak (800 ml),DKI Jakarta,Jakarta Pusat,2935920
01-02-2022,PHI Mini Market - Jakarta Pusat 01,Budiwati Ramah,W,Makanan & Minuman,susu kotak 1 l,DKI Jakarta,Jakarta Pusat,2298800
01-02-2022,PHI Mini Market - Jakarta Pusat 01,Budiwati Ramah,W,Makanan & Minuman,telur ayam kampung 1 kg,DKI Jakarta,Jakarta Pusat,5051660
01-02-2022,PHI Mini Market - Jakarta Pusat 01,Budiwati Ramah,W,Makanan & Minuman,telur ayam ras 1 kg,DKI Jakarta,Jakarta Pusat,2050580
01-02-2022,PHI Mini Market - Jakarta Pusat 01,Budiwati Ramah,W,Sayur-Sayuran,bawang merah 1 kg,DKI Jakarta,Jakarta Pusat,3023010
01-02-2022,PHI Mini Market - Jakarta Pusat 01,Budiwati Ramah,W,Sayur-Sayuran,bawang putih 1 kg,DKI Jakarta,Jakarta Pusat,1371490
01-02-2022,PHI Mini Market - Jakarta Pusat 01,Budiwati Ramah,W,Sayur-Sayuran,buncis 1 kg,DKI Jakarta,Jakarta Pusat,1937490
01-02-2022,PHI Mini Market - Jakarta Pusat 01,Budiwati Ramah,W,Sayur-Sayuran,kacang hijau 1 kg,DKI Jakarta,Jakarta Pusat,2907840
01-02-2022,PHI Mini Market - Jakarta Pusat 01,Budiwati Ramah,W,Sayur-Sayuran,kacang panjang 1 kg,DKI Jakarta,Jakarta Pusat,1498230
01-02-2022,PHI Mini Market - Jakarta Pusat 01,Budiwati Ramah,W,Sayur-Sayuran,kentang 1 kg,DKI Jakarta,Jakarta Pusat,2421400
01-02-2022,PHI Mini Market - Jakarta Pusat 01,Budiwati Ramah,W,Sayur-Sayuran,ketimun 1 kg,DKI Jakarta,Jakarta Pusat,1538610
01-02-2022,PHI Mini Market - Jakarta Pusat 01,Budiwati Ramah,W,Sayur-Sayuran,kobis 1 kg,DKI Jakarta,Jakarta Pusat,328690
01-02-2022,PHI Mini Market - Jakarta Pusat 01,Budiwati Ramah,W,Sayur-Sayuran,tomat 1 kg,DKI Jakarta,Jakarta Pusat,1124260
01-02-2022,PHI Mini Market - Jakarta Pusat 01,Budiwati Ramah,W,Sayur-Sayuran,ubi jalar 1 kg,DKI Jakarta,Jakarta Pusat,478630
01-02-2022,PHI Mini Market - Jakarta Pusat 01,Budiwati Ramah,W,Sayur-Sayuran,ubi kayu basah 1 kg,DKI Jakarta,Jakarta Pusat,411340
01-02-2022,PHI Mini Market - Jakarta Pusat 01,Budiwati Ramah,W,Sayur-Sayuran,wortel 1 kg,DKI Jakarta,Jakarta Pusat,1712070
01-02-2022,PHI Mini Market - Jakarta Pusat 01,Cahya Terang,W,Buah,alpukat 1 kg,DKI Jakarta,Jakarta Pusat,1520900
01-02-2022,PHI Mini Market - Jakarta Pusat 01,Cahya Terang,W,Buah,apel 1 kg,DKI Jakarta,Jakarta Pusat,24712360
01-02-2022,PHI Mini Market - Jakarta Pusat 01,Cahya Terang,W,Buah,belimbing 1 kg,DKI Jakarta,Jakarta Pusat,724670
01-02-2022,PHI Mini Market - Jakarta Pusat 01,Cahya Terang,W,Buah,durian 1 kg,DKI Jakarta,Jakarta Pusat,6891540
01-02-2022,PHI Mini Market - Jakarta Pusat 01,Cahya Terang,W,Buah,jeruk 1 kg,DKI Jakarta,Jakarta Pusat,4474860
01-02-2022,PHI Mini Market - Jakarta Pusat 01,Cahya Terang,W,Buah,kelapa muda,DKI Jakarta,Jakarta Pusat,1158820
01-02-2022,PHI Mini Market - Jakarta Pusat 01,Cahya Terang,W,Makanan & Minuman,air mineral 600 ml,DKI Jakarta,Jakarta Pusat,333910
01-02-2022,PHI Mini Market - Jakarta Pusat 01,Cahya Terang,W,Makanan & Minuman,bumbu fried chicken,DKI Jakarta,Jakarta Pusat,5127260
01-02-2022,PHI Mini Market - Jakarta Pusat 01,Cahya Terang,W,Makanan & Minuman,jus kesehatan 600 ml,DKI Jakarta,Jakarta Pusat,3354310
01-02-2022,PHI Mini Market - Jakarta Pusat 01,Cahya Terang,W,Makanan & Minuman,kacang goreng 1 kg,DKI Jakarta,Jakarta Pusat,2190390
01-02-2022,PHI Mini Market - Jakarta Pusat 01,Cahya Terang,W,Makanan & Minuman,kacang mete 1 kg,DKI Jakarta,Jakarta Pusat,23168400
01-02-2022,PHI Mini Market - Jakarta Pusat 01,Cahya Terang,W,Makanan & Minuman,markisa 600 ml,DKI Jakarta,Jakarta Pusat,3512780
01-02-2022,PHI Mini Market - Jakarta Pusat 01,Cahya Terang,W,Makanan & Minuman,mie instant 1 kotak (40 bungkus),DKI Jakarta,Jakarta Pusat,33669440
01-02-2022,PHI Mini Market - Jakarta Pusat 01,Cahya Terang,W,Makanan & Minuman,minuman probiotik,DKI Jakarta,Jakarta Pusat,333610
01-02-2022,PHI Mini Market - Jakarta Pusat 01,Cahya Terang,W,Makanan & Minuman,nasi goreng instant (1 ons),DKI Jakarta,Jakarta Pusat,1745850
01-02-2022,PHI Mini Market - Jakarta Pusat 01,Cahya Terang,W,Makanan & Minuman,snack gurih 1 ons,DKI Jakarta,Jakarta Pusat,1338160
01-02-2022,PHI Mini Market - Jakarta Pusat 01,Cahya Terang,W,Makanan & Minuman,susu kotak (800 ml),DKI Jakarta,Jakarta Pusat,3461110
01-02-2022,PHI Mini Market - Jakarta Pusat 01,Cahya Terang,W,Makanan & Minuman,susu kotak 1 l,DKI Jakarta,Jakarta Pusat,3233740
01-02-2022,PHI Mini Market - Jakarta Pusat 01,Cahya Terang,W,Makanan & Minuman,telur ayam kampung 1 kg,DKI Jakarta,Jakarta Pusat,6256580
01-02-2022,PHI Mini Market - Jakarta Pusat 01,Cahya Terang,W,Makanan & Minuman,telur ayam ras 1 kg,DKI Jakarta,Jakarta Pusat,5674990
01-02-2022,PHI Mini Market - Jakarta Pusat 01,Cahya Terang,W,Sayur-Sayuran,bawang merah 1 kg,DKI Jakarta,Jakarta Pusat,3203340
01-02-2022,PHI Mini Market - Jakarta Pusat 01,Cahya Terang,W,Sayur-Sayuran,bawang putih 1 kg,DKI Jakarta,Jakarta Pusat,1035460
01-02-2022,PHI Mini Market - Jakarta Pusat 01,Cahya Terang,W,Sayur-Sayuran,buncis 1 kg,DKI Jakarta,Jakarta Pusat,1646740
01-02-2022,PHI Mini Market - Jakarta Pusat 01,Cahya Terang,W,Sayur-Sayuran,kacang hijau 1 kg,DKI Jakarta,Jakarta Pusat,1927890
01-02-2022,PHI Mini Market - Jakarta Pusat 01,Cahya Terang,W,Sayur-Sayuran,kacang panjang 1 kg,DKI Jakarta,Jakarta Pusat,2441700
01-02-2022,PHI Mini Market - Jakarta Pusat 01,Cahya Terang,W,Sayur-Sayuran,kentang 1 kg,DKI Jakarta,Jakarta Pusat,2328540
01-02-2022,PHI Mini Market - Jakarta Pusat 01,Cahya Terang,W,Sayur-Sayuran,ketimun 1 kg,DKI Jakarta,Jakarta Pusat,1409280
01-02-2022,PHI Mini Market - Jakarta Pusat 01,Cahya Terang,W,Sayur-Sayuran,kobis 1 kg,DKI Jakarta,Jakarta Pusat,286670
01-02-2022,PHI Mini Market - Jakarta Pusat 01,Cahya Terang,W,Sayur-Sayuran,tomat 1 kg,DKI Jakarta,Jakarta Pusat,1175890
01-02-2022,PHI Mini Market - Jakarta Pusat 01,Cahya Terang,W,Sayur-Sayuran,ubi jalar 1 kg,DKI Jakarta,Jakarta Pusat,339640
01-02-2022,PHI Mini Market - Jakarta Pusat 01,Cahya Terang,W,Sayur-Sayuran,ubi kayu basah 1 kg,DKI Jakarta,Jakarta Pusat,318200
01-02-2022,PHI Mini Market - Jakarta Pusat 01,Cahya Terang,W,Sayur-Sayuran,wortel 1 kg,DKI Jakarta,Jakarta Pusat,680990
01-02-2022,PHI Mini Market - Jakarta Pusat 01,Eko Rukun,P,Buah,alpukat 1 kg,DKI Jakarta,Jakarta Pusat,1626680
01-02-2022,PHI Mini Market - Jakarta Pusat 01,Eko Rukun,P,Buah,apel 1 kg,DKI Jakarta,Jakarta Pusat,16751480
01-02-2022,PHI Mini Market - Jakarta Pusat 01,Eko Rukun,P,Buah,belimbing 1 kg,DKI Jakarta,Jakarta Pusat,1054860
01-02-2022,PHI Mini Market - Jakarta Pusat 01,Eko Rukun,P,Buah,durian 1 kg,DKI Jakarta,Jakarta Pusat,4401390
01-02-2022,PHI Mini Market - Jakarta Pusat 01,Eko Rukun,P,Buah,jeruk 1 kg,DKI Jakarta,Jakarta Pusat,3868290
01-02-2022,PHI Mini Market - Jakarta Pusat 01,Eko Rukun,P,Buah,kelapa muda,DKI Jakarta,Jakarta Pusat,1979550
01-02-2022,PHI Mini Market - Jakarta Pusat 01,Eko Rukun,P,Buah,mangga 1 kg,DKI Jakarta,Jakarta Pusat,7013570
01-02-2022,PHI Mini Market - Jakarta Pusat 01,Eko Rukun,P,Makanan & Minuman,air mineral 600 ml,DKI Jakarta,Jakarta Pusat,486880
01-02-2022,PHI Mini Market - Jakarta Pusat 01,Eko Rukun,P,Makanan & Minuman,bumbu fried chicken,DKI Jakarta,Jakarta Pusat,4728100
01-02-2022,PHI Mini Market - Jakarta Pusat 01,Eko Rukun,P,Makanan & Minuman,jus kesehatan 600 ml,DKI Jakarta,Jakarta Pusat,3133580
01-02-2022,PHI Mini Market - Jakarta Pusat 01,Eko Rukun,P,Makanan & Minuman,kacang goreng 1 kg,DKI Jakarta,Jakarta Pusat,3167260
01-02-2022,PHI Mini Market - Jakarta Pusat 01,Eko Rukun,P,Makanan & Minuman,kacang mete 1 kg,DKI Jakarta,Jakarta Pusat,18055700
01-02-2022,PHI Mini Market - Jakarta Pusat 01,Eko Rukun,P,Makanan & Minuman,markisa 600 ml,DKI Jakarta,Jakarta Pusat,4767140
01-02-2022,PHI Mini Market - Jakarta Pusat 01,Eko Rukun,P,Makanan & Minuman,mie instant 1 kotak (40 bungkus),DKI Jakarta,Jakarta Pusat,40775800
01-02-2022,PHI Mini Market - Jakarta Pusat 01,Eko Rukun,P,Makanan & Minuman,minuman probiotik,DKI Jakarta,Jakarta Pusat,347930
01-02-2022,PHI Mini Market - Jakarta Pusat 01,Eko Rukun,P,Makanan & Minuman,nasi goreng instant (1 ons),DKI Jakarta,Jakarta Pusat,1636120
01-02-2022,PHI Mini Market - Jakarta Pusat 01,Eko Rukun,P,Makanan & Minuman,snack gurih 1 ons,DKI Jakarta,Jakarta Pusat,1414260
01-02-2022,PHI Mini Market - Jakarta Pusat 01,Eko Rukun,P,Makanan & Minuman,susu kotak (800 ml),DKI Jakarta,Jakarta Pusat,2084350
01-02-2022,PHI Mini Market - Jakarta Pusat 01,Eko Rukun,P,Makanan & Minuman,susu kotak 1 l,DKI Jakarta,Jakarta Pusat,2383020
01-02-2022,PHI Mini Market - Jakarta Pusat 01,Eko Rukun,P,Makanan & Minuman,telur ayam kampung 1 kg,DKI Jakarta,Jakarta Pusat,5013520
01-02-2022,PHI Mini Market - Jakarta Pusat 01,Eko Rukun,P,Makanan & Minuman,telur ayam ras 1 kg,DKI Jakarta,Jakarta Pusat,2861180
01-02-2022,PHI Mini Market - Jakarta Pusat 01,Eko Rukun,P,Sayur-Sayuran,bawang merah 1 kg,DKI Jakarta,Jakarta Pusat,4410910
01-02-2022,PHI Mini Market - Jakarta Pusat 01,Eko Rukun,P,Sayur-Sayuran,bawang putih 1 kg,DKI Jakarta,Jakarta Pusat,1670150
01-02-2022,PHI Mini Market - Jakarta Pusat 01,Eko Rukun,P,Sayur-Sayuran,buncis 1 kg,DKI Jakarta,Jakarta Pusat,2036770
01-02-2022,PHI Mini Market - Jakarta Pusat 01,Eko Rukun,P,Sayur-Sayuran,kacang hijau 1 kg,DKI Jakarta,Jakarta Pusat,2297290
01-02-2022,PHI Mini Market - Jakarta Pusat 01,Eko Rukun,P,Sayur-Sayuran,kacang panjang 1 kg,DKI Jakarta,Jakarta Pusat,2421900
01-02-2022,PHI Mini Market - Jakarta Pusat 01,Eko Rukun,P,Sayur-Sayuran,kentang 1 kg,DKI Jakarta,Jakarta Pusat,2318680
01-02-2022,PHI Mini Market - Jakarta Pusat 01,Eko Rukun,P,Sayur-Sayuran,ketimun 1 kg,DKI Jakarta,Jakarta Pusat,1225150
01-02-2022,PHI Mini Market - Jakarta Pusat 01,Eko Rukun,P,Sayur-Sayuran,kobis 1 kg,DKI Jakarta,Jakarta Pusat,327070
01-02-2022,PHI Mini Market - Jakarta Pusat 01,Eko Rukun,P,Sayur-Sayuran,tomat 1 kg,DKI Jakarta,Jakarta Pusat,1244520
01-02-2022,PHI Mini Market - Jakarta Pusat 01,Eko Rukun,P,Sayur-Sayuran,ubi jalar 1 kg,DKI Jakarta,Jakarta Pusat,317080
01-02-2022,PHI Mini Market - Jakarta Pusat 01,Eko Rukun,P,Sayur-Sayuran,ubi kayu basah 1 kg,DKI Jakarta,Jakarta Pusat,388920
01-02-2022,PHI Mini Market - Jakarta Pusat 01,Eko Rukun,P,Sayur-Sayuran,wortel 1 kg,DKI Jakarta,Jakarta Pusat,957570
01-02-2022,PHI Mini Market - Jakarta Pusat 01,Eria Setiawan,W,Buah,alpukat 1 kg,DKI Jakarta,Jakarta Pusat,2027340
01-02-2022,PHI Mini Market - Jakarta Pusat 01,Eria Setiawan,W,Buah,apel 1 kg,DKI Jakarta,Jakarta Pusat,9674840
01-02-2022,PHI Mini Market - Jakarta Pusat 01,Eria Setiawan,W,Buah,belimbing 1 kg,DKI Jakarta,Jakarta Pusat,1302210
01-02-2022,PHI Mini Market - Jakarta Pusat 01,Eria Setiawan,W,Buah,durian 1 kg,DKI Jakarta,Jakarta Pusat,5392000
01-02-2022,PHI Mini Market - Jakarta Pusat 01,Eria Setiawan,W,Buah,jeruk 1 kg,DKI Jakarta,Jakarta Pusat,3322300
01-02-2022,PHI Mini Market - Jakarta Pusat 01,Eria Setiawan,W,Buah,kelapa muda,DKI Jakarta,Jakarta Pusat,1064690
01-02-2022,PHI Mini Market - Jakarta Pusat 01,Eria Setiawan,W,Buah,mangga 1 kg,DKI Jakarta,Jakarta Pusat,3479920
01-02-2022,PHI Mini Market - Jakarta Pusat 01,Eria Setiawan,W,Makanan & Minuman,air mineral 600 ml,DKI Jakarta,Jakarta Pusat,391240
01-02-2022,PHI Mini Market - Jakarta Pusat 01,Eria Setiawan,W,Makanan & Minuman,bumbu fried chicken,DKI Jakarta,Jakarta Pusat,3543840
01-02-2022,PHI Mini Market - Jakarta Pusat 01,Eria Setiawan,W,Makanan & Minuman,jus kesehatan 600 ml,DKI Jakarta,Jakarta Pusat,2347140
01-02-2022,PHI Mini Market - Jakarta Pusat 01,Eria Setiawan,W,Makanan & Minuman,kacang goreng 1 kg,DKI Jakarta,Jakarta Pusat,2706630
01-02-2022,PHI Mini Market - Jakarta Pusat 01,Eria Setiawan,W,Makanan & Minuman,kacang mete 1 kg,DKI Jakarta,Jakarta Pusat,26179440
01-02-2022,PHI Mini Market - Jakarta Pusat 01,Eria Setiawan,W,Makanan & Minuman,markisa 600 ml,DKI Jakarta,Jakarta Pusat,4312640
01-02-2022,PHI Mini Market - Jakarta Pusat 01,Eria Setiawan,W,Makanan & Minuman,mie instant 1 kotak (40 bungkus),DKI Jakarta,Jakarta Pusat,36627590
01-02-2022,PHI Mini Market - Jakarta Pusat 01,Eria Setiawan,W,Makanan & Minuman,minuman probiotik,DKI Jakarta,Jakarta Pusat,196950
01-02-2022,PHI Mini Market - Jakarta Pusat 01,Eria Setiawan,W,Makanan & Minuman,nasi goreng instant (1 ons),DKI Jakarta,Jakarta Pusat,1748690
01-02-2022,PHI Mini Market - Jakarta Pusat 01,Eria Setiawan,W,Makanan & Minuman,snack gurih 1 ons,DKI Jakarta,Jakarta Pusat,2282340
01-02-2022,PHI Mini Market - Jakarta Pusat 01,Eria Setiawan,W,Makanan & Minuman,susu kotak (800 ml),DKI Jakarta,Jakarta Pusat,3784890
01-02-2022,PHI Mini Market - Jakarta Pusat 01,Eria Setiawan,W,Makanan & Minuman,susu kotak 1 l,DKI Jakarta,Jakarta Pusat,3508280
01-02-2022,PHI Mini Market - Jakarta Pusat 01,Eria Setiawan,W,Makanan & Minuman,telur ayam kampung 1 kg,DKI Jakarta,Jakarta Pusat,4727850
01-02-2022,PHI Mini Market - Jakarta Pusat 01,Eria Setiawan,W,Makanan & Minuman,telur ayam ras 1 kg,DKI Jakarta,Jakarta Pusat,3968890
01-02-2022,PHI Mini Market - Jakarta Pusat 01,Eria Setiawan,W,Sayur-Sayuran,bawang merah 1 kg,DKI Jakarta,Jakarta Pusat,3102710
01-02-2022,PHI Mini Market - Jakarta Pusat 01,Eria Setiawan,W,Sayur-Sayuran,bawang putih 1 kg,DKI Jakarta,Jakarta Pusat,1381980
01-02-2022,PHI Mini Market - Jakarta Pusat 01,Eria Setiawan,W,Sayur-Sayuran,buncis 1 kg,DKI Jakarta,Jakarta Pusat,1371100
01-02-2022,PHI Mini Market - Jakarta Pusat 01,Eria Setiawan,W,Sayur-Sayuran,kacang hijau 1 kg,DKI Jakarta,Jakarta Pusat,1308890
01-02-2022,PHI Mini Market - Jakarta Pusat 01,Eria Setiawan,W,Sayur-Sayuran,kacang panjang 1 kg,DKI Jakarta,Jakarta Pusat,2569520
01-02-2022,PHI Mini Market - Jakarta Pusat 01,Eria Setiawan,W,Sayur-Sayuran,kentang 1 kg,DKI Jakarta,Jakarta Pusat,2719920
01-02-2022,PHI Mini Market - Jakarta Pusat 01,Eria Setiawan,W,Sayur-Sayuran,ketimun 1 kg,DKI Jakarta,Jakarta Pusat,1592830
01-02-2022,PHI Mini Market - Jakarta Pusat 01,Eria Setiawan,W,Sayur-Sayuran,kobis 1 kg,DKI Jakarta,Jakarta Pusat,393460
01-02-2022,PHI Mini Market - Jakarta Pusat 01,Eria Setiawan,W,Sayur-Sayuran,tomat 1 kg,DKI Jakarta,Jakarta Pusat,1116730
01-02-2022,PHI Mini Market - Jakarta Pusat 01,Eria Setiawan,W,Sayur-Sayuran,ubi jalar 1 kg,DKI Jakarta,Jakarta Pusat,302580
01-02-2022,PHI Mini Market - Jakarta Pusat 01,Eria Setiawan,W,Sayur-Sayuran,ubi kayu basah 1 kg,DKI Jakarta,Jakarta Pusat,381130
01-02-2022,PHI Mini Market - Jakarta Pusat 01,Eria Setiawan,W,Sayur-Sayuran,wortel 1 kg,DKI Jakarta,Jakarta Pusat,848060
01-02-2022,PHI Mini Market - Jakarta Pusat 01,Erman Margo,P,Buah,alpukat 1 kg,DKI Jakarta,Jakarta Pusat,2243460
01-02-2022,PHI Mini Market - Jakarta Pusat 01,Erman Margo,P,Buah,apel 1 kg,DKI Jakarta,Jakarta Pusat,20064630
01-02-2022,PHI Mini Market - Jakarta Pusat 01,Erman Margo,P,Buah,belimbing 1 kg,DKI Jakarta,Jakarta Pusat,1313980
01-02-2022,PHI Mini Market - Jakarta Pusat 01,Erman Margo,P,Buah,durian 1 kg,DKI Jakarta,Jakarta Pusat,3695140
01-02-2022,PHI Mini Market - Jakarta Pusat 01,Erman Margo,P,Buah,jeruk 1 kg,DKI Jakarta,Jakarta Pusat,3823800
01-02-2022,PHI Mini Market - Jakarta Pusat 01,Erman Margo,P,Buah,kelapa muda,DKI Jakarta,Jakarta Pusat,1471500
01-02-2022,PHI Mini Market - Jakarta Pusat 01,Erman Margo,P,Buah,mangga 1 kg,DKI Jakarta,Jakarta Pusat,3006980
01-02-2022,PHI Mini Market - Jakarta Pusat 01,Erman Margo,P,Makanan & Minuman,air mineral 600 ml,DKI Jakarta,Jakarta Pusat,460650
01-02-2022,PHI Mini Market - Jakarta Pusat 01,Erman Margo,P,Makanan & Minuman,bumbu fried chicken,DKI Jakarta,Jakarta Pusat,5246820
01-02-2022,PHI Mini Market - Jakarta Pusat 01,Erman Margo,P,Makanan & Minuman,jus kesehatan 600 ml,DKI Jakarta,Jakarta Pusat,3339270
01-02-2022,PHI Mini Market - Jakarta Pusat 01,Erman Margo,P,Makanan & Minuman,kacang goreng 1 kg,DKI Jakarta,Jakarta Pusat,4150540
01-02-2022,PHI Mini Market - Jakarta Pusat 01,Erman Margo,P,Makanan & Minuman,kacang mete 1 kg,DKI Jakarta,Jakarta Pusat,21175670
01-02-2022,PHI Mini Market - Jakarta Pusat 01,Erman Margo,P,Makanan & Minuman,markisa 600 ml,DKI Jakarta,Jakarta Pusat,3915380
01-02-2022,PHI Mini Market - Jakarta Pusat 01,Erman Margo,P,Makanan & Minuman,mie instant 1 kotak (40 bungkus),DKI Jakarta,Jakarta Pusat,35679710
01-02-2022,PHI Mini Market - Jakarta Pusat 01,Erman Margo,P,Makanan & Minuman,minuman probiotik,DKI Jakarta,Jakarta Pusat,237430
01-02-2022,PHI Mini Market - Jakarta Pusat 01,Erman Margo,P,Makanan & Minuman,nasi goreng instant (1 ons),DKI Jakarta,Jakarta Pusat,1939030
01-02-2022,PHI Mini Market - Jakarta Pusat 01,Erman Margo,P,Makanan & Minuman,snack gurih 1 ons,DKI Jakarta,Jakarta Pusat,1274710
01-02-2022,PHI Mini Market - Jakarta Pusat 01,Erman Margo,P,Makanan & Minuman,susu kotak (800 ml),DKI Jakarta,Jakarta Pusat,4911850
01-02-2022,PHI Mini Market - Jakarta Pusat 01,Erman Margo,P,Makanan & Minuman,susu kotak 1 l,DKI Jakarta,Jakarta Pusat,2207360
01-02-2022,PHI Mini Market - Jakarta Pusat 01,Erman Margo,P,Makanan & Minuman,telur ayam kampung 1 kg,DKI Jakarta,Jakarta Pusat,5318130
01-02-2022,PHI Mini Market - Jakarta Pusat 01,Erman Margo,P,Makanan & Minuman,telur ayam ras 1 kg,DKI Jakarta,Jakarta Pusat,2628560
01-02-2022,PHI Mini Market - Jakarta Pusat 01,Erman Margo,P,Sayur-Sayuran,bawang merah 1 kg,DKI Jakarta,Jakarta Pusat,3985470
01-02-2022,PHI Mini Market - Jakarta Pusat 01,Erman Margo,P,Sayur-Sayuran,bawang putih 1 kg,DKI Jakarta,Jakarta Pusat,1175100
01-02-2022,PHI Mini Market - Jakarta Pusat 01,Erman Margo,P,Sayur-Sayuran,buncis 1 kg,DKI Jakarta,Jakarta Pusat,1674940
01-02-2022,PHI Mini Market - Jakarta Pusat 01,Erman Margo,P,Sayur-Sayuran,kacang hijau 1 kg,DKI Jakarta,Jakarta Pusat,2379070
01-02-2022,PHI Mini Market - Jakarta Pusat 01,Erman Margo,P,Sayur-Sayuran,kacang panjang 1 kg,DKI Jakarta,Jakarta Pusat,2523860
01-02-2022,PHI Mini Market - Jakarta Pusat 01,Erman Margo,P,Sayur-Sayuran,kentang 1 kg,DKI Jakarta,Jakarta Pusat,2255770
01-02-2022,PHI Mini Market - Jakarta Pusat 01,Erman Margo,P,Sayur-Sayuran,ketimun 1 kg,DKI Jakarta,Jakarta Pusat,1285550
01-02-2022,PHI Mini Market - Jakarta Pusat 01,Erman Margo,P,Sayur-Sayuran,kobis 1 kg,DKI Jakarta,Jakarta Pusat,341580
01-02-2022,PHI Mini Market - Jakarta Pusat 01,Erman Margo,P,Sayur-Sayuran,tomat 1 kg,DKI Jakarta,Jakarta Pusat,1493380
01-02-2022,PHI Mini Market - Jakarta Pusat 01,Erman Margo,P,Sayur-Sayuran,ubi jalar 1 kg,DKI Jakarta,Jakarta Pusat,196770
01-02-2022,PHI Mini Market - Jakarta Pusat 01,Erman Margo,P,Sayur-Sayuran,ubi kayu basah 1 kg,DKI Jakarta,Jakarta Pusat,371060
01-02-2022,PHI Mini Market - Jakarta Pusat 01,Erman Margo,P,Sayur-Sayuran,wortel 1 kg,DKI Jakarta,Jakarta Pusat,1301090
01-02-2022,PHI Mini Market - Jakarta Pusat 01,Harum Maven,W,Buah,alpukat 1 kg,DKI Jakarta,Jakarta Pusat,1134400
01-02-2022,PHI Mini Market - Jakarta Pusat 01,Harum Maven,W,Buah,apel 1 kg,DKI Jakarta,Jakarta Pusat,18704600
01-02-2022,PHI Mini Market - Jakarta Pusat 01,Harum Maven,W,Buah,belimbing 1 kg,DKI Jakarta,Jakarta Pusat,945890
01-02-2022,PHI Mini Market - Jakarta Pusat 01,Harum Maven,W,Buah,durian 1 kg,DKI Jakarta,Jakarta Pusat,4524040
01-02-2022,PHI Mini Market - Jakarta Pusat 01,Harum Maven,W,Buah,jeruk 1 kg,DKI Jakarta,Jakarta Pusat,3304100
01-02-2022,PHI Mini Market - Jakarta Pusat 01,Harum Maven,W,Buah,kelapa muda,DKI Jakarta,Jakarta Pusat,1280770
01-02-2022,PHI Mini Market - Jakarta Pusat 01,Harum Maven,W,Buah,mangga 1 kg,DKI Jakarta,Jakarta Pusat,5097870
01-02-2022,PHI Mini Market - Jakarta Pusat 01,Harum Maven,W,Makanan & Minuman,air mineral 600 ml,DKI Jakarta,Jakarta Pusat,250810
01-02-2022,PHI Mini Market - Jakarta Pusat 01,Harum Maven,W,Makanan & Minuman,bumbu fried chicken,DKI Jakarta,Jakarta Pusat,4855950
01-02-2022,PHI Mini Market - Jakarta Pusat 01,Harum Maven,W,Makanan & Minuman,jus kesehatan 600 ml,DKI Jakarta,Jakarta Pusat,3922330
01-02-2022,PHI Mini Market - Jakarta Pusat 01,Harum Maven,W,Makanan & Minuman,kacang goreng 1 kg,DKI Jakarta,Jakarta Pusat,3045230
01-02-2022,PHI Mini Market - Jakarta Pusat 01,Harum Maven,W,Makanan & Minuman,kacang mete 1 kg,DKI Jakarta,Jakarta Pusat,24099050
01-02-2022,PHI Mini Market - Jakarta Pusat 01,Harum Maven,W,Makanan & Minuman,markisa 600 ml,DKI Jakarta,Jakarta Pusat,3766930
01-02-2022,PHI Mini Market - Jakarta Pusat 01,Harum Maven,W,Makanan & Minuman,mie instant 1 kotak (40 bungkus),DKI Jakarta,Jakarta Pusat,25097160
01-02-2022,PHI Mini Market - Jakarta Pusat 01,Harum Maven,W,Makanan & Minuman,minuman probiotik,DKI Jakarta,Jakarta Pusat,275140
01-02-2022,PHI Mini Market - Jakarta Pusat 01,Harum Maven,W,Makanan & Minuman,nasi goreng instant (1 ons),DKI Jakarta,Jakarta Pusat,2459050
01-02-2022,PHI Mini Market - Jakarta Pusat 01,Harum Maven,W,Makanan & Minuman,snack gurih 1 ons,DKI Jakarta,Jakarta Pusat,1756510
01-02-2022,PHI Mini Market - Jakarta Pusat 01,Harum Maven,W,Makanan & Minuman,susu kotak (800 ml),DKI Jakarta,Jakarta Pusat,5019540
01-02-2022,PHI Mini Market - Jakarta Pusat 01,Harum Maven,W,Makanan & Minuman,susu kotak 1 l,DKI Jakarta,Jakarta Pusat,3641040
01-02-2022,PHI Mini Market - Jakarta Pusat 01,Harum Maven,W,Makanan & Minuman,telur ayam kampung 1 kg,DKI Jakarta,Jakarta Pusat,4237620
01-02-2022,PHI Mini Market - Jakarta Pusat 01,Harum Maven,W,Makanan & Minuman,telur ayam ras 1 kg,DKI Jakarta,Jakarta Pusat,3222350
01-02-2022,PHI Mini Market - Jakarta Pusat 01,Harum Maven,W,Sayur-Sayuran,bawang merah 1 kg,DKI Jakarta,Jakarta Pusat,3586500
01-02-2022,PHI Mini Market - Jakarta Pusat 01,Harum Maven,W,Sayur-Sayuran,bawang putih 1 kg,DKI Jakarta,Jakarta Pusat,822550
01-02-2022,PHI Mini Market - Jakarta Pusat 01,Harum Maven,W,Sayur-Sayuran,buncis 1 kg,DKI Jakarta,Jakarta Pusat,1330380
01-02-2022,PHI Mini Market - Jakarta Pusat 01,Harum Maven,W,Sayur-Sayuran,kacang hijau 1 kg,DKI Jakarta,Jakarta Pusat,2606870
01-02-2022,PHI Mini Market - Jakarta Pusat 01,Harum Maven,W,Sayur-Sayuran,kacang panjang 1 kg,DKI Jakarta,Jakarta Pusat,2339400
01-02-2022,PHI Mini Market - Jakarta Pusat 01,Harum Maven,W,Sayur-Sayuran,kentang 1 kg,DKI Jakarta,Jakarta Pusat,2041180
01-02-2022,PHI Mini Market - Jakarta Pusat 01,Harum Maven,W,Sayur-Sayuran,ketimun 1 kg,DKI Jakarta,Jakarta Pusat,1213070
01-02-2022,PHI Mini Market - Jakarta Pusat 01,Harum Maven,W,Sayur-Sayuran,kobis 1 kg,DKI Jakarta,Jakarta Pusat,303020
01-02-2022,PHI Mini Market - Jakarta Pusat 01,Harum Maven,W,Sayur-Sayuran,tomat 1 kg,DKI Jakarta,Jakarta Pusat,983790
01-02-2022,PHI Mini Market - Jakarta Pusat 01,Harum Maven,W,Sayur-Sayuran,ubi jalar 1 kg,DKI Jakarta,Jakarta Pusat,321840
01-02-2022,PHI Mini Market - Jakarta Pusat 01,Harum Maven,W,Sayur-Sayuran,ubi kayu basah 1 kg,DKI Jakarta,Jakarta Pusat,390680
01-02-2022,PHI Mini Market - Jakarta Pusat 01,Harum Maven,W,Sayur-Sayuran,wortel 1 kg,DKI Jakarta,Jakarta Pusat,1687760
01-02-2022,PHI Mini Market - Jakarta Pusat 01,Kristina Damai,W,Buah,alpukat 1 kg,DKI Jakarta,Jakarta Pusat,2363130
01-02-2022,PHI Mini Market - Jakarta Pusat 01,Kristina Damai,W,Buah,apel 1 kg,DKI Jakarta,Jakarta Pusat,17215760
01-02-2022,PHI Mini Market - Jakarta Pusat 01,Kristina Damai,W,Buah,belimbing 1 kg,DKI Jakarta,Jakarta Pusat,1161810
01-02-2022,PHI Mini Market - Jakarta Pusat 01,Kristina Damai,W,Buah,durian 1 kg,DKI Jakarta,Jakarta Pusat,5581960
01-02-2022,PHI Mini Market - Jakarta Pusat 01,Kristina Damai,W,Buah,jeruk 1 kg,DKI Jakarta,Jakarta Pusat,5048440
01-02-2022,PHI Mini Market - Jakarta Pusat 01,Kristina Damai,W,Buah,kelapa muda,DKI Jakarta,Jakarta Pusat,1644230
01-02-2022,PHI Mini Market - Jakarta Pusat 01,Kristina Damai,W,Buah,mangga 1 kg,DKI Jakarta,Jakarta Pusat,4488050
01-02-2022,PHI Mini Market - Jakarta Pusat 01,Kristina Damai,W,Makanan & Minuman,air mineral 600 ml,DKI Jakarta,Jakarta Pusat,311490
01-02-2022,PHI Mini Market - Jakarta Pusat 01,Kristina Damai,W,Makanan & Minuman,bumbu fried chicken,DKI Jakarta,Jakarta Pusat,3056950
01-02-2022,PHI Mini Market - Jakarta Pusat 01,Kristina Damai,W,Makanan & Minuman,jus kesehatan 600 ml,DKI Jakarta,Jakarta Pusat,3231120
01-02-2022,PHI Mini Market - Jakarta Pusat 01,Kristina Damai,W,Makanan & Minuman,kacang goreng 1 kg,DKI Jakarta,Jakarta Pusat,2966850
01-02-2022,PHI Mini Market - Jakarta Pusat 01,Kristina Damai,W,Makanan & Minuman,kacang mete 1 kg,DKI Jakarta,Jakarta Pusat,11785390
01-02-2022,PHI Mini Market - Jakarta Pusat 01,Kristina Damai,W,Makanan & Minuman,markisa 600 ml,DKI Jakarta,Jakarta Pusat,4537480
01-02-2022,PHI Mini Market - Jakarta Pusat 01,Kristina Damai,W,Makanan & Minuman,mie instant 1 kotak (40 bungkus),DKI Jakarta,Jakarta Pusat,16753100
01-02-2022,PHI Mini Market - Jakarta Pusat 01,Kristina Damai,W,Makanan & Minuman,minuman probiotik,DKI Jakarta,Jakarta Pusat,129220
01-02-2022,PHI Mini Market - Jakarta Pusat 01,Kristina Damai,W,Makanan & Minuman,nasi goreng instant (1 ons),DKI Jakarta,Jakarta Pusat,1863670
01-02-2022,PHI Mini Market - Jakarta Pusat 01,Kristina Damai,W,Makanan & Minuman,snack gurih 1 ons,DKI Jakarta,Jakarta Pusat,1966690
01-02-2022,PHI Mini Market - Jakarta Pusat 01,Kristina Damai,W,Makanan & Minuman,susu kotak (800 ml),DKI Jakarta,Jakarta Pusat,3694010
01-02-2022,PHI Mini Market - Jakarta Pusat 01,Kristina Damai,W,Makanan & Minuman,susu kotak 1 l,DKI Jakarta,Jakarta Pusat,3553900
01-02-2022,PHI Mini Market - Jakarta Pusat 01,Kristina Damai,W,Makanan & Minuman,telur ayam kampung 1 kg,DKI Jakarta,Jakarta Pusat,7730540
01-02-2022,PHI Mini Market - Jakarta Pusat 01,Kristina Damai,W,Makanan & Minuman,telur ayam ras 1 kg,DKI Jakarta,Jakarta Pusat,3776640
01-02-2022,PHI Mini Market - Jakarta Pusat 01,Kristina Damai,W,Sayur-Sayuran,bawang merah 1 kg,DKI Jakarta,Jakarta Pusat,3103740
01-02-2022,PHI Mini Market - Jakarta Pusat 01,Kristina Damai,W,Sayur-Sayuran,bawang putih 1 kg,DKI Jakarta,Jakarta Pusat,1082780
01-02-2022,PHI Mini Market - Jakarta Pusat 01,Kristina Damai,W,Sayur-Sayuran,buncis 1 kg,DKI Jakarta,Jakarta Pusat,1244720
01-02-2022,PHI Mini Market - Jakarta Pusat 01,Kristina Damai,W,Sayur-Sayuran,kacang hijau 1 kg,DKI Jakarta,Jakarta Pusat,2511160
01-02-2022,PHI Mini Market - Jakarta Pusat 01,Kristina Damai,W,Sayur-Sayuran,kacang panjang 1 kg,DKI Jakarta,Jakarta Pusat,2949850
01-02-2022,PHI Mini Market - Jakarta Pusat 01,Kristina Damai,W,Sayur-Sayuran,kentang 1 kg,DKI Jakarta,Jakarta Pusat,1486810
01-02-2022,PHI Mini Market - Jakarta Pusat 01,Kristina Damai,W,Sayur-Sayuran,ketimun 1 kg,DKI Jakarta,Jakarta Pusat,786590
01-02-2022,PHI Mini Market - Jakarta Pusat 01,Kristina Damai,W,Sayur-Sayuran,kobis 1 kg,DKI Jakarta,Jakarta Pusat,396730
01-02-2022,PHI Mini Market - Jakarta Pusat 01,Kristina Damai,W,Sayur-Sayuran,tomat 1 kg,DKI Jakarta,Jakarta Pusat,1041800
01-02-2022,PHI Mini Market - Jakarta Pusat 01,Kristina Damai,W,Sayur-Sayuran,ubi jalar 1 kg,DKI Jakarta,Jakarta Pusat,366490
01-02-2022,PHI Mini Market - Jakarta Pusat 01,Kristina Damai,W,Sayur-Sayuran,ubi kayu basah 1 kg,DKI Jakarta,Jakarta Pusat,329860
01-02-2022,PHI Mini Market - Jakarta Pusat 01,Kristina Damai,W,Sayur-Sayuran,wortel 1 kg,DKI Jakarta,Jakarta Pusat,1430200
01-02-2022,PHI Mini Market - Jakarta Pusat 01,Kusuma Dominik,P,Buah,alpukat 1 kg,DKI Jakarta,Jakarta Pusat,1715790
01-02-2022,PHI Mini Market - Jakarta Pusat 01,Kusuma Dominik,P,Buah,apel 1 kg,DKI Jakarta,Jakarta Pusat,11929910
01-02-2022,PHI Mini Market - Jakarta Pusat 01,Kusuma Dominik,P,Buah,belimbing 1 kg,DKI Jakarta,Jakarta Pusat,1117480
01-02-2022,PHI Mini Market - Jakarta Pusat 01,Kusuma Dominik,P,Buah,durian 1 kg,DKI Jakarta,Jakarta Pusat,5563760
01-02-2022,PHI Mini Market - Jakarta Pusat 01,Kusuma Dominik,P,Buah,jeruk 1 kg,DKI Jakarta,Jakarta Pusat,3464190
01-02-2022,PHI Mini Market - Jakarta Pusat 01,Kusuma Dominik,P,Buah,kelapa muda,DKI Jakarta,Jakarta Pusat,1403510
01-02-2022,PHI Mini Market - Jakarta Pusat 01,Kusuma Dominik,P,Makanan & Minuman,air mineral 600 ml,DKI Jakarta,Jakarta Pusat,359370
01-02-2022,PHI Mini Market - Jakarta Pusat 01,Kusuma Dominik,P,Makanan & Minuman,bumbu fried chicken,DKI Jakarta,Jakarta Pusat,4499150
01-02-2022,PHI Mini Market - Jakarta Pusat 01,Kusuma Dominik,P,Makanan & Minuman,jus kesehatan 600 ml,DKI Jakarta,Jakarta Pusat,2361300
01-02-2022,PHI Mini Market - Jakarta Pusat 01,Kusuma Dominik,P,Makanan & Minuman,kacang goreng 1 kg,DKI Jakarta,Jakarta Pusat,2388220
01-02-2022,PHI Mini Market - Jakarta Pusat 01,Kusuma Dominik,P,Makanan & Minuman,kacang mete 1 kg,DKI Jakarta,Jakarta Pusat,18415610
01-02-2022,PHI Mini Market - Jakarta Pusat 01,Kusuma Dominik,P,Makanan & Minuman,markisa 600 ml,DKI Jakarta,Jakarta Pusat,4121630
01-02-2022,PHI Mini Market - Jakarta Pusat 01,Kusuma Dominik,P,Makanan & Minuman,mie instant 1 kotak (40 bungkus),DKI Jakarta,Jakarta Pusat,27723850
01-02-2022,PHI Mini Market - Jakarta Pusat 01,Kusuma Dominik,P,Makanan & Minuman,minuman probiotik,DKI Jakarta,Jakarta Pusat,219150
01-02-2022,PHI Mini Market - Jakarta Pusat 01,Kusuma Dominik,P,Makanan & Minuman,nasi goreng instant (1 ons),DKI Jakarta,Jakarta Pusat,1569860
01-02-2022,PHI Mini Market - Jakarta Pusat 01,Kusuma Dominik,P,Makanan & Minuman,snack gurih 1 ons,DKI Jakarta,Jakarta Pusat,1435870
01-02-2022,PHI Mini Market - Jakarta Pusat 01,Kusuma Dominik,P,Makanan & Minuman,susu kotak (800 ml),DKI Jakarta,Jakarta Pusat,4806980
01-02-2022,PHI Mini Market - Jakarta Pusat 01,Kusuma Dominik,P,Makanan & Minuman,susu kotak 1 l,DKI Jakarta,Jakarta Pusat,2459060
01-02-2022,PHI Mini Market - Jakarta Pusat 01,Kusuma Dominik,P,Makanan & Minuman,telur ayam kampung 1 kg,DKI Jakarta,Jakarta Pusat,3327240
01-02-2022,PHI Mini Market - Jakarta Pusat 01,Kusuma Dominik,P,Makanan & Minuman,telur ayam ras 1 kg,DKI Jakarta,Jakarta Pusat,2652860
01-02-2022,PHI Mini Market - Jakarta Pusat 01,Kusuma Dominik,P,Sayur-Sayuran,bawang merah 1 kg,DKI Jakarta,Jakarta Pusat,4016810
01-02-2022,PHI Mini Market - Jakarta Pusat 01,Kusuma Dominik,P,Sayur-Sayuran,bawang putih 1 kg,DKI Jakarta,Jakarta Pusat,1446540
01-02-2022,PHI Mini Market - Jakarta Pusat 01,Kusuma Dominik,P,Sayur-Sayuran,buncis 1 kg,DKI Jakarta,Jakarta Pusat,2154110
01-02-2022,PHI Mini Market - Jakarta Pusat 01,Kusuma Dominik,P,Sayur-Sayuran,kacang hijau 1 kg,DKI Jakarta,Jakarta Pusat,2078650
01-02-2022,PHI Mini Market - Jakarta Pusat 01,Kusuma Dominik,P,Sayur-Sayuran,kacang panjang 1 kg,DKI Jakarta,Jakarta Pusat,1516410
01-02-2022,PHI Mini Market - Jakarta Pusat 01,Kusuma Dominik,P,Sayur-Sayuran,kentang 1 kg,DKI Jakarta,Jakarta Pusat,2825200
01-02-2022,PHI Mini Market - Jakarta Pusat 01,Kusuma Dominik,P,Sayur-Sayuran,ketimun 1 kg,DKI Jakarta,Jakarta Pusat,1616200
01-02-2022,PHI Mini Market - Jakarta Pusat 01,Kusuma Dominik,P,Sayur-Sayuran,kobis 1 kg,DKI Jakarta,Jakarta Pusat,346920
01-02-2022,PHI Mini Market - Jakarta Pusat 01,Kusuma Dominik,P,Sayur-Sayuran,tomat 1 kg,DKI Jakarta,Jakarta Pusat,1188100
01-02-2022,PHI Mini Market - Jakarta Pusat 01,Kusuma Dominik,P,Sayur-Sayuran,ubi jalar 1 kg,DKI Jakarta,Jakarta Pusat,489250
01-02-2022,PHI Mini Market - Jakarta Pusat 01,Kusuma Dominik,P,Sayur-Sayuran,ubi kayu basah 1 kg,DKI Jakarta,Jakarta Pusat,177460
01-02-2022,PHI Mini Market - Jakarta Pusat 01,Kusuma Dominik,P,Sayur-Sayuran,wortel 1 kg,DKI Jakarta,Jakarta Pusat,1281400
01-02-2022,PHI Mini Market - Jakarta Pusat 01,Sentosa Indrawan,P,Buah,alpukat 1 kg,DKI Jakarta,Jakarta Pusat,1554090
01-02-2022,PHI Mini Market - Jakarta Pusat 01,Sentosa Indrawan,P,Buah,apel 1 kg,DKI Jakarta,Jakarta Pusat,14785870
01-02-2022,PHI Mini Market - Jakarta Pusat 01,Sentosa Indrawan,P,Buah,belimbing 1 kg,DKI Jakarta,Jakarta Pusat,1359340
01-02-2022,PHI Mini Market - Jakarta Pusat 01,Sentosa Indrawan,P,Buah,durian 1 kg,DKI Jakarta,Jakarta Pusat,4970440
01-02-2022,PHI Mini Market - Jakarta Pusat 01,Sentosa Indrawan,P,Buah,jeruk 1 kg,DKI Jakarta,Jakarta Pusat,3721220
01-02-2022,PHI Mini Market - Jakarta Pusat 01,Sentosa Indrawan,P,Buah,kelapa muda,DKI Jakarta,Jakarta Pusat,1881300
01-02-2022,PHI Mini Market - Jakarta Pusat 01,Sentosa Indrawan,P,Makanan & Minuman,air mineral 600 ml,DKI Jakarta,Jakarta Pusat,409670
01-02-2022,PHI Mini Market - Jakarta Pusat 01,Sentosa Indrawan,P,Makanan & Minuman,bumbu fried chicken,DKI Jakarta,Jakarta Pusat,3785950
01-02-2022,PHI Mini Market - Jakarta Pusat 01,Sentosa Indrawan,P,Makanan & Minuman,jus kesehatan 600 ml,DKI Jakarta,Jakarta Pusat,2827460
01-02-2022,PHI Mini Market - Jakarta Pusat 01,Sentosa Indrawan,P,Makanan & Minuman,kacang goreng 1 kg,DKI Jakarta,Jakarta Pusat,3063800
01-02-2022,PHI Mini Market - Jakarta Pusat 01,Sentosa Indrawan,P,Makanan & Minuman,kacang mete 1 kg,DKI Jakarta,Jakarta Pusat,22350690
01-02-2022,PHI Mini Market - Jakarta Pusat 01,Sentosa Indrawan,P,Makanan & Minuman,markisa 600 ml,DKI Jakarta,Jakarta Pusat,3078590
01-02-2022,PHI Mini Market - Jakarta Pusat 01,Sentosa Indrawan,P,Makanan & Minuman,mie instant 1 kotak (40 bungkus),DKI Jakarta,Jakarta Pusat,28621200
01-02-2022,PHI Mini Market - Jakarta Pusat 01,Sentosa Indrawan,P,Makanan & Minuman,minuman probiotik,DKI Jakarta,Jakarta Pusat,358890
01-02-2022,PHI Mini Market - Jakarta Pusat 01,Sentosa Indrawan,P,Makanan & Minuman,nasi goreng instant (1 ons),DKI Jakarta,Jakarta Pusat,1432310
01-02-2022,PHI Mini Market - Jakarta Pusat 01,Sentosa Indrawan,P,Makanan & Minuman,snack gurih 1 ons,DKI Jakarta,Jakarta Pusat,1782540
01-02-2022,PHI Mini Market - Jakarta Pusat 01,Sentosa Indrawan,P,Makanan & Minuman,susu kotak (800 ml),DKI Jakarta,Jakarta Pusat,3372830
01-02-2022,PHI Mini Market - Jakarta Pusat 01,Sentosa Indrawan,P,Makanan & Minuman,susu kotak 1 l,DKI Jakarta,Jakarta Pusat,2956720
01-02-2022,PHI Mini Market - Jakarta Pusat 01,Sentosa Indrawan,P,Makanan & Minuman,telur ayam kampung 1 kg,DKI Jakarta,Jakarta Pusat,4479760
01-02-2022,PHI Mini Market - Jakarta Pusat 01,Sentosa Indrawan,P,Makanan & Minuman,telur ayam ras 1 kg,DKI Jakarta,Jakarta Pusat,3188420
01-02-2022,PHI Mini Market - Jakarta Pusat 01,Sentosa Indrawan,P,Sayur-Sayuran,bawang merah 1 kg,DKI Jakarta,Jakarta Pusat,3456420
01-02-2022,PHI Mini Market - Jakarta Pusat 01,Sentosa Indrawan,P,Sayur-Sayuran,bawang putih 1 kg,DKI Jakarta,Jakarta Pusat,1758440
01-02-2022,PHI Mini Market - Jakarta Pusat 01,Sentosa Indrawan,P,Sayur-Sayuran,buncis 1 kg,DKI Jakarta,Jakarta Pusat,1923620
01-02-2022,PHI Mini Market - Jakarta Pusat 01,Sentosa Indrawan,P,Sayur-Sayuran,kacang hijau 1 kg,DKI Jakarta,Jakarta Pusat,2129530
01-02-2022,PHI Mini Market - Jakarta Pusat 01,Sentosa Indrawan,P,Sayur-Sayuran,kacang panjang 1 kg,DKI Jakarta,Jakarta Pusat,2190310
01-02-2022,PHI Mini Market - Jakarta Pusat 01,Sentosa Indrawan,P,Sayur-Sayuran,kentang 1 kg,DKI Jakarta,Jakarta Pusat,3123560
01-02-2022,PHI Mini Market - Jakarta Pusat 01,Sentosa Indrawan,P,Sayur-Sayuran,ketimun 1 kg,DKI Jakarta,Jakarta Pusat,1864510
01-02-2022,PHI Mini Market - Jakarta Pusat 01,Sentosa Indrawan,P,Sayur-Sayuran,kobis 1 kg,DKI Jakarta,Jakarta Pusat,350250
01-02-2022,PHI Mini Market - Jakarta Pusat 01,Sentosa Indrawan,P,Sayur-Sayuran,tomat 1 kg,DKI Jakarta,Jakarta Pusat,1405350
01-02-2022,PHI Mini Market - Jakarta Pusat 01,Sentosa Indrawan,P,Sayur-Sayuran,ubi jalar 1 kg,DKI Jakarta,Jakarta Pusat,391210
01-02-2022,PHI Mini Market - Jakarta Pusat 01,Sentosa Indrawan,P,Sayur-Sayuran,ubi kayu basah 1 kg,DKI Jakarta,Jakarta Pusat,167340
01-02-2022,PHI Mini Market - Jakarta Pusat 01,Sentosa Indrawan,P,Sayur-Sayuran,wortel 1 kg,DKI Jakarta,Jakarta Pusat,1527320
01-02-2022,PHI Mini Market - Makassar 01,Agus Dewangga,P,Buah,alpukat 1 kg,Sulawesi Selatan,Makassar,2622910
01-02-2022,PHI Mini Market - Makassar 01,Agus Dewangga,P,Buah,apel 1 kg,Sulawesi Selatan,Makassar,18128700
01-02-2022,PHI Mini Market - Makassar 01,Agus Dewangga,P,Buah,belimbing 1 kg,Sulawesi Selatan,Makassar,1356510
01-02-2022,PHI Mini Market - Makassar 01,Agus Dewangga,P,Buah,durian 1 kg,Sulawesi Selatan,Makassar,5578440
01-02-2022,PHI Mini Market - Makassar 01,Agus Dewangga,P,Buah,jeruk 1 kg,Sulawesi Selatan,Makassar,3775950
01-02-2022,PHI Mini Market - Makassar 01,Agus Dewangga,P,Buah,kelapa muda,Sulawesi Selatan,Makassar,1784770
01-02-2022,PHI Mini Market - Makassar 01,Agus Dewangga,P,Buah,mangga 1 kg,Sulawesi Selatan,Makassar,4348620
01-02-2022,PHI Mini Market - Makassar 01,Agus Dewangga,P,Makanan & Minuman,air mineral 600 ml,Sulawesi Selatan,Makassar,238120
01-02-2022,PHI Mini Market - Makassar 01,Agus Dewangga,P,Makanan & Minuman,bumbu fried chicken,Sulawesi Selatan,Makassar,5136060
01-02-2022,PHI Mini Market - Makassar 01,Agus Dewangga,P,Makanan & Minuman,jus kesehatan 600 ml,Sulawesi Selatan,Makassar,3819990
01-02-2022,PHI Mini Market - Makassar 01,Agus Dewangga,P,Makanan & Minuman,kacang goreng 1 kg,Sulawesi Selatan,Makassar,4107100
01-02-2022,PHI Mini Market - Makassar 01,Agus Dewangga,P,Makanan & Minuman,kacang mete 1 kg,Sulawesi Selatan,Makassar,16654740
01-02-2022,PHI Mini Market - Makassar 01,Agus Dewangga,P,Makanan & Minuman,markisa 600 ml,Sulawesi Selatan,Makassar,4192870
01-02-2022,PHI Mini Market - Makassar 01,Agus Dewangga,P,Makanan & Minuman,mie instant 1 kotak (40 bungkus),Sulawesi Selatan,Makassar,24358720
01-02-2022,PHI Mini Market - Makassar 01,Agus Dewangga,P,Makanan & Minuman,minuman probiotik,Sulawesi Selatan,Makassar,320670
01-02-2022,PHI Mini Market - Makassar 01,Agus Dewangga,P,Makanan & Minuman,nasi goreng instant (1 ons),Sulawesi Selatan,Makassar,2000450
01-02-2022,PHI Mini Market - Makassar 01,Agus Dewangga,P,Makanan & Minuman,snack gurih 1 ons,Sulawesi Selatan,Makassar,1252150
01-02-2022,PHI Mini Market - Makassar 01,Agus Dewangga,P,Makanan & Minuman,susu kotak (800 ml),Sulawesi Selatan,Makassar,3659100
01-02-2022,PHI Mini Market - Makassar 01,Agus Dewangga,P,Makanan & Minuman,susu kotak 1 l,Sulawesi Selatan,Makassar,2532960
01-02-2022,PHI Mini Market - Makassar 01,Agus Dewangga,P,Makanan & Minuman,telur ayam kampung 1 kg,Sulawesi Selatan,Makassar,6731890
01-02-2022,PHI Mini Market - Makassar 01,Agus Dewangga,P,Makanan & Minuman,telur ayam ras 1 kg,Sulawesi Selatan,Makassar,4126690
01-02-2022,PHI Mini Market - Makassar 01,Agus Dewangga,P,Sayur-Sayuran,bawang merah 1 kg,Sulawesi Selatan,Makassar,4065060
01-02-2022,PHI Mini Market - Makassar 01,Agus Dewangga,P,Sayur-Sayuran,bawang putih 1 kg,Sulawesi Selatan,Makassar,1129040
01-02-2022,PHI Mini Market - Makassar 01,Agus Dewangga,P,Sayur-Sayuran,buncis 1 kg,Sulawesi Selatan,Makassar,1575580
01-02-2022,PHI Mini Market - Makassar 01,Agus Dewangga,P,Sayur-Sayuran,kacang hijau 1 kg,Sulawesi Selatan,Makassar,2098880
01-02-2022,PHI Mini Market - Makassar 01,Agus Dewangga,P,Sayur-Sayuran,kacang panjang 1 kg,Sulawesi Selatan,Makassar,2287560
01-02-2022,PHI Mini Market - Makassar 01,Agus Dewangga,P,Sayur-Sayuran,kentang 1 kg,Sulawesi Selatan,Makassar,2938480
01-02-2022,PHI Mini Market - Makassar 01,Agus Dewangga,P,Sayur-Sayuran,ketimun 1 kg,Sulawesi Selatan,Makassar,970810
01-02-2022,PHI Mini Market - Makassar 01,Agus Dewangga,P,Sayur-Sayuran,kobis 1 kg,Sulawesi Selatan,Makassar,292060
01-02-2022,PHI Mini Market - Makassar 01,Agus Dewangga,P,Sayur-Sayuran,tomat 1 kg,Sulawesi Selatan,Makassar,1327440
01-02-2022,PHI Mini Market - Makassar 01,Agus Dewangga,P,Sayur-Sayuran,ubi jalar 1 kg,Sulawesi Selatan,Makassar,347660
01-02-2022,PHI Mini Market - Makassar 01,Agus Dewangga,P,Sayur-Sayuran,ubi kayu basah 1 kg,Sulawesi Selatan,Makassar,327240
01-02-2022,PHI Mini Market - Makassar 01,Agus Dewangga,P,Sayur-Sayuran,wortel 1 kg,Sulawesi Selatan,Makassar,1095930
01-02-2022,PHI Mini Market - Makassar 01,Bintang Maven,W,Buah,alpukat 1 kg,Sulawesi Selatan,Makassar,1472020
01-02-2022,PHI Mini Market - Makassar 01,Bintang Maven,W,Buah,apel 1 kg,Sulawesi Selatan,Makassar,17556300
01-02-2022,PHI Mini Market - Makassar 01,Bintang Maven,W,Buah,belimbing 1 kg,Sulawesi Selatan,Makassar,777910
01-02-2022,PHI Mini Market - Makassar 01,Bintang Maven,W,Buah,durian 1 kg,Sulawesi Selatan,Makassar,5399760
01-02-2022,PHI Mini Market - Makassar 01,Bintang Maven,W,Buah,jeruk 1 kg,Sulawesi Selatan,Makassar,4845390
01-02-2022,PHI Mini Market - Makassar 01,Bintang Maven,W,Buah,kelapa muda,Sulawesi Selatan,Makassar,1422940
01-02-2022,PHI Mini Market - Makassar 01,Bintang Maven,W,Buah,mangga 1 kg,Sulawesi Selatan,Makassar,3134850
01-02-2022,PHI Mini Market - Makassar 01,Bintang Maven,W,Makanan & Minuman,air mineral 600 ml,Sulawesi Selatan,Makassar,498280
01-02-2022,PHI Mini Market - Makassar 01,Bintang Maven,W,Makanan & Minuman,bumbu fried chicken,Sulawesi Selatan,Makassar,5100290
01-02-2022,PHI Mini Market - Makassar 01,Bintang Maven,W,Makanan & Minuman,jus kesehatan 600 ml,Sulawesi Selatan,Makassar,4235740
01-02-2022,PHI Mini Market - Makassar 01,Bintang Maven,W,Makanan & Minuman,kacang goreng 1 kg,Sulawesi Selatan,Makassar,3158780
01-02-2022,PHI Mini Market - Makassar 01,Bintang Maven,W,Makanan & Minuman,kacang mete 1 kg,Sulawesi Selatan,Makassar,23489330
01-02-2022,PHI Mini Market - Makassar 01,Bintang Maven,W,Makanan & Minuman,markisa 600 ml,Sulawesi Selatan,Makassar,3326700
01-02-2022,PHI Mini Market - Makassar 01,Bintang Maven,W,Makanan & Minuman,mie instant 1 kotak (40 bungkus),Sulawesi Selatan,Makassar,28150660
01-02-2022,PHI Mini Market - Makassar 01,Bintang Maven,W,Makanan & Minuman,minuman probiotik,Sulawesi Selatan,Makassar,173060
01-02-2022,PHI Mini Market - Makassar 01,Bintang Maven,W,Makanan & Minuman,nasi goreng instant (1 ons),Sulawesi Selatan,Makassar,1147800
01-02-2022,PHI Mini Market - Makassar 01,Bintang Maven,W,Makanan & Minuman,snack gurih 1 ons,Sulawesi Selatan,Makassar,1989210
01-02-2022,PHI Mini Market - Makassar 01,Bintang Maven,W,Makanan & Minuman,susu kotak (800 ml),Sulawesi Selatan,Makassar,2736890
01-02-2022,PHI Mini Market - Makassar 01,Bintang Maven,W,Makanan & Minuman,susu kotak 1 l,Sulawesi Selatan,Makassar,4754460
01-02-2022,PHI Mini Market - Makassar 01,Bintang Maven,W,Makanan & Minuman,telur ayam kampung 1 kg,Sulawesi Selatan,Makassar,7033840
01-02-2022,PHI Mini Market - Makassar 01,Bintang Maven,W,Makanan & Minuman,telur ayam ras 1 kg,Sulawesi Selatan,Makassar,3211700
01-02-2022,PHI Mini Market - Makassar 01,Bintang Maven,W,Sayur-Sayuran,bawang merah 1 kg,Sulawesi Selatan,Makassar,3694410
01-02-2022,PHI Mini Market - Makassar 01,Bintang Maven,W,Sayur-Sayuran,bawang putih 1 kg,Sulawesi Selatan,Makassar,717760
01-02-2022,PHI Mini Market - Makassar 01,Bintang Maven,W,Sayur-Sayuran,buncis 1 kg,Sulawesi Selatan,Makassar,1826890
01-02-2022,PHI Mini Market - Makassar 01,Bintang Maven,W,Sayur-Sayuran,kacang hijau 1 kg,Sulawesi Selatan,Makassar,1855070
01-02-2022,PHI Mini Market - Makassar 01,Bintang Maven,W,Sayur-Sayuran,kacang panjang 1 kg,Sulawesi Selatan,Makassar,1587470
01-02-2022,PHI Mini Market - Makassar 01,Bintang Maven,W,Sayur-Sayuran,kentang 1 kg,Sulawesi Selatan,Makassar,2274420
01-02-2022,PHI Mini Market - Makassar 01,Bintang Maven,W,Sayur-Sayuran,ketimun 1 kg,Sulawesi Selatan,Makassar,1245860
01-02-2022,PHI Mini Market - Makassar 01,Bintang Maven,W,Sayur-Sayuran,kobis 1 kg,Sulawesi Selatan,Makassar,323870
01-02-2022,PHI Mini Market - Makassar 01,Bintang Maven,W,Sayur-Sayuran,tomat 1 kg,Sulawesi Selatan,Makassar,1291910
01-02-2022,PHI Mini Market - Makassar 01,Bintang Maven,W,Sayur-Sayuran,ubi jalar 1 kg,Sulawesi Selatan,Makassar,380220
01-02-2022,PHI Mini Market - Makassar 01,Bintang Maven,W,Sayur-Sayuran,ubi kayu basah 1 kg,Sulawesi Selatan,Makassar,452350
01-02-2022,PHI Mini Market - Makassar 01,Bintang Maven,W,Sayur-Sayuran,wortel 1 kg,Sulawesi Selatan,Makassar,937880
01-02-2022,PHI Mini Market - Makassar 01,Eriq Jagat,P,Buah,alpukat 1 kg,Sulawesi Selatan,Makassar,1376170
01-02-2022,PHI Mini Market - Makassar 01,Eriq Jagat,P,Buah,apel 1 kg,Sulawesi Selatan,Makassar,11575310
01-02-2022,PHI Mini Market - Makassar 01,Eriq Jagat,P,Buah,belimbing 1 kg,Sulawesi Selatan,Makassar,919650
01-02-2022,PHI Mini Market - Makassar 01,Eriq Jagat,P,Buah,durian 1 kg,Sulawesi Selatan,Makassar,5204340
01-02-2022,PHI Mini Market - Makassar 01,Eriq Jagat,P,Buah,jeruk 1 kg,Sulawesi Selatan,Makassar,3647080
01-02-2022,PHI Mini Market - Makassar 01,Eriq Jagat,P,Buah,kelapa muda,Sulawesi Selatan,Makassar,720790
01-02-2022,PHI Mini Market - Makassar 01,Eriq Jagat,P,Makanan & Minuman,air mineral 600 ml,Sulawesi Selatan,Makassar,322680
01-02-2022,PHI Mini Market - Makassar 01,Eriq Jagat,P,Makanan & Minuman,bumbu fried chicken,Sulawesi Selatan,Makassar,4690920
01-02-2022,PHI Mini Market - Makassar 01,Eriq Jagat,P,Makanan & Minuman,jus kesehatan 600 ml,Sulawesi Selatan,Makassar,4117860
01-02-2022,PHI Mini Market - Makassar 01,Eriq Jagat,P,Makanan & Minuman,kacang goreng 1 kg,Sulawesi Selatan,Makassar,3383260
01-02-2022,PHI Mini Market - Makassar 01,Eriq Jagat,P,Makanan & Minuman,kacang mete 1 kg,Sulawesi Selatan,Makassar,19199370
01-02-2022,PHI Mini Market - Makassar 01,Eriq Jagat,P,Makanan & Minuman,markisa 600 ml,Sulawesi Selatan,Makassar,4555410
01-02-2022,PHI Mini Market - Makassar 01,Eriq Jagat,P,Makanan & Minuman,mie instant 1 kotak (40 bungkus),Sulawesi Selatan,Makassar,38679310
01-02-2022,PHI Mini Market - Makassar 01,Eriq Jagat,P,Makanan & Minuman,minuman probiotik,Sulawesi Selatan,Makassar,311400
01-02-2022,PHI Mini Market - Makassar 01,Eriq Jagat,P,Makanan & Minuman,nasi goreng instant (1 ons),Sulawesi Selatan,Makassar,2038120
01-02-2022,PHI Mini Market - Makassar 01,Eriq Jagat,P,Makanan & Minuman,snack gurih 1 ons,Sulawesi Selatan,Makassar,2390660
01-02-2022,PHI Mini Market - Makassar 01,Eriq Jagat,P,Makanan & Minuman,susu kotak (800 ml),Sulawesi Selatan,Makassar,4205410
01-02-2022,PHI Mini Market - Makassar 01,Eriq Jagat,P,Makanan & Minuman,susu kotak 1 l,Sulawesi Selatan,Makassar,2931520
01-02-2022,PHI Mini Market - Makassar 01,Eriq Jagat,P,Makanan & Minuman,telur ayam kampung 1 kg,Sulawesi Selatan,Makassar,5550170
01-02-2022,PHI Mini Market - Makassar 01,Eriq Jagat,P,Makanan & Minuman,telur ayam ras 1 kg,Sulawesi Selatan,Makassar,2589390
01-02-2022,PHI Mini Market - Makassar 01,Eriq Jagat,P,Sayur-Sayuran,bawang merah 1 kg,Sulawesi Selatan,Makassar,2382520
01-02-2022,PHI Mini Market - Makassar 01,Eriq Jagat,P,Sayur-Sayuran,bawang putih 1 kg,Sulawesi Selatan,Makassar,1082690
01-02-2022,PHI Mini Market - Makassar 01,Eriq Jagat,P,Sayur-Sayuran,buncis 1 kg,Sulawesi Selatan,Makassar,2320700
01-02-2022,PHI Mini Market - Makassar 01,Eriq Jagat,P,Sayur-Sayuran,kacang hijau 1 kg,Sulawesi Selatan,Makassar,2216340
01-02-2022,PHI Mini Market - Makassar 01,Eriq Jagat,P,Sayur-Sayuran,kacang panjang 1 kg,Sulawesi Selatan,Makassar,2809250
01-02-2022,PHI Mini Market - Makassar 01,Eriq Jagat,P,Sayur-Sayuran,kentang 1 kg,Sulawesi Selatan,Makassar,3212230
01-02-2022,PHI Mini Market - Makassar 01,Eriq Jagat,P,Sayur-Sayuran,ketimun 1 kg,Sulawesi Selatan,Makassar,1746650
01-02-2022,PHI Mini Market - Makassar 01,Eriq Jagat,P,Sayur-Sayuran,kobis 1 kg,Sulawesi Selatan,Makassar,355050
01-02-2022,PHI Mini Market - Makassar 01,Eriq Jagat,P,Sayur-Sayuran,tomat 1 kg,Sulawesi Selatan,Makassar,1441330
01-02-2022,PHI Mini Market - Makassar 01,Eriq Jagat,P,Sayur-Sayuran,ubi jalar 1 kg,Sulawesi Selatan,Makassar,389060
01-02-2022,PHI Mini Market - Makassar 01,Eriq Jagat,P,Sayur-Sayuran,ubi kayu basah 1 kg,Sulawesi Selatan,Makassar,366570
01-02-2022,PHI Mini Market - Makassar 01,Eriq Jagat,P,Sayur-Sayuran,wortel 1 kg,Sulawesi Selatan,Makassar,1122460
01-02-2022,PHI Mini Market - Makassar 01,Eriq Menawan,P,Buah,alpukat 1 kg,Sulawesi Selatan,Makassar,1601860
01-02-2022,PHI Mini Market - Makassar 01,Eriq Menawan,P,Buah,apel 1 kg,Sulawesi Selatan,Makassar,14207530
01-02-2022,PHI Mini Market - Makassar 01,Eriq Menawan,P,Buah,belimbing 1 kg,Sulawesi Selatan,Makassar,1392450
01-02-2022,PHI Mini Market - Makassar 01,Eriq Menawan,P,Buah,durian 1 kg,Sulawesi Selatan,Makassar,6344630
01-02-2022,PHI Mini Market - Makassar 01,Eriq Menawan,P,Buah,jeruk 1 kg,Sulawesi Selatan,Makassar,3025970
01-02-2022,PHI Mini Market - Makassar 01,Eriq Menawan,P,Buah,kelapa muda,Sulawesi Selatan,Makassar,1737220
01-02-2022,PHI Mini Market - Makassar 01,Eriq Menawan,P,Makanan & Minuman,air mineral 600 ml,Sulawesi Selatan,Makassar,410670
01-02-2022,PHI Mini Market - Makassar 01,Eriq Menawan,P,Makanan & Minuman,bumbu fried chicken,Sulawesi Selatan,Makassar,4566320
01-02-2022,PHI Mini Market - Makassar 01,Eriq Menawan,P,Makanan & Minuman,jus kesehatan 600 ml,Sulawesi Selatan,Makassar,2215800
01-02-2022,PHI Mini Market - Makassar 01,Eriq Menawan,P,Makanan & Minuman,kacang goreng 1 kg,Sulawesi Selatan,Makassar,4200200
01-02-2022,PHI Mini Market - Makassar 01,Eriq Menawan,P,Makanan & Minuman,kacang mete 1 kg,Sulawesi Selatan,Makassar,23008020
01-02-2022,PHI Mini Market - Makassar 01,Eriq Menawan,P,Makanan & Minuman,markisa 600 ml,Sulawesi Selatan,Makassar,5100540
01-02-2022,PHI Mini Market - Makassar 01,Eriq Menawan,P,Makanan & Minuman,mie instant 1 kotak (40 bungkus),Sulawesi Selatan,Makassar,45398910
01-02-2022,PHI Mini Market - Makassar 01,Eriq Menawan,P,Makanan & Minuman,minuman probiotik,Sulawesi Selatan,Makassar,359450
01-02-2022,PHI Mini Market - Makassar 01,Eriq Menawan,P,Makanan & Minuman,nasi goreng instant (1 ons),Sulawesi Selatan,Makassar,1902660
01-02-2022,PHI Mini Market - Makassar 01,Eriq Menawan,P,Makanan & Minuman,snack gurih 1 ons,Sulawesi Selatan,Makassar,1444220
01-02-2022,PHI Mini Market - Makassar 01,Eriq Menawan,P,Makanan & Minuman,susu kotak (800 ml),Sulawesi Selatan,Makassar,2942710
01-02-2022,PHI Mini Market - Makassar 01,Eriq Menawan,P,Makanan & Minuman,susu kotak 1 l,Sulawesi Selatan,Makassar,2693900
01-02-2022,PHI Mini Market - Makassar 01,Eriq Menawan,P,Makanan & Minuman,telur ayam kampung 1 kg,Sulawesi Selatan,Makassar,4618260
01-02-2022,PHI Mini Market - Makassar 01,Eriq Menawan,P,Makanan & Minuman,telur ayam ras 1 kg,Sulawesi Selatan,Makassar,2717190
01-02-2022,PHI Mini Market - Makassar 01,Eriq Menawan,P,Sayur-Sayuran,bawang merah 1 kg,Sulawesi Selatan,Makassar,2946840
01-02-2022,PHI Mini Market - Makassar 01,Eriq Menawan,P,Sayur-Sayuran,bawang putih 1 kg,Sulawesi Selatan,Makassar,1146780
01-02-2022,PHI Mini Market - Makassar 01,Eriq Menawan,P,Sayur-Sayuran,buncis 1 kg,Sulawesi Selatan,Makassar,1247180
01-02-2022,PHI Mini Market - Makassar 01,Eriq Menawan,P,Sayur-Sayuran,kacang hijau 1 kg,Sulawesi Selatan,Makassar,1659380
01-02-2022,PHI Mini Market - Makassar 01,Eriq Menawan,P,Sayur-Sayuran,kacang panjang 1 kg,Sulawesi Selatan,Makassar,2543990
01-02-2022,PHI Mini Market - Makassar 01,Eriq Menawan,P,Sayur-Sayuran,kentang 1 kg,Sulawesi Selatan,Makassar,2562000
01-02-2022,PHI Mini Market - Makassar 01,Eriq Menawan,P,Sayur-Sayuran,ketimun 1 kg,Sulawesi Selatan,Makassar,1286540
01-02-2022,PHI Mini Market - Makassar 01,Eriq Menawan,P,Sayur-Sayuran,kobis 1 kg,Sulawesi Selatan,Makassar,242000
01-02-2022,PHI Mini Market - Makassar 01,Eriq Menawan,P,Sayur-Sayuran,tomat 1 kg,Sulawesi Selatan,Makassar,1769560
01-02-2022,PHI Mini Market - Makassar 01,Eriq Menawan,P,Sayur-Sayuran,ubi jalar 1 kg,Sulawesi Selatan,Makassar,405170
01-02-2022,PHI Mini Market - Makassar 01,Eriq Menawan,P,Sayur-Sayuran,ubi kayu basah 1 kg,Sulawesi Selatan,Makassar,372840
01-02-2022,PHI Mini Market - Makassar 01,Eriq Menawan,P,Sayur-Sayuran,wortel 1 kg,Sulawesi Selatan,Makassar,969190
01-02-2022,PHI Mini Market - Makassar 01,Ferdy Tenteram,P,Buah,alpukat 1 kg,Sulawesi Selatan,Makassar,1117830
01-02-2022,PHI Mini Market - Makassar 01,Ferdy Tenteram,P,Buah,apel 1 kg,Sulawesi Selatan,Makassar,21346810
01-02-2022,PHI Mini Market - Makassar 01,Ferdy Tenteram,P,Buah,belimbing 1 kg,Sulawesi Selatan,Makassar,839200
01-02-2022,PHI Mini Market - Makassar 01,Ferdy Tenteram,P,Buah,durian 1 kg,Sulawesi Selatan,Makassar,6485000
01-02-2022,PHI Mini Market - Makassar 01,Ferdy Tenteram,P,Buah,jeruk 1 kg,Sulawesi Selatan,Makassar,3215510
01-02-2022,PHI Mini Market - Makassar 01,Ferdy Tenteram,P,Buah,kelapa muda,Sulawesi Selatan,Makassar,1217540
01-02-2022,PHI Mini Market - Makassar 01,Ferdy Tenteram,P,Buah,mangga 1 kg,Sulawesi Selatan,Makassar,4576240
01-02-2022,PHI Mini Market - Makassar 01,Ferdy Tenteram,P,Makanan & Minuman,air mineral 600 ml,Sulawesi Selatan,Makassar,495780
01-02-2022,PHI Mini Market - Makassar 01,Ferdy Tenteram,P,Makanan & Minuman,bumbu fried chicken,Sulawesi Selatan,Makassar,4610900
01-02-2022,PHI Mini Market - Makassar 01,Ferdy Tenteram,P,Makanan & Minuman,jus kesehatan 600 ml,Sulawesi Selatan,Makassar,2792230
01-02-2022,PHI Mini Market - Makassar 01,Ferdy Tenteram,P,Makanan & Minuman,kacang goreng 1 kg,Sulawesi Selatan,Makassar,4581720
01-02-2022,PHI Mini Market - Makassar 01,Ferdy Tenteram,P,Makanan & Minuman,kacang mete 1 kg,Sulawesi Selatan,Makassar,16380690
01-02-2022,PHI Mini Market - Makassar 01,Ferdy Tenteram,P,Makanan & Minuman,markisa 600 ml,Sulawesi Selatan,Makassar,3433070
01-02-2022,PHI Mini Market - Makassar 01,Ferdy Tenteram,P,Makanan & Minuman,mie instant 1 kotak (40 bungkus),Sulawesi Selatan,Makassar,29963120
01-02-2022,PHI Mini Market - Makassar 01,Ferdy Tenteram,P,Makanan & Minuman,minuman probiotik,Sulawesi Selatan,Makassar,258850
01-02-2022,PHI Mini Market - Makassar 01,Ferdy Tenteram,P,Makanan & Minuman,nasi goreng instant (1 ons),Sulawesi Selatan,Makassar,1871020
01-02-2022,PHI Mini Market - Makassar 01,Ferdy Tenteram,P,Makanan & Minuman,snack gurih 1 ons,Sulawesi Selatan,Makassar,1753750
01-02-2022,PHI Mini Market - Makassar 01,Ferdy Tenteram,P,Makanan & Minuman,susu kotak (800 ml),Sulawesi Selatan,Makassar,3949280
01-02-2022,PHI Mini Market - Makassar 01,Ferdy Tenteram,P,Makanan & Minuman,susu kotak 1 l,Sulawesi Selatan,Makassar,3191220
01-02-2022,PHI Mini Market - Makassar 01,Ferdy Tenteram,P,Makanan & Minuman,telur ayam kampung 1 kg,Sulawesi Selatan,Makassar,6713250
01-02-2022,PHI Mini Market - Makassar 01,Ferdy Tenteram,P,Makanan & Minuman,telur ayam ras 1 kg,Sulawesi Selatan,Makassar,2872010
01-02-2022,PHI Mini Market - Makassar 01,Ferdy Tenteram,P,Sayur-Sayuran,bawang merah 1 kg,Sulawesi Selatan,Makassar,4196690
01-02-2022,PHI Mini Market - Makassar 01,Ferdy Tenteram,P,Sayur-Sayuran,bawang putih 1 kg,Sulawesi Selatan,Makassar,805580
01-02-2022,PHI Mini Market - Makassar 01,Ferdy Tenteram,P,Sayur-Sayuran,buncis 1 kg,Sulawesi Selatan,Makassar,2758900
01-02-2022,PHI Mini Market - Makassar 01,Ferdy Tenteram,P,Sayur-Sayuran,kacang hijau 1 kg,Sulawesi Selatan,Makassar,1975020
01-02-2022,PHI Mini Market - Makassar 01,Ferdy Tenteram,P,Sayur-Sayuran,kacang panjang 1 kg,Sulawesi Selatan,Makassar,2861070
01-02-2022,PHI Mini Market - Makassar 01,Ferdy Tenteram,P,Sayur-Sayuran,kentang 1 kg,Sulawesi Selatan,Makassar,2289120
01-02-2022,PHI Mini Market - Makassar 01,Ferdy Tenteram,P,Sayur-Sayuran,ketimun 1 kg,Sulawesi Selatan,Makassar,1404210
01-02-2022,PHI Mini Market - Makassar 01,Ferdy Tenteram,P,Sayur-Sayuran,kobis 1 kg,Sulawesi Selatan,Makassar,367550
01-02-2022,PHI Mini Market - Makassar 01,Ferdy Tenteram,P,Sayur-Sayuran,tomat 1 kg,Sulawesi Selatan,Makassar,1871710
01-02-2022,PHI Mini Market - Makassar 01,Ferdy Tenteram,P,Sayur-Sayuran,ubi jalar 1 kg,Sulawesi Selatan,Makassar,328990
01-02-2022,PHI Mini Market - Makassar 01,Ferdy Tenteram,P,Sayur-Sayuran,ubi kayu basah 1 kg,Sulawesi Selatan,Makassar,276120
01-02-2022,PHI Mini Market - Makassar 01,Ferdy Tenteram,P,Sayur-Sayuran,wortel 1 kg,Sulawesi Selatan,Makassar,1176680
01-02-2022,PHI Mini Market - Makassar 01,Galang Terang,P,Buah,alpukat 1 kg,Sulawesi Selatan,Makassar,951790
01-02-2022,PHI Mini Market - Makassar 01,Galang Terang,P,Buah,apel 1 kg,Sulawesi Selatan,Makassar,21036550
01-02-2022,PHI Mini Market - Makassar 01,Galang Terang,P,Buah,belimbing 1 kg,Sulawesi Selatan,Makassar,1674150
01-02-2022,PHI Mini Market - Makassar 01,Galang Terang,P,Buah,durian 1 kg,Sulawesi Selatan,Makassar,4661210
01-02-2022,PHI Mini Market - Makassar 01,Galang Terang,P,Buah,jeruk 1 kg,Sulawesi Selatan,Makassar,3919820
01-02-2022,PHI Mini Market - Makassar 01,Galang Terang,P,Buah,kelapa muda,Sulawesi Selatan,Makassar,1606250
01-02-2022,PHI Mini Market - Makassar 01,Galang Terang,P,Buah,mangga 1 kg,Sulawesi Selatan,Makassar,6196920
01-02-2022,PHI Mini Market - Makassar 01,Galang Terang,P,Makanan & Minuman,air mineral 600 ml,Sulawesi Selatan,Makassar,531830
01-02-2022,PHI Mini Market - Makassar 01,Galang Terang,P,Makanan & Minuman,bumbu fried chicken,Sulawesi Selatan,Makassar,5588070
01-02-2022,PHI Mini Market - Makassar 01,Galang Terang,P,Makanan & Minuman,jus kesehatan 600 ml,Sulawesi Selatan,Makassar,2270890
01-02-2022,PHI Mini Market - Makassar 01,Galang Terang,P,Makanan & Minuman,kacang goreng 1 kg,Sulawesi Selatan,Makassar,4425220
01-02-2022,PHI Mini Market - Makassar 01,Galang Terang,P,Makanan & Minuman,kacang mete 1 kg,Sulawesi Selatan,Makassar,18950020
01-02-2022,PHI Mini Market - Makassar 01,Galang Terang,P,Makanan & Minuman,markisa 600 ml,Sulawesi Selatan,Makassar,4028380
01-02-2022,PHI Mini Market - Makassar 01,Galang Terang,P,Makanan & Minuman,mie instant 1 kotak (40 bungkus),Sulawesi Selatan,Makassar,27489380
01-02-2022,PHI Mini Market - Makassar 01,Galang Terang,P,Makanan & Minuman,minuman probiotik,Sulawesi Selatan,Makassar,252160
01-02-2022,PHI Mini Market - Makassar 01,Galang Terang,P,Makanan & Minuman,nasi goreng instant (1 ons),Sulawesi Selatan,Makassar,1782760
01-02-2022,PHI Mini Market - Makassar 01,Galang Terang,P,Makanan & Minuman,snack gurih 1 ons,Sulawesi Selatan,Makassar,1816210
01-02-2022,PHI Mini Market - Makassar 01,Galang Terang,P,Makanan & Minuman,susu kotak (800 ml),Sulawesi Selatan,Makassar,3127070
01-02-2022,PHI Mini Market - Makassar 01,Galang Terang,P,Makanan & Minuman,susu kotak 1 l,Sulawesi Selatan,Makassar,3407160
01-02-2022,PHI Mini Market - Makassar 01,Galang Terang,P,Makanan & Minuman,telur ayam kampung 1 kg,Sulawesi Selatan,Makassar,6443760
01-02-2022,PHI Mini Market - Makassar 01,Galang Terang,P,Makanan & Minuman,telur ayam ras 1 kg,Sulawesi Selatan,Makassar,4024920
01-02-2022,PHI Mini Market - Makassar 01,Galang Terang,P,Sayur-Sayuran,bawang merah 1 kg,Sulawesi Selatan,Makassar,3146380
01-02-2022,PHI Mini Market - Makassar 01,Galang Terang,P,Sayur-Sayuran,bawang putih 1 kg,Sulawesi Selatan,Makassar,1286450
01-02-2022,PHI Mini Market - Makassar 01,Galang Terang,P,Sayur-Sayuran,buncis 1 kg,Sulawesi Selatan,Makassar,2273930
01-02-2022,PHI Mini Market - Makassar 01,Galang Terang,P,Sayur-Sayuran,kacang hijau 1 kg,Sulawesi Selatan,Makassar,2329760
01-02-2022,PHI Mini Market - Makassar 01,Galang Terang,P,Sayur-Sayuran,kacang panjang 1 kg,Sulawesi Selatan,Makassar,1657690
01-02-2022,PHI Mini Market - Makassar 01,Galang Terang,P,Sayur-Sayuran,kentang 1 kg,Sulawesi Selatan,Makassar,2176000
01-02-2022,PHI Mini Market - Makassar 01,Galang Terang,P,Sayur-Sayuran,ketimun 1 kg,Sulawesi Selatan,Makassar,1370360
01-02-2022,PHI Mini Market - Makassar 01,Galang Terang,P,Sayur-Sayuran,kobis 1 kg,Sulawesi Selatan,Makassar,393040
01-02-2022,PHI Mini Market - Makassar 01,Galang Terang,P,Sayur-Sayuran,tomat 1 kg,Sulawesi Selatan,Makassar,1497330
01-02-2022,PHI Mini Market - Makassar 01,Galang Terang,P,Sayur-Sayuran,ubi jalar 1 kg,Sulawesi Selatan,Makassar,329540
01-02-2022,PHI Mini Market - Makassar 01,Galang Terang,P,Sayur-Sayuran,ubi kayu basah 1 kg,Sulawesi Selatan,Makassar,375850
01-02-2022,PHI Mini Market - Makassar 01,Galang Terang,P,Sayur-Sayuran,wortel 1 kg,Sulawesi Selatan,Makassar,607580
01-02-2022,PHI Mini Market - Makassar 01,Kristina Damai,W,Buah,alpukat 1 kg,Sulawesi Selatan,Makassar,1386370
01-02-2022,PHI Mini Market - Makassar 01,Kristina Damai,W,Buah,apel 1 kg,Sulawesi Selatan,Makassar,13754600
01-02-2022,PHI Mini Market - Makassar 01,Kristina Damai,W,Buah,belimbing 1 kg,Sulawesi Selatan,Makassar,1303850
01-02-2022,PHI Mini Market - Makassar 01,Kristina Damai,W,Buah,durian 1 kg,Sulawesi Selatan,Makassar,5832810
01-02-2022,PHI Mini Market - Makassar 01,Kristina Damai,W,Buah,jeruk 1 kg,Sulawesi Selatan,Makassar,5252080
01-02-2022,PHI Mini Market - Makassar 01,Kristina Damai,W,Buah,kelapa muda,Sulawesi Selatan,Makassar,1162160
01-02-2022,PHI Mini Market - Makassar 01,Kristina Damai,W,Buah,mangga 1 kg,Sulawesi Selatan,Makassar,4171570
01-02-2022,PHI Mini Market - Makassar 01,Kristina Damai,W,Makanan & Minuman,air mineral 600 ml,Sulawesi Selatan,Makassar,275230
01-02-2022,PHI Mini Market - Makassar 01,Kristina Damai,W,Makanan & Minuman,bumbu fried chicken,Sulawesi Selatan,Makassar,4149790
01-02-2022,PHI Mini Market - Makassar 01,Kristina Damai,W,Makanan & Minuman,jus kesehatan 600 ml,Sulawesi Selatan,Makassar,3279840
01-02-2022,PHI Mini Market - Makassar 01,Kristina Damai,W,Makanan & Minuman,kacang goreng 1 kg,Sulawesi Selatan,Makassar,3834640
01-02-2022,PHI Mini Market - Makassar 01,Kristina Damai,W,Makanan & Minuman,kacang mete 1 kg,Sulawesi Selatan,Makassar,11939110
01-02-2022,PHI Mini Market - Makassar 01,Kristina Damai,W,Makanan & Minuman,markisa 600 ml,Sulawesi Selatan,Makassar,4009320
01-02-2022,PHI Mini Market - Makassar 01,Kristina Damai,W,Makanan & Minuman,mie instant 1 kotak (40 bungkus),Sulawesi Selatan,Makassar,26059910
01-02-2022,PHI Mini Market - Makassar 01,Kristina Damai,W,Makanan & Minuman,minuman probiotik,Sulawesi Selatan,Makassar,349290
01-02-2022,PHI Mini Market - Makassar 01,Kristina Damai,W,Makanan & Minuman,nasi goreng instant (1 ons),Sulawesi Selatan,Makassar,1623510
01-02-2022,PHI Mini Market - Makassar 01,Kristina Damai,W,Makanan & Minuman,snack gurih 1 ons,Sulawesi Selatan,Makassar,1873850
01-02-2022,PHI Mini Market - Makassar 01,Kristina Damai,W,Makanan & Minuman,susu kotak (800 ml),Sulawesi Selatan,Makassar,3525050
01-02-2022,PHI Mini Market - Makassar 01,Kristina Damai,W,Makanan & Minuman,susu kotak 1 l,Sulawesi Selatan,Makassar,2543760
01-02-2022,PHI Mini Market - Makassar 01,Kristina Damai,W,Makanan & Minuman,telur ayam kampung 1 kg,Sulawesi Selatan,Makassar,6720250
01-02-2022,PHI Mini Market - Makassar 01,Kristina Damai,W,Makanan & Minuman,telur ayam ras 1 kg,Sulawesi Selatan,Makassar,4061090
01-02-2022,PHI Mini Market - Makassar 01,Kristina Damai,W,Sayur-Sayuran,bawang merah 1 kg,Sulawesi Selatan,Makassar,3428440
01-02-2022,PHI Mini Market - Makassar 01,Kristina Damai,W,Sayur-Sayuran,bawang putih 1 kg,Sulawesi Selatan,Makassar,1303830
01-02-2022,PHI Mini Market - Makassar 01,Kristina Damai,W,Sayur-Sayuran,buncis 1 kg,Sulawesi Selatan,Makassar,1389210
01-02-2022,PHI Mini Market - Makassar 01,Kristina Damai,W,Sayur-Sayuran,kacang hijau 1 kg,Sulawesi Selatan,Makassar,1929240
01-02-2022,PHI Mini Market - Makassar 01,Kristina Damai,W,Sayur-Sayuran,kacang panjang 1 kg,Sulawesi Selatan,Makassar,1614900
01-02-2022,PHI Mini Market - Makassar 01,Kristina Damai,W,Sayur-Sayuran,kentang 1 kg,Sulawesi Selatan,Makassar,1494140
01-02-2022,PHI Mini Market - Makassar 01,Kristina Damai,W,Sayur-Sayuran,ketimun 1 kg,Sulawesi Selatan,Makassar,1039960
01-02-2022,PHI Mini Market - Makassar 01,Kristina Damai,W,Sayur-Sayuran,kobis 1 kg,Sulawesi Selatan,Makassar,357330
01-02-2022,PHI Mini Market - Makassar 01,Kristina Damai,W,Sayur-Sayuran,tomat 1 kg,Sulawesi Selatan,Makassar,1049000
01-02-2022,PHI Mini Market - Makassar 01,Kristina Damai,W,Sayur-Sayuran,ubi jalar 1 kg,Sulawesi Selatan,Makassar,260050
01-02-2022,PHI Mini Market - Makassar 01,Kristina Damai,W,Sayur-Sayuran,ubi kayu basah 1 kg,Sulawesi Selatan,Makassar,298060
01-02-2022,PHI Mini Market - Makassar 01,Kristina Damai,W,Sayur-Sayuran,wortel 1 kg,Sulawesi Selatan,Makassar,1106810
01-02-2022,PHI Mini Market - Makassar 01,Lastri Mardi,W,Buah,alpukat 1 kg,Sulawesi Selatan,Makassar,1621460
01-02-2022,PHI Mini Market - Makassar 01,Lastri Mardi,W,Buah,apel 1 kg,Sulawesi Selatan,Makassar,15317040
01-02-2022,PHI Mini Market - Makassar 01,Lastri Mardi,W,Buah,belimbing 1 kg,Sulawesi Selatan,Makassar,1183010
01-02-2022,PHI Mini Market - Makassar 01,Lastri Mardi,W,Buah,durian 1 kg,Sulawesi Selatan,Makassar,5022220
01-02-2022,PHI Mini Market - Makassar 01,Lastri Mardi,W,Buah,jeruk 1 kg,Sulawesi Selatan,Makassar,4276320
01-02-2022,PHI Mini Market - Makassar 01,Lastri Mardi,W,Buah,kelapa muda,Sulawesi Selatan,Makassar,1606270
01-02-2022,PHI Mini Market - Makassar 01,Lastri Mardi,W,Makanan & Minuman,air mineral 600 ml,Sulawesi Selatan,Makassar,420450
01-02-2022,PHI Mini Market - Makassar 01,Lastri Mardi,W,Makanan & Minuman,bumbu fried chicken,Sulawesi Selatan,Makassar,4248600
01-02-2022,PHI Mini Market - Makassar 01,Lastri Mardi,W,Makanan & Minuman,jus kesehatan 600 ml,Sulawesi Selatan,Makassar,2205950
01-02-2022,PHI Mini Market - Makassar 01,Lastri Mardi,W,Makanan & Minuman,kacang goreng 1 kg,Sulawesi Selatan,Makassar,3910060
01-02-2022,PHI Mini Market - Makassar 01,Lastri Mardi,W,Makanan & Minuman,kacang mete 1 kg,Sulawesi Selatan,Makassar,17978530
01-02-2022,PHI Mini Market - Makassar 01,Lastri Mardi,W,Makanan & Minuman,markisa 600 ml,Sulawesi Selatan,Makassar,4094850
01-02-2022,PHI Mini Market - Makassar 01,Lastri Mardi,W,Makanan & Minuman,mie instant 1 kotak (40 bungkus),Sulawesi Selatan,Makassar,29241300
01-02-2022,PHI Mini Market - Makassar 01,Lastri Mardi,W,Makanan & Minuman,minuman probiotik,Sulawesi Selatan,Makassar,206970
01-02-2022,PHI Mini Market - Makassar 01,Lastri Mardi,W,Makanan & Minuman,nasi goreng instant (1 ons),Sulawesi Selatan,Makassar,2339810
01-02-2022,PHI Mini Market - Makassar 01,Lastri Mardi,W,Makanan & Minuman,snack gurih 1 ons,Sulawesi Selatan,Makassar,1723110
01-02-2022,PHI Mini Market - Makassar 01,Lastri Mardi,W,Makanan & Minuman,susu kotak (800 ml),Sulawesi Selatan,Makassar,3344070
01-02-2022,PHI Mini Market - Makassar 01,Lastri Mardi,W,Makanan & Minuman,susu kotak 1 l,Sulawesi Selatan,Makassar,2949900
01-02-2022,PHI Mini Market - Makassar 01,Lastri Mardi,W,Makanan & Minuman,telur ayam kampung 1 kg,Sulawesi Selatan,Makassar,4873530
01-02-2022,PHI Mini Market - Makassar 01,Lastri Mardi,W,Makanan & Minuman,telur ayam ras 1 kg,Sulawesi Selatan,Makassar,4354160
01-02-2022,PHI Mini Market - Makassar 01,Lastri Mardi,W,Sayur-Sayuran,bawang merah 1 kg,Sulawesi Selatan,Makassar,3192750
01-02-2022,PHI Mini Market - Makassar 01,Lastri Mardi,W,Sayur-Sayuran,bawang putih 1 kg,Sulawesi Selatan,Makassar,1455130
01-02-2022,PHI Mini Market - Makassar 01,Lastri Mardi,W,Sayur-Sayuran,buncis 1 kg,Sulawesi Selatan,Makassar,2273190
01-02-2022,PHI Mini Market - Makassar 01,Lastri Mardi,W,Sayur-Sayuran,kacang hijau 1 kg,Sulawesi Selatan,Makassar,2313860
01-02-2022,PHI Mini Market - Makassar 01,Lastri Mardi,W,Sayur-Sayuran,kacang panjang 1 kg,Sulawesi Selatan,Makassar,2672890
01-02-2022,PHI Mini Market - Makassar 01,Lastri Mardi,W,Sayur-Sayuran,kentang 1 kg,Sulawesi Selatan,Makassar,3054590
01-02-2022,PHI Mini Market - Makassar 01,Lastri Mardi,W,Sayur-Sayuran,ketimun 1 kg,Sulawesi Selatan,Makassar,1412530
01-02-2022,PHI Mini Market - Makassar 01,Lastri Mardi,W,Sayur-Sayuran,kobis 1 kg,Sulawesi Selatan,Makassar,297120
01-02-2022,PHI Mini Market - Makassar 01,Lastri Mardi,W,Sayur-Sayuran,tomat 1 kg,Sulawesi Selatan,Makassar,1372880
01-02-2022,PHI Mini Market - Makassar 01,Lastri Mardi,W,Sayur-Sayuran,ubi jalar 1 kg,Sulawesi Selatan,Makassar,363370
01-02-2022,PHI Mini Market - Makassar 01,Lastri Mardi,W,Sayur-Sayuran,ubi kayu basah 1 kg,Sulawesi Selatan,Makassar,256030
01-02-2022,PHI Mini Market - Makassar 01,Lastri Mardi,W,Sayur-Sayuran,wortel 1 kg,Sulawesi Selatan,Makassar,1428160
01-02-2022,PHI Mini Market - Makassar 01,Mawar Mardi,W,Buah,alpukat 1 kg,Sulawesi Selatan,Makassar,1497350
01-02-2022,PHI Mini Market - Makassar 01,Mawar Mardi,W,Buah,apel 1 kg,Sulawesi Selatan,Makassar,15220680
01-02-2022,PHI Mini Market - Makassar 01,Mawar Mardi,W,Buah,belimbing 1 kg,Sulawesi Selatan,Makassar,893330
01-02-2022,PHI Mini Market - Makassar 01,Mawar Mardi,W,Buah,durian 1 kg,Sulawesi Selatan,Makassar,5166750
01-02-2022,PHI Mini Market - Makassar 01,Mawar Mardi,W,Buah,jeruk 1 kg,Sulawesi Selatan,Makassar,4622270
01-02-2022,PHI Mini Market - Makassar 01,Mawar Mardi,W,Buah,kelapa muda,Sulawesi Selatan,Makassar,1662250
01-02-2022,PHI Mini Market - Makassar 01,Mawar Mardi,W,Buah,mangga 1 kg,Sulawesi Selatan,Makassar,4356770
01-02-2022,PHI Mini Market - Makassar 01,Mawar Mardi,W,Makanan & Minuman,air mineral 600 ml,Sulawesi Selatan,Makassar,317700
01-02-2022,PHI Mini Market - Makassar 01,Mawar Mardi,W,Makanan & Minuman,bumbu fried chicken,Sulawesi Selatan,Makassar,5066660
01-02-2022,PHI Mini Market - Makassar 01,Mawar Mardi,W,Makanan & Minuman,jus kesehatan 600 ml,Sulawesi Selatan,Makassar,2207130
01-02-2022,PHI Mini Market - Makassar 01,Mawar Mardi,W,Makanan & Minuman,kacang goreng 1 kg,Sulawesi Selatan,Makassar,3283870
01-02-2022,PHI Mini Market - Makassar 01,Mawar Mardi,W,Makanan & Minuman,kacang mete 1 kg,Sulawesi Selatan,Makassar,17113350
01-02-2022,PHI Mini Market - Makassar 01,Mawar Mardi,W,Makanan & Minuman,markisa 600 ml,Sulawesi Selatan,Makassar,3026910
01-02-2022,PHI Mini Market - Makassar 01,Mawar Mardi,W,Makanan & Minuman,mie instant 1 kotak (40 bungkus),Sulawesi Selatan,Makassar,34131090
01-02-2022,PHI Mini Market - Makassar 01,Mawar Mardi,W,Makanan & Minuman,minuman probiotik,Sulawesi Selatan,Makassar,202750
01-02-2022,PHI Mini Market - Makassar 01,Mawar Mardi,W,Makanan & Minuman,nasi goreng instant (1 ons),Sulawesi Selatan,Makassar,1602290
01-02-2022,PHI Mini Market - Makassar 01,Mawar Mardi,W,Makanan & Minuman,snack gurih 1 ons,Sulawesi Selatan,Makassar,1155500
01-02-2022,PHI Mini Market - Makassar 01,Mawar Mardi,W,Makanan & Minuman,susu kotak (800 ml),Sulawesi Selatan,Makassar,5263770
01-02-2022,PHI Mini Market - Makassar 01,Mawar Mardi,W,Makanan & Minuman,susu kotak 1 l,Sulawesi Selatan,Makassar,2596340
01-02-2022,PHI Mini Market - Makassar 01,Mawar Mardi,W,Makanan & Minuman,telur ayam kampung 1 kg,Sulawesi Selatan,Makassar,5023310
01-02-2022,PHI Mini Market - Makassar 01,Mawar Mardi,W,Makanan & Minuman,telur ayam ras 1 kg,Sulawesi Selatan,Makassar,4320760
01-02-2022,PHI Mini Market - Makassar 01,Mawar Mardi,W,Sayur-Sayuran,bawang merah 1 kg,Sulawesi Selatan,Makassar,4762530
01-02-2022,PHI Mini Market - Makassar 01,Mawar Mardi,W,Sayur-Sayuran,bawang putih 1 kg,Sulawesi Selatan,Makassar,1103540
01-02-2022,PHI Mini Market - Makassar 01,Mawar Mardi,W,Sayur-Sayuran,buncis 1 kg,Sulawesi Selatan,Makassar,2279430
01-02-2022,PHI Mini Market - Makassar 01,Mawar Mardi,W,Sayur-Sayuran,kacang hijau 1 kg,Sulawesi Selatan,Makassar,2425230
01-02-2022,PHI Mini Market - Makassar 01,Mawar Mardi,W,Sayur-Sayuran,kacang panjang 1 kg,Sulawesi Selatan,Makassar,2400390
01-02-2022,PHI Mini Market - Makassar 01,Mawar Mardi,W,Sayur-Sayuran,kentang 1 kg,Sulawesi Selatan,Makassar,2680540
01-02-2022,PHI Mini Market - Makassar 01,Mawar Mardi,W,Sayur-Sayuran,ketimun 1 kg,Sulawesi Selatan,Makassar,876540
01-02-2022,PHI Mini Market - Makassar 01,Mawar Mardi,W,Sayur-Sayuran,kobis 1 kg,Sulawesi Selatan,Makassar,345270
01-02-2022,PHI Mini Market - Makassar 01,Mawar Mardi,W,Sayur-Sayuran,tomat 1 kg,Sulawesi Selatan,Makassar,1429060
01-02-2022,PHI Mini Market - Makassar 01,Mawar Mardi,W,Sayur-Sayuran,ubi jalar 1 kg,Sulawesi Selatan,Makassar,312650
01-02-2022,PHI Mini Market - Makassar 01,Mawar Mardi,W,Sayur-Sayuran,ubi kayu basah 1 kg,Sulawesi Selatan,Makassar,259790
01-02-2022,PHI Mini Market - Makassar 01,Mawar Mardi,W,Sayur-Sayuran,wortel 1 kg,Sulawesi Selatan,Makassar,1057420
01-02-2022,PHI Mini Market - Makassar 01,Niken Setiawan,W,Buah,alpukat 1 kg,Sulawesi Selatan,Makassar,2004300
01-02-2022,PHI Mini Market - Makassar 01,Niken Setiawan,W,Buah,apel 1 kg,Sulawesi Selatan,Makassar,20667290
01-02-2022,PHI Mini Market - Makassar 01,Niken Setiawan,W,Buah,belimbing 1 kg,Sulawesi Selatan,Makassar,1517640
01-02-2022,PHI Mini Market - Makassar 01,Niken Setiawan,W,Buah,durian 1 kg,Sulawesi Selatan,Makassar,4875830
01-02-2022,PHI Mini Market - Makassar 01,Niken Setiawan,W,Buah,jeruk 1 kg,Sulawesi Selatan,Makassar,4502210
01-02-2022,PHI Mini Market - Makassar 01,Niken Setiawan,W,Buah,kelapa muda,Sulawesi Selatan,Makassar,1725400
01-02-2022,PHI Mini Market - Makassar 01,Niken Setiawan,W,Makanan & Minuman,air mineral 600 ml,Sulawesi Selatan,Makassar,295630
01-02-2022,PHI Mini Market - Makassar 01,Niken Setiawan,W,Makanan & Minuman,bumbu fried chicken,Sulawesi Selatan,Makassar,2682140
01-02-2022,PHI Mini Market - Makassar 01,Niken Setiawan,W,Makanan & Minuman,jus kesehatan 600 ml,Sulawesi Selatan,Makassar,2919230
01-02-2022,PHI Mini Market - Makassar 01,Niken Setiawan,W,Makanan & Minuman,kacang goreng 1 kg,Sulawesi Selatan,Makassar,3308330
01-02-2022,PHI Mini Market - Makassar 01,Niken Setiawan,W,Makanan & Minuman,kacang mete 1 kg,Sulawesi Selatan,Makassar,19966800
01-02-2022,PHI Mini Market - Makassar 01,Niken Setiawan,W,Makanan & Minuman,markisa 600 ml,Sulawesi Selatan,Makassar,4144260
01-02-2022,PHI Mini Market - Makassar 01,Niken Setiawan,W,Makanan & Minuman,mie instant 1 kotak (40 bungkus),Sulawesi Selatan,Makassar,30542380
01-02-2022,PHI Mini Market - Makassar 01,Niken Setiawan,W,Makanan & Minuman,minuman probiotik,Sulawesi Selatan,Makassar,308990
01-02-2022,PHI Mini Market - Makassar 01,Niken Setiawan,W,Makanan & Minuman,nasi goreng instant (1 ons),Sulawesi Selatan,Makassar,2174150
01-02-2022,PHI Mini Market - Makassar 01,Niken Setiawan,W,Makanan & Minuman,snack gurih 1 ons,Sulawesi Selatan,Makassar,1411470
01-02-2022,PHI Mini Market - Makassar 01,Niken Setiawan,W,Makanan & Minuman,susu kotak (800 ml),Sulawesi Selatan,Makassar,3563870
01-02-2022,PHI Mini Market - Makassar 01,Niken Setiawan,W,Makanan & Minuman,susu kotak 1 l,Sulawesi Selatan,Makassar,2241000
01-02-2022,PHI Mini Market - Makassar 01,Niken Setiawan,W,Makanan & Minuman,telur ayam kampung 1 kg,Sulawesi Selatan,Makassar,3970990
01-02-2022,PHI Mini Market - Makassar 01,Niken Setiawan,W,Makanan & Minuman,telur ayam ras 1 kg,Sulawesi Selatan,Makassar,3447730
01-02-2022,PHI Mini Market - Makassar 01,Niken Setiawan,W,Sayur-Sayuran,bawang merah 1 kg,Sulawesi Selatan,Makassar,2266100
01-02-2022,PHI Mini Market - Makassar 01,Niken Setiawan,W,Sayur-Sayuran,bawang putih 1 kg,Sulawesi Selatan,Makassar,1084890
01-02-2022,PHI Mini Market - Makassar 01,Niken Setiawan,W,Sayur-Sayuran,buncis 1 kg,Sulawesi Selatan,Makassar,1566580
01-02-2022,PHI Mini Market - Makassar 01,Niken Setiawan,W,Sayur-Sayuran,kacang hijau 1 kg,Sulawesi Selatan,Makassar,2050370
01-02-2022,PHI Mini Market - Makassar 01,Niken Setiawan,W,Sayur-Sayuran,kacang panjang 1 kg,Sulawesi Selatan,Makassar,2707340
01-02-2022,PHI Mini Market - Makassar 01,Niken Setiawan,W,Sayur-Sayuran,kentang 1 kg,Sulawesi Selatan,Makassar,2143430
01-02-2022,PHI Mini Market - Makassar 01,Niken Setiawan,W,Sayur-Sayuran,ketimun 1 kg,Sulawesi Selatan,Makassar,1565290
01-02-2022,PHI Mini Market - Makassar 01,Niken Setiawan,W,Sayur-Sayuran,kobis 1 kg,Sulawesi Selatan,Makassar,263270
01-02-2022,PHI Mini Market - Makassar 01,Niken Setiawan,W,Sayur-Sayuran,tomat 1 kg,Sulawesi Selatan,Makassar,1162610
01-02-2022,PHI Mini Market - Makassar 01,Niken Setiawan,W,Sayur-Sayuran,ubi jalar 1 kg,Sulawesi Selatan,Makassar,436070
01-02-2022,PHI Mini Market - Makassar 01,Niken Setiawan,W,Sayur-Sayuran,ubi kayu basah 1 kg,Sulawesi Selatan,Makassar,414400
01-02-2022,PHI Mini Market - Makassar 01,Niken Setiawan,W,Sayur-Sayuran,wortel 1 kg,Sulawesi Selatan,Makassar,860360
01-02-2022,PHI Mini Market - Surabaya 01,Aris Siberut,P,Buah,alpukat 1 kg,Jawa Timur,Surabaya,1636660
01-02-2022,PHI Mini Market - Surabaya 01,Aris Siberut,P,Buah,apel 1 kg,Jawa Timur,Surabaya,17571000
01-02-2022,PHI Mini Market - Surabaya 01,Aris Siberut,P,Buah,belimbing 1 kg,Jawa Timur,Surabaya,1076380
01-02-2022,PHI Mini Market - Surabaya 01,Aris Siberut,P,Buah,durian 1 kg,Jawa Timur,Surabaya,6114160
01-02-2022,PHI Mini Market - Surabaya 01,Aris Siberut,P,Buah,jeruk 1 kg,Jawa Timur,Surabaya,3167280
01-02-2022,PHI Mini Market - Surabaya 01,Aris Siberut,P,Buah,kelapa muda,Jawa Timur,Surabaya,1082520
01-02-2022,PHI Mini Market - Surabaya 01,Aris Siberut,P,Makanan & Minuman,air mineral 600 ml,Jawa Timur,Surabaya,371020
01-02-2022,PHI Mini Market - Surabaya 01,Aris Siberut,P,Makanan & Minuman,bumbu fried chicken,Jawa Timur,Surabaya,3326140
01-02-2022,PHI Mini Market - Surabaya 01,Aris Siberut,P,Makanan & Minuman,jus kesehatan 600 ml,Jawa Timur,Surabaya,2981190
01-02-2022,PHI Mini Market - Surabaya 01,Aris Siberut,P,Makanan & Minuman,kacang goreng 1 kg,Jawa Timur,Surabaya,2456230
01-02-2022,PHI Mini Market - Surabaya 01,Aris Siberut,P,Makanan & Minuman,kacang mete 1 kg,Jawa Timur,Surabaya,20973080
01-02-2022,PHI Mini Market - Surabaya 01,Aris Siberut,P,Makanan & Minuman,markisa 600 ml,Jawa Timur,Surabaya,4353160
01-02-2022,PHI Mini Market - Surabaya 01,Aris Siberut,P,Makanan & Minuman,mie instant 1 kotak (40 bungkus),Jawa Timur,Surabaya,17273740
01-02-2022,PHI Mini Market - Surabaya 01,Aris Siberut,P,Makanan & Minuman,minuman probiotik,Jawa Timur,Surabaya,214620
01-02-2022,PHI Mini Market - Surabaya 01,Aris Siberut,P,Makanan & Minuman,nasi goreng instant (1 ons),Jawa Timur,Surabaya,1558890
01-02-2022,PHI Mini Market - Surabaya 01,Aris Siberut,P,Makanan & Minuman,snack gurih 1 ons,Jawa Timur,Surabaya,1432360
01-02-2022,PHI Mini Market - Surabaya 01,Aris Siberut,P,Makanan & Minuman,susu kotak (800 ml),Jawa Timur,Surabaya,4006490
01-02-2022,PHI Mini Market - Surabaya 01,Aris Siberut,P,Makanan & Minuman,susu kotak 1 l,Jawa Timur,Surabaya,1924260
01-02-2022,PHI Mini Market - Surabaya 01,Aris Siberut,P,Makanan & Minuman,telur ayam kampung 1 kg,Jawa Timur,Surabaya,4344080
01-02-2022,PHI Mini Market - Surabaya 01,Aris Siberut,P,Makanan & Minuman,telur ayam ras 1 kg,Jawa Timur,Surabaya,1656520
01-02-2022,PHI Mini Market - Surabaya 01,Aris Siberut,P,Sayur-Sayuran,bawang merah 1 kg,Jawa Timur,Surabaya,3187210
01-02-2022,PHI Mini Market - Surabaya 01,Aris Siberut,P,Sayur-Sayuran,bawang putih 1 kg,Jawa Timur,Surabaya,1078760
01-02-2022,PHI Mini Market - Surabaya 01,Aris Siberut,P,Sayur-Sayuran,buncis 1 kg,Jawa Timur,Surabaya,2904200
01-02-2022,PHI Mini Market - Surabaya 01,Aris Siberut,P,Sayur-Sayuran,kacang hijau 1 kg,Jawa Timur,Surabaya,1907270
01-02-2022,PHI Mini Market - Surabaya 01,Aris Siberut,P,Sayur-Sayuran,kacang panjang 1 kg,Jawa Timur,Surabaya,2630960
01-02-2022,PHI Mini Market - Surabaya 01,Aris Siberut,P,Sayur-Sayuran,kentang 1 kg,Jawa Timur,Surabaya,2600680
01-02-2022,PHI Mini Market - Surabaya 01,Aris Siberut,P,Sayur-Sayuran,ketimun 1 kg,Jawa Timur,Surabaya,1153960
01-02-2022,PHI Mini Market - Surabaya 01,Aris Siberut,P,Sayur-Sayuran,kobis 1 kg,Jawa Timur,Surabaya,389010
01-02-2022,PHI Mini Market - Surabaya 01,Aris Siberut,P,Sayur-Sayuran,tomat 1 kg,Jawa Timur,Surabaya,1032860
01-02-2022,PHI Mini Market - Surabaya 01,Aris Siberut,P,Sayur-Sayuran,ubi jalar 1 kg,Jawa Timur,Surabaya,271810
01-02-2022,PHI Mini Market - Surabaya 01,Aris Siberut,P,Sayur-Sayuran,ubi kayu basah 1 kg,Jawa Timur,Surabaya,266860
01-02-2022,PHI Mini Market - Surabaya 01,Aris Siberut,P,Sayur-Sayuran,wortel 1 kg,Jawa Timur,Surabaya,1019250
01-02-2022,PHI Mini Market - Surabaya 01,Ayu Pekerti,W,Buah,alpukat 1 kg,Jawa Timur,Surabaya,1759520
01-02-2022,PHI Mini Market - Surabaya 01,Ayu Pekerti,W,Buah,apel 1 kg,Jawa Timur,Surabaya,10747080
01-02-2022,PHI Mini Market - Surabaya 01,Ayu Pekerti,W,Buah,belimbing 1 kg,Jawa Timur,Surabaya,1211130
01-02-2022,PHI Mini Market - Surabaya 01,Ayu Pekerti,W,Buah,durian 1 kg,Jawa Timur,Surabaya,4249660
01-02-2022,PHI Mini Market - Surabaya 01,Ayu Pekerti,W,Buah,jeruk 1 kg,Jawa Timur,Surabaya,5286830
01-02-2022,PHI Mini Market - Surabaya 01,Ayu Pekerti,W,Buah,kelapa muda,Jawa Timur,Surabaya,1566020
01-02-2022,PHI Mini Market - Surabaya 01,Ayu Pekerti,W,Buah,mangga 1 kg,Jawa Timur,Surabaya,6654570
01-02-2022,PHI Mini Market - Surabaya 01,Ayu Pekerti,W,Makanan & Minuman,air mineral 600 ml,Jawa Timur,Surabaya,448980
01-02-2022,PHI Mini Market - Surabaya 01,Ayu Pekerti,W,Makanan & Minuman,bumbu fried chicken,Jawa Timur,Surabaya,5322840
01-02-2022,PHI Mini Market - Surabaya 01,Ayu Pekerti,W,Makanan & Minuman,jus kesehatan 600 ml,Jawa Timur,Surabaya,3443920
01-02-2022,PHI Mini Market - Surabaya 01,Ayu Pekerti,W,Makanan & Minuman,kacang goreng 1 kg,Jawa Timur,Surabaya,4240330
01-02-2022,PHI Mini Market - Surabaya 01,Ayu Pekerti,W,Makanan & Minuman,kacang mete 1 kg,Jawa Timur,Surabaya,23545810
01-02-2022,PHI Mini Market - Surabaya 01,Ayu Pekerti,W,Makanan & Minuman,markisa 600 ml,Jawa Timur,Surabaya,3282460
01-02-2022,PHI Mini Market - Surabaya 01,Ayu Pekerti,W,Makanan & Minuman,mie instant 1 kotak (40 bungkus),Jawa Timur,Surabaya,27227160
01-02-2022,PHI Mini Market - Surabaya 01,Ayu Pekerti,W,Makanan & Minuman,minuman probiotik,Jawa Timur,Surabaya,308700
01-02-2022,PHI Mini Market - Surabaya 01,Ayu Pekerti,W,Makanan & Minuman,nasi goreng instant (1 ons),Jawa Timur,Surabaya,1134550
01-02-2022,PHI Mini Market - Surabaya 01,Ayu Pekerti,W,Makanan & Minuman,snack gurih 1 ons,Jawa Timur,Surabaya,1939970
01-02-2022,PHI Mini Market - Surabaya 01,Ayu Pekerti,W,Makanan & Minuman,susu kotak (800 ml),Jawa Timur,Surabaya,3671520
01-02-2022,PHI Mini Market - Surabaya 01,Ayu Pekerti,W,Makanan & Minuman,susu kotak 1 l,Jawa Timur,Surabaya,3834300
01-02-2022,PHI Mini Market - Surabaya 01,Ayu Pekerti,W,Makanan & Minuman,telur ayam kampung 1 kg,Jawa Timur,Surabaya,5869530
01-02-2022,PHI Mini Market - Surabaya 01,Ayu Pekerti,W,Makanan & Minuman,telur ayam ras 1 kg,Jawa Timur,Surabaya,3497660
01-02-2022,PHI Mini Market - Surabaya 01,Ayu Pekerti,W,Sayur-Sayuran,bawang merah 1 kg,Jawa Timur,Surabaya,2957400
01-02-2022,PHI Mini Market - Surabaya 01,Ayu Pekerti,W,Sayur-Sayuran,bawang putih 1 kg,Jawa Timur,Surabaya,2075780
01-02-2022,PHI Mini Market - Surabaya 01,Ayu Pekerti,W,Sayur-Sayuran,buncis 1 kg,Jawa Timur,Surabaya,2136420
01-02-2022,PHI Mini Market - Surabaya 01,Ayu Pekerti,W,Sayur-Sayuran,kacang hijau 1 kg,Jawa Timur,Surabaya,2479410
01-02-2022,PHI Mini Market - Surabaya 01,Ayu Pekerti,W,Sayur-Sayuran,kacang panjang 1 kg,Jawa Timur,Surabaya,2281500
01-02-2022,PHI Mini Market - Surabaya 01,Ayu Pekerti,W,Sayur-Sayuran,kentang 1 kg,Jawa Timur,Surabaya,3681500
01-02-2022,PHI Mini Market - Surabaya 01,Ayu Pekerti,W,Sayur-Sayuran,ketimun 1 kg,Jawa Timur,Surabaya,1194770
01-02-2022,PHI Mini Market - Surabaya 01,Ayu Pekerti,W,Sayur-Sayuran,kobis 1 kg,Jawa Timur,Surabaya,173630
01-02-2022,PHI Mini Market - Surabaya 01,Ayu Pekerti,W,Sayur-Sayuran,tomat 1 kg,Jawa Timur,Surabaya,1396020
01-02-2022,PHI Mini Market - Surabaya 01,Ayu Pekerti,W,Sayur-Sayuran,ubi jalar 1 kg,Jawa Timur,Surabaya,453530
01-02-2022,PHI Mini Market - Surabaya 01,Ayu Pekerti,W,Sayur-Sayuran,ubi kayu basah 1 kg,Jawa Timur,Surabaya,334080
01-02-2022,PHI Mini Market - Surabaya 01,Ayu Pekerti,W,Sayur-Sayuran,wortel 1 kg,Jawa Timur,Surabaya,974760
01-02-2022,PHI Mini Market - Surabaya 01,Budi Tenteram,P,Buah,alpukat 1 kg,Jawa Timur,Surabaya,1109570
01-02-2022,PHI Mini Market - Surabaya 01,Budi Tenteram,P,Buah,apel 1 kg,Jawa Timur,Surabaya,17528910
01-02-2022,PHI Mini Market - Surabaya 01,Budi Tenteram,P,Buah,belimbing 1 kg,Jawa Timur,Surabaya,1112020
01-02-2022,PHI Mini Market - Surabaya 01,Budi Tenteram,P,Buah,durian 1 kg,Jawa Timur,Surabaya,4822060
01-02-2022,PHI Mini Market - Surabaya 01,Budi Tenteram,P,Buah,jeruk 1 kg,Jawa Timur,Surabaya,4142070
01-02-2022,PHI Mini Market - Surabaya 01,Budi Tenteram,P,Buah,kelapa muda,Jawa Timur,Surabaya,1281360
01-02-2022,PHI Mini Market - Surabaya 01,Budi Tenteram,P,Buah,mangga 1 kg,Jawa Timur,Surabaya,5536970
01-02-2022,PHI Mini Market - Surabaya 01,Budi Tenteram,P,Makanan & Minuman,air mineral 600 ml,Jawa Timur,Surabaya,371710
01-02-2022,PHI Mini Market - Surabaya 01,Budi Tenteram,P,Makanan & Minuman,bumbu fried chicken,Jawa Timur,Surabaya,2561620
01-02-2022,PHI Mini Market - Surabaya 01,Budi Tenteram,P,Makanan & Minuman,jus kesehatan 600 ml,Jawa Timur,Surabaya,1214420
01-02-2022,PHI Mini Market - Surabaya 01,Budi Tenteram,P,Makanan & Minuman,kacang goreng 1 kg,Jawa Timur,Surabaya,3243000
01-02-2022,PHI Mini Market - Surabaya 01,Budi Tenteram,P,Makanan & Minuman,kacang mete 1 kg,Jawa Timur,Surabaya,27333710
01-02-2022,PHI Mini Market - Surabaya 01,Budi Tenteram,P,Makanan & Minuman,markisa 600 ml,Jawa Timur,Surabaya,4031440
01-02-2022,PHI Mini Market - Surabaya 01,Budi Tenteram,P,Makanan & Minuman,mie instant 1 kotak (40 bungkus),Jawa Timur,Surabaya,26114250
01-02-2022,PHI Mini Market - Surabaya 01,Budi Tenteram,P,Makanan & Minuman,minuman probiotik,Jawa Timur,Surabaya,396260
01-02-2022,PHI Mini Market - Surabaya 01,Budi Tenteram,P,Makanan & Minuman,nasi goreng instant (1 ons),Jawa Timur,Surabaya,2392010
01-02-2022,PHI Mini Market - Surabaya 01,Budi Tenteram,P,Makanan & Minuman,snack gurih 1 ons,Jawa Timur,Surabaya,1518580
01-02-2022,PHI Mini Market - Surabaya 01,Budi Tenteram,P,Makanan & Minuman,susu kotak (800 ml),Jawa Timur,Surabaya,3665050
01-02-2022,PHI Mini Market - Surabaya 01,Budi Tenteram,P,Makanan & Minuman,susu kotak 1 l,Jawa Timur,Surabaya,3324040
01-02-2022,PHI Mini Market - Surabaya 01,Budi Tenteram,P,Makanan & Minuman,telur ayam kampung 1 kg,Jawa Timur,Surabaya,5663600
01-02-2022,PHI Mini Market - Surabaya 01,Budi Tenteram,P,Makanan & Minuman,telur ayam ras 1 kg,Jawa Timur,Surabaya,3399160
01-02-2022,PHI Mini Market - Surabaya 01,Budi Tenteram,P,Sayur-Sayuran,bawang merah 1 kg,Jawa Timur,Surabaya,2631040
01-02-2022,PHI Mini Market - Surabaya 01,Budi Tenteram,P,Sayur-Sayuran,bawang putih 1 kg,Jawa Timur,Surabaya,1240760
01-02-2022,PHI Mini Market - Surabaya 01,Budi Tenteram,P,Sayur-Sayuran,buncis 1 kg,Jawa Timur,Surabaya,1927700
01-02-2022,PHI Mini Market - Surabaya 01,Budi Tenteram,P,Sayur-Sayuran,kacang hijau 1 kg,Jawa Timur,Surabaya,2654480
01-02-2022,PHI Mini Market - Surabaya 01,Budi Tenteram,P,Sayur-Sayuran,kacang panjang 1 kg,Jawa Timur,Surabaya,2261100
01-02-2022,PHI Mini Market - Surabaya 01,Budi Tenteram,P,Sayur-Sayuran,kentang 1 kg,Jawa Timur,Surabaya,2734820
01-02-2022,PHI Mini Market - Surabaya 01,Budi Tenteram,P,Sayur-Sayuran,ketimun 1 kg,Jawa Timur,Surabaya,1647560
01-02-2022,PHI Mini Market - Surabaya 01,Budi Tenteram,P,Sayur-Sayuran,kobis 1 kg,Jawa Timur,Surabaya,325710
01-02-2022,PHI Mini Market - Surabaya 01,Budi Tenteram,P,Sayur-Sayuran,tomat 1 kg,Jawa Timur,Surabaya,1282920
01-02-2022,PHI Mini Market - Surabaya 01,Budi Tenteram,P,Sayur-Sayuran,ubi jalar 1 kg,Jawa Timur,Surabaya,397230
01-02-2022,PHI Mini Market - Surabaya 01,Budi Tenteram,P,Sayur-Sayuran,ubi kayu basah 1 kg,Jawa Timur,Surabaya,322300
01-02-2022,PHI Mini Market - Surabaya 01,Budi Tenteram,P,Sayur-Sayuran,wortel 1 kg,Jawa Timur,Surabaya,1108810
01-02-2022,PHI Mini Market - Surabaya 01,Galang Setiawan,P,Buah,alpukat 1 kg,Jawa Timur,Surabaya,1765420
01-02-2022,PHI Mini Market - Surabaya 01,Galang Setiawan,P,Buah,apel 1 kg,Jawa Timur,Surabaya,20304470
01-02-2022,PHI Mini Market - Surabaya 01,Galang Setiawan,P,Buah,belimbing 1 kg,Jawa Timur,Surabaya,1559620
01-02-2022,PHI Mini Market - Surabaya 01,Galang Setiawan,P,Buah,durian 1 kg,Jawa Timur,Surabaya,7878620
01-02-2022,PHI Mini Market - Surabaya 01,Galang Setiawan,P,Buah,jeruk 1 kg,Jawa Timur,Surabaya,3798960
01-02-2022,PHI Mini Market - Surabaya 01,Galang Setiawan,P,Buah,kelapa muda,Jawa Timur,Surabaya,1857400
01-02-2022,PHI Mini Market - Surabaya 01,Galang Setiawan,P,Buah,mangga 1 kg,Jawa Timur,Surabaya,5850380
01-02-2022,PHI Mini Market - Surabaya 01,Galang Setiawan,P,Makanan & Minuman,air mineral 600 ml,Jawa Timur,Surabaya,351260
01-02-2022,PHI Mini Market - Surabaya 01,Galang Setiawan,P,Makanan & Minuman,bumbu fried chicken,Jawa Timur,Surabaya,4144600
01-02-2022,PHI Mini Market - Surabaya 01,Galang Setiawan,P,Makanan & Minuman,jus kesehatan 600 ml,Jawa Timur,Surabaya,2313890
01-02-2022,PHI Mini Market - Surabaya 01,Galang Setiawan,P,Makanan & Minuman,kacang goreng 1 kg,Jawa Timur,Surabaya,3602030
01-02-2022,PHI Mini Market - Surabaya 01,Galang Setiawan,P,Makanan & Minuman,kacang mete 1 kg,Jawa Timur,Surabaya,14004770
01-02-2022,PHI Mini Market - Surabaya 01,Galang Setiawan,P,Makanan & Minuman,markisa 600 ml,Jawa Timur,Surabaya,2264120
01-02-2022,PHI Mini Market - Surabaya 01,Galang Setiawan,P,Makanan & Minuman,mie instant 1 kotak (40 bungkus),Jawa Timur,Surabaya,26461910
01-02-2022,PHI Mini Market - Surabaya 01,Galang Setiawan,P,Makanan & Minuman,minuman probiotik,Jawa Timur,Surabaya,308880
01-02-2022,PHI Mini Market - Surabaya 01,Galang Setiawan,P,Makanan & Minuman,nasi goreng instant (1 ons),Jawa Timur,Surabaya,1827790
01-02-2022,PHI Mini Market - Surabaya 01,Galang Setiawan,P,Makanan & Minuman,snack gurih 1 ons,Jawa Timur,Surabaya,1678840
01-02-2022,PHI Mini Market - Surabaya 01,Galang Setiawan,P,Makanan & Minuman,susu kotak (800 ml),Jawa Timur,Surabaya,3171490
01-02-2022,PHI Mini Market - Surabaya 01,Galang Setiawan,P,Makanan & Minuman,susu kotak 1 l,Jawa Timur,Surabaya,2349940
01-02-2022,PHI Mini Market - Surabaya 01,Galang Setiawan,P,Makanan & Minuman,telur ayam kampung 1 kg,Jawa Timur,Surabaya,4679570
01-02-2022,PHI Mini Market - Surabaya 01,Galang Setiawan,P,Makanan & Minuman,telur ayam ras 1 kg,Jawa Timur,Surabaya,3330310
01-02-2022,PHI Mini Market - Surabaya 01,Galang Setiawan,P,Sayur-Sayuran,bawang merah 1 kg,Jawa Timur,Surabaya,1873180
01-02-2022,PHI Mini Market - Surabaya 01,Galang Setiawan,P,Sayur-Sayuran,bawang putih 1 kg,Jawa Timur,Surabaya,937100
01-02-2022,PHI Mini Market - Surabaya 01,Galang Setiawan,P,Sayur-Sayuran,buncis 1 kg,Jawa Timur,Surabaya,1276720
01-02-2022,PHI Mini Market - Surabaya 01,Galang Setiawan,P,Sayur-Sayuran,kacang hijau 1 kg,Jawa Timur,Surabaya,2112700
01-02-2022,PHI Mini Market - Surabaya 01,Galang Setiawan,P,Sayur-Sayuran,kacang panjang 1 kg,Jawa Timur,Surabaya,1710730
01-02-2022,PHI Mini Market - Surabaya 01,Galang Setiawan,P,Sayur-Sayuran,kentang 1 kg,Jawa Timur,Surabaya,1980560
01-02-2022,PHI Mini Market - Surabaya 01,Galang Setiawan,P,Sayur-Sayuran,ketimun 1 kg,Jawa Timur,Surabaya,1053520
01-02-2022,PHI Mini Market - Surabaya 01,Galang Setiawan,P,Sayur-Sayuran,kobis 1 kg,Jawa Timur,Surabaya,418400
01-02-2022,PHI Mini Market - Surabaya 01,Galang Setiawan,P,Sayur-Sayuran,tomat 1 kg,Jawa Timur,Surabaya,956260
01-02-2022,PHI Mini Market - Surabaya 01,Galang Setiawan,P,Sayur-Sayuran,ubi jalar 1 kg,Jawa Timur,Surabaya,385150
01-02-2022,PHI Mini Market - Surabaya 01,Galang Setiawan,P,Sayur-Sayuran,ubi kayu basah 1 kg,Jawa Timur,Surabaya,282550
01-02-2022,PHI Mini Market - Surabaya 01,Galang Setiawan,P,Sayur-Sayuran,wortel 1 kg,Jawa Timur,Surabaya,1278040
01-02-2022,PHI Mini Market - Surabaya 01,Harum Selangit,W,Buah,alpukat 1 kg,Jawa Timur,Surabaya,1625280
01-02-2022,PHI Mini Market - Surabaya 01,Harum Selangit,W,Buah,apel 1 kg,Jawa Timur,Surabaya,17120460
01-02-2022,PHI Mini Market - Surabaya 01,Harum Selangit,W,Buah,belimbing 1 kg,Jawa Timur,Surabaya,1115900
01-02-2022,PHI Mini Market - Surabaya 01,Harum Selangit,W,Buah,durian 1 kg,Jawa Timur,Surabaya,6540130
01-02-2022,PHI Mini Market - Surabaya 01,Harum Selangit,W,Buah,jeruk 1 kg,Jawa Timur,Surabaya,2142800
01-02-2022,PHI Mini Market - Surabaya 01,Harum Selangit,W,Buah,kelapa muda,Jawa Timur,Surabaya,652020
01-02-2022,PHI Mini Market - Surabaya 01,Harum Selangit,W,Buah,mangga 1 kg,Jawa Timur,Surabaya,5138590
01-02-2022,PHI Mini Market - Surabaya 01,Harum Selangit,W,Makanan & Minuman,air mineral 600 ml,Jawa Timur,Surabaya,439480
01-02-2022,PHI Mini Market - Surabaya 01,Harum Selangit,W,Makanan & Minuman,bumbu fried chicken,Jawa Timur,Surabaya,3700770
01-02-2022,PHI Mini Market - Surabaya 01,Harum Selangit,W,Makanan & Minuman,jus kesehatan 600 ml,Jawa Timur,Surabaya,2664190
01-02-2022,PHI Mini Market - Surabaya 01,Harum Selangit,W,Makanan & Minuman,kacang goreng 1 kg,Jawa Timur,Surabaya,4293490
01-02-2022,PHI Mini Market - Surabaya 01,Harum Selangit,W,Makanan & Minuman,kacang mete 1 kg,Jawa Timur,Surabaya,19706150
01-02-2022,PHI Mini Market - Surabaya 01,Harum Selangit,W,Makanan & Minuman,markisa 600 ml,Jawa Timur,Surabaya,4620200
01-02-2022,PHI Mini Market - Surabaya 01,Harum Selangit,W,Makanan & Minuman,mie instant 1 kotak (40 bungkus),Jawa Timur,Surabaya,35113560
01-02-2022,PHI Mini Market - Surabaya 01,Harum Selangit,W,Makanan & Minuman,minuman probiotik,Jawa Timur,Surabaya,325830
01-02-2022,PHI Mini Market - Surabaya 01,Harum Selangit,W,Makanan & Minuman,nasi goreng instant (1 ons),Jawa Timur,Surabaya,2099410
01-02-2022,PHI Mini Market - Surabaya 01,Harum Selangit,W,Makanan & Minuman,snack gurih 1 ons,Jawa Timur,Surabaya,1992140
01-02-2022,PHI Mini Market - Surabaya 01,Harum Selangit,W,Makanan & Minuman,susu kotak (800 ml),Jawa Timur,Surabaya,2522560
01-02-2022,PHI Mini Market - Surabaya 01,Harum Selangit,W,Makanan & Minuman,susu kotak 1 l,Jawa Timur,Surabaya,4255640
01-02-2022,PHI Mini Market - Surabaya 01,Harum Selangit,W,Makanan & Minuman,telur ayam kampung 1 kg,Jawa Timur,Surabaya,6393430
01-02-2022,PHI Mini Market - Surabaya 01,Harum Selangit,W,Makanan & Minuman,telur ayam ras 1 kg,Jawa Timur,Surabaya,3881890
01-02-2022,PHI Mini Market - Surabaya 01,Harum Selangit,W,Sayur-Sayuran,bawang merah 1 kg,Jawa Timur,Surabaya,4493300
01-02-2022,PHI Mini Market - Surabaya 01,Harum Selangit,W,Sayur-Sayuran,bawang putih 1 kg,Jawa Timur,Surabaya,1333740
01-02-2022,PHI Mini Market - Surabaya 01,Harum Selangit,W,Sayur-Sayuran,buncis 1 kg,Jawa Timur,Surabaya,1065830
01-02-2022,PHI Mini Market - Surabaya 01,Harum Selangit,W,Sayur-Sayuran,kacang hijau 1 kg,Jawa Timur,Surabaya,2946400
01-02-2022,PHI Mini Market - Surabaya 01,Harum Selangit,W,Sayur-Sayuran,kacang panjang 1 kg,Jawa Timur,Surabaya,2323680
01-02-2022,PHI Mini Market - Surabaya 01,Harum Selangit,W,Sayur-Sayuran,kentang 1 kg,Jawa Timur,Surabaya,2019840
01-02-2022,PHI Mini Market - Surabaya 01,Harum Selangit,W,Sayur-Sayuran,ketimun 1 kg,Jawa Timur,Surabaya,1532870
01-02-2022,PHI Mini Market - Surabaya 01,Harum Selangit,W,Sayur-Sayuran,kobis 1 kg,Jawa Timur,Surabaya,184380
01-02-2022,PHI Mini Market - Surabaya 01,Harum Selangit,W,Sayur-Sayuran,tomat 1 kg,Jawa Timur,Surabaya,1063100
01-02-2022,PHI Mini Market - Surabaya 01,Harum Selangit,W,Sayur-Sayuran,ubi jalar 1 kg,Jawa Timur,Surabaya,477270
01-02-2022,PHI Mini Market - Surabaya 01,Harum Selangit,W,Sayur-Sayuran,ubi kayu basah 1 kg,Jawa Timur,Surabaya,267970
01-02-2022,PHI Mini Market - Surabaya 01,Harum Selangit,W,Sayur-Sayuran,wortel 1 kg,Jawa Timur,Surabaya,1220840
01-02-2022,PHI Mini Market - Surabaya 01,Mariani Damai,W,Buah,alpukat 1 kg,Jawa Timur,Surabaya,2394400
01-02-2022,PHI Mini Market - Surabaya 01,Mariani Damai,W,Buah,apel 1 kg,Jawa Timur,Surabaya,12524490
01-02-2022,PHI Mini Market - Surabaya 01,Mariani Damai,W,Buah,belimbing 1 kg,Jawa Timur,Surabaya,1060250
01-02-2022,PHI Mini Market - Surabaya 01,Mariani Damai,W,Buah,durian 1 kg,Jawa Timur,Surabaya,4745210
01-02-2022,PHI Mini Market - Surabaya 01,Mariani Damai,W,Buah,jeruk 1 kg,Jawa Timur,Surabaya,2180010
01-02-2022,PHI Mini Market - Surabaya 01,Mariani Damai,W,Buah,kelapa muda,Jawa Timur,Surabaya,1724300
01-02-2022,PHI Mini Market - Surabaya 01,Mariani Damai,W,Makanan & Minuman,air mineral 600 ml,Jawa Timur,Surabaya,459960
01-02-2022,PHI Mini Market - Surabaya 01,Mariani Damai,W,Makanan & Minuman,bumbu fried chicken,Jawa Timur,Surabaya,5412330
01-02-2022,PHI Mini Market - Surabaya 01,Mariani Damai,W,Makanan & Minuman,jus kesehatan 600 ml,Jawa Timur,Surabaya,2395290
01-02-2022,PHI Mini Market - Surabaya 01,Mariani Damai,W,Makanan & Minuman,kacang goreng 1 kg,Jawa Timur,Surabaya,3924590
01-02-2022,PHI Mini Market - Surabaya 01,Mariani Damai,W,Makanan & Minuman,kacang mete 1 kg,Jawa Timur,Surabaya,29604880
01-02-2022,PHI Mini Market - Surabaya 01,Mariani Damai,W,Makanan & Minuman,markisa 600 ml,Jawa Timur,Surabaya,3282270
01-02-2022,PHI Mini Market - Surabaya 01,Mariani Damai,W,Makanan & Minuman,mie instant 1 kotak (40 bungkus),Jawa Timur,Surabaya,29003890
01-02-2022,PHI Mini Market - Surabaya 01,Mariani Damai,W,Makanan & Minuman,minuman probiotik,Jawa Timur,Surabaya,253700
01-02-2022,PHI Mini Market - Surabaya 01,Mariani Damai,W,Makanan & Minuman,nasi goreng instant (1 ons),Jawa Timur,Surabaya,1695430
01-02-2022,PHI Mini Market - Surabaya 01,Mariani Damai,W,Makanan & Minuman,snack gurih 1 ons,Jawa Timur,Surabaya,1692680
01-02-2022,PHI Mini Market - Surabaya 01,Mariani Damai,W,Makanan & Minuman,susu kotak (800 ml),Jawa Timur,Surabaya,3425330
01-02-2022,PHI Mini Market - Surabaya 01,Mariani Damai,W,Makanan & Minuman,susu kotak 1 l,Jawa Timur,Surabaya,1461160
01-02-2022,PHI Mini Market - Surabaya 01,Mariani Damai,W,Makanan & Minuman,telur ayam kampung 1 kg,Jawa Timur,Surabaya,6328250
01-02-2022,PHI Mini Market - Surabaya 01,Mariani Damai,W,Makanan & Minuman,telur ayam ras 1 kg,Jawa Timur,Surabaya,5004190
01-02-2022,PHI Mini Market - Surabaya 01,Mariani Damai,W,Sayur-Sayuran,bawang merah 1 kg,Jawa Timur,Surabaya,4198170
01-02-2022,PHI Mini Market - Surabaya 01,Mariani Damai,W,Sayur-Sayuran,bawang putih 1 kg,Jawa Timur,Surabaya,989430
01-02-2022,PHI Mini Market - Surabaya 01,Mariani Damai,W,Sayur-Sayuran,buncis 1 kg,Jawa Timur,Surabaya,2372840
01-02-2022,PHI Mini Market - Surabaya 01,Mariani Damai,W,Sayur-Sayuran,kacang hijau 1 kg,Jawa Timur,Surabaya,3360920
01-02-2022,PHI Mini Market - Surabaya 01,Mariani Damai,W,Sayur-Sayuran,kacang panjang 1 kg,Jawa Timur,Surabaya,2422650
01-02-2022,PHI Mini Market - Surabaya 01,Mariani Damai,W,Sayur-Sayuran,kentang 1 kg,Jawa Timur,Surabaya,2348430
01-02-2022,PHI Mini Market - Surabaya 01,Mariani Damai,W,Sayur-Sayuran,ketimun 1 kg,Jawa Timur,Surabaya,1436280
01-02-2022,PHI Mini Market - Surabaya 01,Mariani Damai,W,Sayur-Sayuran,kobis 1 kg,Jawa Timur,Surabaya,241530
01-02-2022,PHI Mini Market - Surabaya 01,Mariani Damai,W,Sayur-Sayuran,tomat 1 kg,Jawa Timur,Surabaya,1747630
01-02-2022,PHI Mini Market - Surabaya 01,Mariani Damai,W,Sayur-Sayuran,ubi jalar 1 kg,Jawa Timur,Surabaya,352700
01-02-2022,PHI Mini Market - Surabaya 01,Mariani Damai,W,Sayur-Sayuran,ubi kayu basah 1 kg,Jawa Timur,Surabaya,290670
01-02-2022,PHI Mini Market - Surabaya 01,Mariani Damai,W,Sayur-Sayuran,wortel 1 kg,Jawa Timur,Surabaya,1174140
01-02-2022,PHI Mini Market - Surabaya 01,Mulia Setiawan,P,Buah,alpukat 1 kg,Jawa Timur,Surabaya,1684110
01-02-2022,PHI Mini Market - Surabaya 01,Mulia Setiawan,P,Buah,apel 1 kg,Jawa Timur,Surabaya,19145860
01-02-2022,PHI Mini Market - Surabaya 01,Mulia Setiawan,P,Buah,belimbing 1 kg,Jawa Timur,Surabaya,1247530
01-02-2022,PHI Mini Market - Surabaya 01,Mulia Setiawan,P,Buah,durian 1 kg,Jawa Timur,Surabaya,5575760
01-02-2022,PHI Mini Market - Surabaya 01,Mulia Setiawan,P,Buah,jeruk 1 kg,Jawa Timur,Surabaya,3166570
01-02-2022,PHI Mini Market - Surabaya 01,Mulia Setiawan,P,Buah,kelapa muda,Jawa Timur,Surabaya,1069720
01-02-2022,PHI Mini Market - Surabaya 01,Mulia Setiawan,P,Buah,mangga 1 kg,Jawa Timur,Surabaya,4240880
01-02-2022,PHI Mini Market - Surabaya 01,Mulia Setiawan,P,Makanan & Minuman,air mineral 600 ml,Jawa Timur,Surabaya,504810
01-02-2022,PHI Mini Market - Surabaya 01,Mulia Setiawan,P,Makanan & Minuman,bumbu fried chicken,Jawa Timur,Surabaya,6139290
01-02-2022,PHI Mini Market - Surabaya 01,Mulia Setiawan,P,Makanan & Minuman,jus kesehatan 600 ml,Jawa Timur,Surabaya,3318810
01-02-2022,PHI Mini Market - Surabaya 01,Mulia Setiawan,P,Makanan & Minuman,kacang goreng 1 kg,Jawa Timur,Surabaya,4176380
01-02-2022,PHI Mini Market - Surabaya 01,Mulia Setiawan,P,Makanan & Minuman,kacang mete 1 kg,Jawa Timur,Surabaya,18899990
01-02-2022,PHI Mini Market - Surabaya 01,Mulia Setiawan,P,Makanan & Minuman,markisa 600 ml,Jawa Timur,Surabaya,4632760
01-02-2022,PHI Mini Market - Surabaya 01,Mulia Setiawan,P,Makanan & Minuman,mie instant 1 kotak (40 bungkus),Jawa Timur,Surabaya,31276170
01-02-2022,PHI Mini Market - Surabaya 01,Mulia Setiawan,P,Makanan & Minuman,minuman probiotik,Jawa Timur,Surabaya,352260
01-02-2022,PHI Mini Market - Surabaya 01,Mulia Setiawan,P,Makanan & Minuman,nasi goreng instant (1 ons),Jawa Timur,Surabaya,1376470
01-02-2022,PHI Mini Market - Surabaya 01,Mulia Setiawan,P,Makanan & Minuman,snack gurih 1 ons,Jawa Timur,Surabaya,1816490
01-02-2022,PHI Mini Market - Surabaya 01,Mulia Setiawan,P,Makanan & Minuman,susu kotak (800 ml),Jawa Timur,Surabaya,3166690
01-02-2022,PHI Mini Market - Surabaya 01,Mulia Setiawan,P,Makanan & Minuman,susu kotak 1 l,Jawa Timur,Surabaya,3032840
01-02-2022,PHI Mini Market - Surabaya 01,Mulia Setiawan,P,Makanan & Minuman,telur ayam kampung 1 kg,Jawa Timur,Surabaya,5822340
01-02-2022,PHI Mini Market - Surabaya 01,Mulia Setiawan,P,Makanan & Minuman,telur ayam ras 1 kg,Jawa Timur,Surabaya,3755200
01-02-2022,PHI Mini Market - Surabaya 01,Mulia Setiawan,P,Sayur-Sayuran,bawang merah 1 kg,Jawa Timur,Surabaya,3716920
01-02-2022,PHI Mini Market - Surabaya 01,Mulia Setiawan,P,Sayur-Sayuran,bawang putih 1 kg,Jawa Timur,Surabaya,1055740
01-02-2022,PHI Mini Market - Surabaya 01,Mulia Setiawan,P,Sayur-Sayuran,buncis 1 kg,Jawa Timur,Surabaya,1825650
01-02-2022,PHI Mini Market - Surabaya 01,Mulia Setiawan,P,Sayur-Sayuran,kacang hijau 1 kg,Jawa Timur,Surabaya,2421570
01-02-2022,PHI Mini Market - Surabaya 01,Mulia Setiawan,P,Sayur-Sayuran,kacang panjang 1 kg,Jawa Timur,Surabaya,2565120
01-02-2022,PHI Mini Market - Surabaya 01,Mulia Setiawan,P,Sayur-Sayuran,kentang 1 kg,Jawa Timur,Surabaya,2113850
01-02-2022,PHI Mini Market - Surabaya 01,Mulia Setiawan,P,Sayur-Sayuran,ketimun 1 kg,Jawa Timur,Surabaya,1629090
01-02-2022,PHI Mini Market - Surabaya 01,Mulia Setiawan,P,Sayur-Sayuran,kobis 1 kg,Jawa Timur,Surabaya,339040
01-02-2022,PHI Mini Market - Surabaya 01,Mulia Setiawan,P,Sayur-Sayuran,tomat 1 kg,Jawa Timur,Surabaya,553160
01-02-2022,PHI Mini Market - Surabaya 01,Mulia Setiawan,P,Sayur-Sayuran,ubi jalar 1 kg,Jawa Timur,Surabaya,293430
01-02-2022,PHI Mini Market - Surabaya 01,Mulia Setiawan,P,Sayur-Sayuran,ubi kayu basah 1 kg,Jawa Timur,Surabaya,349240
01-02-2022,PHI Mini Market - Surabaya 01,Mulia Setiawan,P,Sayur-Sayuran,wortel 1 kg,Jawa Timur,Surabaya,1117750
01-02-2022,PHI Mini Market - Surabaya 01,Mulyo Damai,P,Buah,alpukat 1 kg,Jawa Timur,Surabaya,2132280
01-02-2022,PHI Mini Market - Surabaya 01,Mulyo Damai,P,Buah,apel 1 kg,Jawa Timur,Surabaya,12161120
01-02-2022,PHI Mini Market - Surabaya 01,Mulyo Damai,P,Buah,belimbing 1 kg,Jawa Timur,Surabaya,1126270
01-02-2022,PHI Mini Market - Surabaya 01,Mulyo Damai,P,Buah,durian 1 kg,Jawa Timur,Surabaya,5656430
01-02-2022,PHI Mini Market - Surabaya 01,Mulyo Damai,P,Buah,jeruk 1 kg,Jawa Timur,Surabaya,3977580
01-02-2022,PHI Mini Market - Surabaya 01,Mulyo Damai,P,Buah,kelapa muda,Jawa Timur,Surabaya,1534980
01-02-2022,PHI Mini Market - Surabaya 01,Mulyo Damai,P,Makanan & Minuman,air mineral 600 ml,Jawa Timur,Surabaya,294600
01-02-2022,PHI Mini Market - Surabaya 01,Mulyo Damai,P,Makanan & Minuman,bumbu fried chicken,Jawa Timur,Surabaya,3077270
01-02-2022,PHI Mini Market - Surabaya 01,Mulyo Damai,P,Makanan & Minuman,jus kesehatan 600 ml,Jawa Timur,Surabaya,2196230
01-02-2022,PHI Mini Market - Surabaya 01,Mulyo Damai,P,Makanan & Minuman,kacang goreng 1 kg,Jawa Timur,Surabaya,3739280
01-02-2022,PHI Mini Market - Surabaya 01,Mulyo Damai,P,Makanan & Minuman,kacang mete 1 kg,Jawa Timur,Surabaya,20255970
01-02-2022,PHI Mini Market - Surabaya 01,Mulyo Damai,P,Makanan & Minuman,markisa 600 ml,Jawa Timur,Surabaya,3587750
01-02-2022,PHI Mini Market - Surabaya 01,Mulyo Damai,P,Makanan & Minuman,mie instant 1 kotak (40 bungkus),Jawa Timur,Surabaya,33573560
01-02-2022,PHI Mini Market - Surabaya 01,Mulyo Damai,P,Makanan & Minuman,minuman probiotik,Jawa Timur,Surabaya,481250
01-02-2022,PHI Mini Market - Surabaya 01,Mulyo Damai,P,Makanan & Minuman,nasi goreng instant (1 ons),Jawa Timur,Surabaya,1948030
01-02-2022,PHI Mini Market - Surabaya 01,Mulyo Damai,P,Makanan & Minuman,snack gurih 1 ons,Jawa Timur,Surabaya,2004430
01-02-2022,PHI Mini Market - Surabaya 01,Mulyo Damai,P,Makanan & Minuman,susu kotak (800 ml),Jawa Timur,Surabaya,3851120
01-02-2022,PHI Mini Market - Surabaya 01,Mulyo Damai,P,Makanan & Minuman,susu kotak 1 l,Jawa Timur,Surabaya,3348920
01-02-2022,PHI Mini Market - Surabaya 01,Mulyo Damai,P,Makanan & Minuman,telur ayam kampung 1 kg,Jawa Timur,Surabaya,5580300
01-02-2022,PHI Mini Market - Surabaya 01,Mulyo Damai,P,Makanan & Minuman,telur ayam ras 1 kg,Jawa Timur,Surabaya,3718070
01-02-2022,PHI Mini Market - Surabaya 01,Mulyo Damai,P,Sayur-Sayuran,bawang merah 1 kg,Jawa Timur,Surabaya,3058700
01-02-2022,PHI Mini Market - Surabaya 01,Mulyo Damai,P,Sayur-Sayuran,bawang putih 1 kg,Jawa Timur,Surabaya,1056590
01-02-2022,PHI Mini Market - Surabaya 01,Mulyo Damai,P,Sayur-Sayuran,buncis 1 kg,Jawa Timur,Surabaya,2135790
01-02-2022,PHI Mini Market - Surabaya 01,Mulyo Damai,P,Sayur-Sayuran,kacang hijau 1 kg,Jawa Timur,Surabaya,1870710
01-02-2022,PHI Mini Market - Surabaya 01,Mulyo Damai,P,Sayur-Sayuran,kacang panjang 1 kg,Jawa Timur,Surabaya,1978620
01-02-2022,PHI Mini Market - Surabaya 01,Mulyo Damai,P,Sayur-Sayuran,kentang 1 kg,Jawa Timur,Surabaya,1588400
01-02-2022,PHI Mini Market - Surabaya 01,Mulyo Damai,P,Sayur-Sayuran,ketimun 1 kg,Jawa Timur,Surabaya,1018460
01-02-2022,PHI Mini Market - Surabaya 01,Mulyo Damai,P,Sayur-Sayuran,kobis 1 kg,Jawa Timur,Surabaya,338490
01-02-2022,PHI Mini Market - Surabaya 01,Mulyo Damai,P,Sayur-Sayuran,tomat 1 kg,Jawa Timur,Surabaya,1508370
01-02-2022,PHI Mini Market - Surabaya 01,Mulyo Damai,P,Sayur-Sayuran,ubi jalar 1 kg,Jawa Timur,Surabaya,318030
01-02-2022,PHI Mini Market - Surabaya 01,Mulyo Damai,P,Sayur-Sayuran,ubi kayu basah 1 kg,Jawa Timur,Surabaya,365470
01-02-2022,PHI Mini Market - Surabaya 01,Mulyo Damai,P,Sayur-Sayuran,wortel 1 kg,Jawa Timur,Surabaya,1007380
01-02-2022,PHI Mini Market - Surabaya 01,Natali Menawan,W,Buah,alpukat 1 kg,Jawa Timur,Surabaya,2332650
01-02-2022,PHI Mini Market - Surabaya 01,Natali Menawan,W,Buah,apel 1 kg,Jawa Timur,Surabaya,41048360
01-02-2022,PHI Mini Market - Surabaya 01,Natali Menawan,W,Buah,belimbing 1 kg,Jawa Timur,Surabaya,2294000
01-02-2022,PHI Mini Market - Surabaya 01,Natali Menawan,W,Buah,durian 1 kg,Jawa Timur,Surabaya,8301750
01-02-2022,PHI Mini Market - Surabaya 01,Natali Menawan,W,Buah,jeruk 1 kg,Jawa Timur,Surabaya,8110350
01-02-2022,PHI Mini Market - Surabaya 01,Natali Menawan,W,Buah,kelapa muda,Jawa Timur,Surabaya,2675850
01-02-2022,PHI Mini Market - Surabaya 01,Natali Menawan,W,Buah,mangga 1 kg,Jawa Timur,Surabaya,10352530
01-02-2022,PHI Mini Market - Surabaya 01,Natali Menawan,W,Makanan & Minuman,air mineral 600 ml,Jawa Timur,Surabaya,729920
01-02-2022,PHI Mini Market - Surabaya 01,Natali Menawan,W,Makanan & Minuman,bumbu fried chicken,Jawa Timur,Surabaya,10809940
01-02-2022,PHI Mini Market - Surabaya 01,Natali Menawan,W,Makanan & Minuman,jus kesehatan 600 ml,Jawa Timur,Surabaya,5544470
01-02-2022,PHI Mini Market - Surabaya 01,Natali Menawan,W,Makanan & Minuman,kacang goreng 1 kg,Jawa Timur,Surabaya,7523080
01-02-2022,PHI Mini Market - Surabaya 01,Natali Menawan,W,Makanan & Minuman,kacang mete 1 kg,Jawa Timur,Surabaya,34208390
01-02-2022,PHI Mini Market - Surabaya 01,Natali Menawan,W,Makanan & Minuman,markisa 600 ml,Jawa Timur,Surabaya,9140330
01-02-2022,PHI Mini Market - Surabaya 01,Natali Menawan,W,Makanan & Minuman,mie instant 1 kotak (40 bungkus),Jawa Timur,Surabaya,63225200
01-02-2022,PHI Mini Market - Surabaya 01,Natali Menawan,W,Makanan & Minuman,minuman probiotik,Jawa Timur,Surabaya,530240
01-02-2022,PHI Mini Market - Surabaya 01,Natali Menawan,W,Makanan & Minuman,nasi goreng instant (1 ons),Jawa Timur,Surabaya,2983370
01-02-2022,PHI Mini Market - Surabaya 01,Natali Menawan,W,Makanan & Minuman,snack gurih 1 ons,Jawa Timur,Surabaya,3257160
01-02-2022,PHI Mini Market - Surabaya 01,Natali Menawan,W,Makanan & Minuman,susu kotak (800 ml),Jawa Timur,Surabaya,6257450
01-02-2022,PHI Mini Market - Surabaya 01,Natali Menawan,W,Makanan & Minuman,susu kotak 1 l,Jawa Timur,Surabaya,5446740
01-02-2022,PHI Mini Market - Surabaya 01,Natali Menawan,W,Makanan & Minuman,telur ayam kampung 1 kg,Jawa Timur,Surabaya,7650260
01-02-2022,PHI Mini Market - Surabaya 01,Natali Menawan,W,Makanan & Minuman,telur ayam ras 1 kg,Jawa Timur,Surabaya,6682800
01-02-2022,PHI Mini Market - Surabaya 01,Natali Menawan,W,Sayur-Sayuran,bawang merah 1 kg,Jawa Timur,Surabaya,7359120
01-02-2022,PHI Mini Market - Surabaya 01,Natali Menawan,W,Sayur-Sayuran,bawang putih 1 kg,Jawa Timur,Surabaya,2531040
01-02-2022,PHI Mini Market - Surabaya 01,Natali Menawan,W,Sayur-Sayuran,buncis 1 kg,Jawa Timur,Surabaya,3657310
01-02-2022,PHI Mini Market - Surabaya 01,Natali Menawan,W,Sayur-Sayuran,kacang hijau 1 kg,Jawa Timur,Surabaya,3366140
01-02-2022,PHI Mini Market - Surabaya 01,Natali Menawan,W,Sayur-Sayuran,kacang panjang 1 kg,Jawa Timur,Surabaya,3654750
01-02-2022,PHI Mini Market - Surabaya 01,Natali Menawan,W,Sayur-Sayuran,kentang 1 kg,Jawa Timur,Surabaya,5422620
01-02-2022,PHI Mini Market - Surabaya 01,Natali Menawan,W,Sayur-Sayuran,ketimun 1 kg,Jawa Timur,Surabaya,2536270
01-02-2022,PHI Mini Market - Surabaya 01,Natali Menawan,W,Sayur-Sayuran,kobis 1 kg,Jawa Timur,Surabaya,571480
01-02-2022,PHI Mini Market - Surabaya 01,Natali Menawan,W,Sayur-Sayuran,tomat 1 kg,Jawa Timur,Surabaya,2981350
01-02-2022,PHI Mini Market - Surabaya 01,Natali Menawan,W,Sayur-Sayuran,ubi jalar 1 kg,Jawa Timur,Surabaya,645020
01-02-2022,PHI Mini Market - Surabaya 01,Natali Menawan,W,Sayur-Sayuran,ubi kayu basah 1 kg,Jawa Timur,Surabaya,597190
01-02-2022,PHI Mini Market - Surabaya 01,Natali Menawan,W,Sayur-Sayuran,wortel 1 kg,Jawa Timur,Surabaya,2166350
01-03-2022,PHI Mini Market - Jakarta Pusat 01,Agung Alexander,P,Buah,alpukat 1 kg,DKI Jakarta,Jakarta Pusat,1868780
01-03-2022,PHI Mini Market - Jakarta Pusat 01,Agung Alexander,P,Buah,apel 1 kg,DKI Jakarta,Jakarta Pusat,21943520
01-03-2022,PHI Mini Market - Jakarta Pusat 01,Agung Alexander,P,Buah,belimbing 1 kg,DKI Jakarta,Jakarta Pusat,1318740
01-03-2022,PHI Mini Market - Jakarta Pusat 01,Agung Alexander,P,Buah,durian 1 kg,DKI Jakarta,Jakarta Pusat,4918760
01-03-2022,PHI Mini Market - Jakarta Pusat 01,Agung Alexander,P,Buah,jeruk 1 kg,DKI Jakarta,Jakarta Pusat,3829250
01-03-2022,PHI Mini Market - Jakarta Pusat 01,Agung Alexander,P,Buah,kelapa muda,DKI Jakarta,Jakarta Pusat,1732840
01-03-2022,PHI Mini Market - Jakarta Pusat 01,Agung Alexander,P,Makanan & Minuman,air mineral 600 ml,DKI Jakarta,Jakarta Pusat,342280
01-03-2022,PHI Mini Market - Jakarta Pusat 01,Agung Alexander,P,Makanan & Minuman,bumbu fried chicken,DKI Jakarta,Jakarta Pusat,4995500
01-03-2022,PHI Mini Market - Jakarta Pusat 01,Agung Alexander,P,Makanan & Minuman,jus kesehatan 600 ml,DKI Jakarta,Jakarta Pusat,2283900
01-03-2022,PHI Mini Market - Jakarta Pusat 01,Agung Alexander,P,Makanan & Minuman,kacang goreng 1 kg,DKI Jakarta,Jakarta Pusat,3602040
01-03-2022,PHI Mini Market - Jakarta Pusat 01,Agung Alexander,P,Makanan & Minuman,kacang mete 1 kg,DKI Jakarta,Jakarta Pusat,18061550
01-03-2022,PHI Mini Market - Jakarta Pusat 01,Agung Alexander,P,Makanan & Minuman,markisa 600 ml,DKI Jakarta,Jakarta Pusat,4655410
01-03-2022,PHI Mini Market - Jakarta Pusat 01,Agung Alexander,P,Makanan & Minuman,mie instant 1 kotak (40 bungkus),DKI Jakarta,Jakarta Pusat,28957760
01-03-2022,PHI Mini Market - Jakarta Pusat 01,Agung Alexander,P,Makanan & Minuman,minuman probiotik,DKI Jakarta,Jakarta Pusat,391610
01-03-2022,PHI Mini Market - Jakarta Pusat 01,Agung Alexander,P,Makanan & Minuman,nasi goreng instant (1 ons),DKI Jakarta,Jakarta Pusat,2096680
01-03-2022,PHI Mini Market - Jakarta Pusat 01,Agung Alexander,P,Makanan & Minuman,snack gurih 1 ons,DKI Jakarta,Jakarta Pusat,1596650
01-03-2022,PHI Mini Market - Jakarta Pusat 01,Agung Alexander,P,Makanan & Minuman,susu kotak (800 ml),DKI Jakarta,Jakarta Pusat,3674990
01-03-2022,PHI Mini Market - Jakarta Pusat 01,Agung Alexander,P,Makanan & Minuman,susu kotak 1 l,DKI Jakarta,Jakarta Pusat,4693540
01-03-2022,PHI Mini Market - Jakarta Pusat 01,Agung Alexander,P,Makanan & Minuman,telur ayam kampung 1 kg,DKI Jakarta,Jakarta Pusat,5215410
01-03-2022,PHI Mini Market - Jakarta Pusat 01,Agung Alexander,P,Makanan & Minuman,telur ayam ras 1 kg,DKI Jakarta,Jakarta Pusat,2614360
01-03-2022,PHI Mini Market - Jakarta Pusat 01,Agung Alexander,P,Sayur-Sayuran,bawang merah 1 kg,DKI Jakarta,Jakarta Pusat,2639770
01-03-2022,PHI Mini Market - Jakarta Pusat 01,Agung Alexander,P,Sayur-Sayuran,bawang putih 1 kg,DKI Jakarta,Jakarta Pusat,1768460
01-03-2022,PHI Mini Market - Jakarta Pusat 01,Agung Alexander,P,Sayur-Sayuran,buncis 1 kg,DKI Jakarta,Jakarta Pusat,2201720
01-03-2022,PHI Mini Market - Jakarta Pusat 01,Agung Alexander,P,Sayur-Sayuran,kacang hijau 1 kg,DKI Jakarta,Jakarta Pusat,2613520
01-03-2022,PHI Mini Market - Jakarta Pusat 01,Agung Alexander,P,Sayur-Sayuran,kacang panjang 1 kg,DKI Jakarta,Jakarta Pusat,2382350
01-03-2022,PHI Mini Market - Jakarta Pusat 01,Agung Alexander,P,Sayur-Sayuran,kentang 1 kg,DKI Jakarta,Jakarta Pusat,3038290
01-03-2022,PHI Mini Market - Jakarta Pusat 01,Agung Alexander,P,Sayur-Sayuran,ketimun 1 kg,DKI Jakarta,Jakarta Pusat,1623050
01-03-2022,PHI Mini Market - Jakarta Pusat 01,Agung Alexander,P,Sayur-Sayuran,kobis 1 kg,DKI Jakarta,Jakarta Pusat,385780
01-03-2022,PHI Mini Market - Jakarta Pusat 01,Agung Alexander,P,Sayur-Sayuran,tomat 1 kg,DKI Jakarta,Jakarta Pusat,1750990
01-03-2022,PHI Mini Market - Jakarta Pusat 01,Agung Alexander,P,Sayur-Sayuran,ubi jalar 1 kg,DKI Jakarta,Jakarta Pusat,531040
01-03-2022,PHI Mini Market - Jakarta Pusat 01,Agung Alexander,P,Sayur-Sayuran,ubi kayu basah 1 kg,DKI Jakarta,Jakarta Pusat,301600
01-03-2022,PHI Mini Market - Jakarta Pusat 01,Agung Alexander,P,Sayur-Sayuran,wortel 1 kg,DKI Jakarta,Jakarta Pusat,1162550
01-03-2022,PHI Mini Market - Jakarta Pusat 01,Budiwati Ramah,W,Buah,alpukat 1 kg,DKI Jakarta,Jakarta Pusat,2179490
01-03-2022,PHI Mini Market - Jakarta Pusat 01,Budiwati Ramah,W,Buah,apel 1 kg,DKI Jakarta,Jakarta Pusat,12588380
01-03-2022,PHI Mini Market - Jakarta Pusat 01,Budiwati Ramah,W,Buah,belimbing 1 kg,DKI Jakarta,Jakarta Pusat,1533470
01-03-2022,PHI Mini Market - Jakarta Pusat 01,Budiwati Ramah,W,Buah,durian 1 kg,DKI Jakarta,Jakarta Pusat,6428480
01-03-2022,PHI Mini Market - Jakarta Pusat 01,Budiwati Ramah,W,Buah,jeruk 1 kg,DKI Jakarta,Jakarta Pusat,4174960
01-03-2022,PHI Mini Market - Jakarta Pusat 01,Budiwati Ramah,W,Buah,kelapa muda,DKI Jakarta,Jakarta Pusat,1302750
01-03-2022,PHI Mini Market - Jakarta Pusat 01,Budiwati Ramah,W,Buah,mangga 1 kg,DKI Jakarta,Jakarta Pusat,3197210
01-03-2022,PHI Mini Market - Jakarta Pusat 01,Budiwati Ramah,W,Makanan & Minuman,air mineral 600 ml,DKI Jakarta,Jakarta Pusat,399400
01-03-2022,PHI Mini Market - Jakarta Pusat 01,Budiwati Ramah,W,Makanan & Minuman,bumbu fried chicken,DKI Jakarta,Jakarta Pusat,5723540
01-03-2022,PHI Mini Market - Jakarta Pusat 01,Budiwati Ramah,W,Makanan & Minuman,jus kesehatan 600 ml,DKI Jakarta,Jakarta Pusat,3025650
01-03-2022,PHI Mini Market - Jakarta Pusat 01,Budiwati Ramah,W,Makanan & Minuman,kacang goreng 1 kg,DKI Jakarta,Jakarta Pusat,5292700
01-03-2022,PHI Mini Market - Jakarta Pusat 01,Budiwati Ramah,W,Makanan & Minuman,kacang mete 1 kg,DKI Jakarta,Jakarta Pusat,26874390
01-03-2022,PHI Mini Market - Jakarta Pusat 01,Budiwati Ramah,W,Makanan & Minuman,markisa 600 ml,DKI Jakarta,Jakarta Pusat,3760830
01-03-2022,PHI Mini Market - Jakarta Pusat 01,Budiwati Ramah,W,Makanan & Minuman,mie instant 1 kotak (40 bungkus),DKI Jakarta,Jakarta Pusat,26092310
01-03-2022,PHI Mini Market - Jakarta Pusat 01,Budiwati Ramah,W,Makanan & Minuman,minuman probiotik,DKI Jakarta,Jakarta Pusat,247520
01-03-2022,PHI Mini Market - Jakarta Pusat 01,Budiwati Ramah,W,Makanan & Minuman,nasi goreng instant (1 ons),DKI Jakarta,Jakarta Pusat,1790990
01-03-2022,PHI Mini Market - Jakarta Pusat 01,Budiwati Ramah,W,Makanan & Minuman,snack gurih 1 ons,DKI Jakarta,Jakarta Pusat,1710110
01-03-2022,PHI Mini Market - Jakarta Pusat 01,Budiwati Ramah,W,Makanan & Minuman,susu kotak (800 ml),DKI Jakarta,Jakarta Pusat,5457350
01-03-2022,PHI Mini Market - Jakarta Pusat 01,Budiwati Ramah,W,Makanan & Minuman,susu kotak 1 l,DKI Jakarta,Jakarta Pusat,2570280
01-03-2022,PHI Mini Market - Jakarta Pusat 01,Budiwati Ramah,W,Makanan & Minuman,telur ayam kampung 1 kg,DKI Jakarta,Jakarta Pusat,5350920
01-03-2022,PHI Mini Market - Jakarta Pusat 01,Budiwati Ramah,W,Makanan & Minuman,telur ayam ras 1 kg,DKI Jakarta,Jakarta Pusat,3478400
01-03-2022,PHI Mini Market - Jakarta Pusat 01,Budiwati Ramah,W,Sayur-Sayuran,bawang merah 1 kg,DKI Jakarta,Jakarta Pusat,4014280
01-03-2022,PHI Mini Market - Jakarta Pusat 01,Budiwati Ramah,W,Sayur-Sayuran,bawang putih 1 kg,DKI Jakarta,Jakarta Pusat,827290
01-03-2022,PHI Mini Market - Jakarta Pusat 01,Budiwati Ramah,W,Sayur-Sayuran,buncis 1 kg,DKI Jakarta,Jakarta Pusat,2043310
01-03-2022,PHI Mini Market - Jakarta Pusat 01,Budiwati Ramah,W,Sayur-Sayuran,kacang hijau 1 kg,DKI Jakarta,Jakarta Pusat,2106730
01-03-2022,PHI Mini Market - Jakarta Pusat 01,Budiwati Ramah,W,Sayur-Sayuran,kacang panjang 1 kg,DKI Jakarta,Jakarta Pusat,1614650
01-03-2022,PHI Mini Market - Jakarta Pusat 01,Budiwati Ramah,W,Sayur-Sayuran,kentang 1 kg,DKI Jakarta,Jakarta Pusat,1707670
01-03-2022,PHI Mini Market - Jakarta Pusat 01,Budiwati Ramah,W,Sayur-Sayuran,ketimun 1 kg,DKI Jakarta,Jakarta Pusat,1720970
01-03-2022,PHI Mini Market - Jakarta Pusat 01,Budiwati Ramah,W,Sayur-Sayuran,kobis 1 kg,DKI Jakarta,Jakarta Pusat,301850
01-03-2022,PHI Mini Market - Jakarta Pusat 01,Budiwati Ramah,W,Sayur-Sayuran,tomat 1 kg,DKI Jakarta,Jakarta Pusat,1426820
01-03-2022,PHI Mini Market - Jakarta Pusat 01,Budiwati Ramah,W,Sayur-Sayuran,ubi jalar 1 kg,DKI Jakarta,Jakarta Pusat,371960
01-03-2022,PHI Mini Market - Jakarta Pusat 01,Budiwati Ramah,W,Sayur-Sayuran,ubi kayu basah 1 kg,DKI Jakarta,Jakarta Pusat,324380
01-03-2022,PHI Mini Market - Jakarta Pusat 01,Budiwati Ramah,W,Sayur-Sayuran,wortel 1 kg,DKI Jakarta,Jakarta Pusat,1005830
01-03-2022,PHI Mini Market - Jakarta Pusat 01,Cahya Terang,W,Buah,alpukat 1 kg,DKI Jakarta,Jakarta Pusat,1365150
01-03-2022,PHI Mini Market - Jakarta Pusat 01,Cahya Terang,W,Buah,apel 1 kg,DKI Jakarta,Jakarta Pusat,22460690
01-03-2022,PHI Mini Market - Jakarta Pusat 01,Cahya Terang,W,Buah,belimbing 1 kg,DKI Jakarta,Jakarta Pusat,1315370
01-03-2022,PHI Mini Market - Jakarta Pusat 01,Cahya Terang,W,Buah,durian 1 kg,DKI Jakarta,Jakarta Pusat,5583460
01-03-2022,PHI Mini Market - Jakarta Pusat 01,Cahya Terang,W,Buah,jeruk 1 kg,DKI Jakarta,Jakarta Pusat,2879830
01-03-2022,PHI Mini Market - Jakarta Pusat 01,Cahya Terang,W,Buah,kelapa muda,DKI Jakarta,Jakarta Pusat,2295740
01-03-2022,PHI Mini Market - Jakarta Pusat 01,Cahya Terang,W,Makanan & Minuman,air mineral 600 ml,DKI Jakarta,Jakarta Pusat,335650
01-03-2022,PHI Mini Market - Jakarta Pusat 01,Cahya Terang,W,Makanan & Minuman,bumbu fried chicken,DKI Jakarta,Jakarta Pusat,5035700
01-03-2022,PHI Mini Market - Jakarta Pusat 01,Cahya Terang,W,Makanan & Minuman,jus kesehatan 600 ml,DKI Jakarta,Jakarta Pusat,3636030
01-03-2022,PHI Mini Market - Jakarta Pusat 01,Cahya Terang,W,Makanan & Minuman,kacang goreng 1 kg,DKI Jakarta,Jakarta Pusat,3000080
01-03-2022,PHI Mini Market - Jakarta Pusat 01,Cahya Terang,W,Makanan & Minuman,kacang mete 1 kg,DKI Jakarta,Jakarta Pusat,16960340
01-03-2022,PHI Mini Market - Jakarta Pusat 01,Cahya Terang,W,Makanan & Minuman,markisa 600 ml,DKI Jakarta,Jakarta Pusat,3936050
01-03-2022,PHI Mini Market - Jakarta Pusat 01,Cahya Terang,W,Makanan & Minuman,mie instant 1 kotak (40 bungkus),DKI Jakarta,Jakarta Pusat,23331070
01-03-2022,PHI Mini Market - Jakarta Pusat 01,Cahya Terang,W,Makanan & Minuman,minuman probiotik,DKI Jakarta,Jakarta Pusat,262410
01-03-2022,PHI Mini Market - Jakarta Pusat 01,Cahya Terang,W,Makanan & Minuman,nasi goreng instant (1 ons),DKI Jakarta,Jakarta Pusat,1413360
01-03-2022,PHI Mini Market - Jakarta Pusat 01,Cahya Terang,W,Makanan & Minuman,snack gurih 1 ons,DKI Jakarta,Jakarta Pusat,1624800
01-03-2022,PHI Mini Market - Jakarta Pusat 01,Cahya Terang,W,Makanan & Minuman,susu kotak (800 ml),DKI Jakarta,Jakarta Pusat,2672500
01-03-2022,PHI Mini Market - Jakarta Pusat 01,Cahya Terang,W,Makanan & Minuman,susu kotak 1 l,DKI Jakarta,Jakarta Pusat,3384170
01-03-2022,PHI Mini Market - Jakarta Pusat 01,Cahya Terang,W,Makanan & Minuman,telur ayam kampung 1 kg,DKI Jakarta,Jakarta Pusat,6359720
01-03-2022,PHI Mini Market - Jakarta Pusat 01,Cahya Terang,W,Makanan & Minuman,telur ayam ras 1 kg,DKI Jakarta,Jakarta Pusat,3661430
01-03-2022,PHI Mini Market - Jakarta Pusat 01,Cahya Terang,W,Sayur-Sayuran,bawang merah 1 kg,DKI Jakarta,Jakarta Pusat,3145470
01-03-2022,PHI Mini Market - Jakarta Pusat 01,Cahya Terang,W,Sayur-Sayuran,bawang putih 1 kg,DKI Jakarta,Jakarta Pusat,1197210
01-03-2022,PHI Mini Market - Jakarta Pusat 01,Cahya Terang,W,Sayur-Sayuran,buncis 1 kg,DKI Jakarta,Jakarta Pusat,1327180
01-03-2022,PHI Mini Market - Jakarta Pusat 01,Cahya Terang,W,Sayur-Sayuran,kacang hijau 1 kg,DKI Jakarta,Jakarta Pusat,1461940
01-03-2022,PHI Mini Market - Jakarta Pusat 01,Cahya Terang,W,Sayur-Sayuran,kacang panjang 1 kg,DKI Jakarta,Jakarta Pusat,2646340
01-03-2022,PHI Mini Market - Jakarta Pusat 01,Cahya Terang,W,Sayur-Sayuran,kentang 1 kg,DKI Jakarta,Jakarta Pusat,2424100
01-03-2022,PHI Mini Market - Jakarta Pusat 01,Cahya Terang,W,Sayur-Sayuran,ketimun 1 kg,DKI Jakarta,Jakarta Pusat,1605800
01-03-2022,PHI Mini Market - Jakarta Pusat 01,Cahya Terang,W,Sayur-Sayuran,kobis 1 kg,DKI Jakarta,Jakarta Pusat,407260
01-03-2022,PHI Mini Market - Jakarta Pusat 01,Cahya Terang,W,Sayur-Sayuran,tomat 1 kg,DKI Jakarta,Jakarta Pusat,1610770
01-03-2022,PHI Mini Market - Jakarta Pusat 01,Cahya Terang,W,Sayur-Sayuran,ubi jalar 1 kg,DKI Jakarta,Jakarta Pusat,341330
01-03-2022,PHI Mini Market - Jakarta Pusat 01,Cahya Terang,W,Sayur-Sayuran,ubi kayu basah 1 kg,DKI Jakarta,Jakarta Pusat,383350
01-03-2022,PHI Mini Market - Jakarta Pusat 01,Cahya Terang,W,Sayur-Sayuran,wortel 1 kg,DKI Jakarta,Jakarta Pusat,1262540
01-03-2022,PHI Mini Market - Jakarta Pusat 01,Eko Rukun,P,Buah,alpukat 1 kg,DKI Jakarta,Jakarta Pusat,2166540
01-03-2022,PHI Mini Market - Jakarta Pusat 01,Eko Rukun,P,Buah,apel 1 kg,DKI Jakarta,Jakarta Pusat,23517100
01-03-2022,PHI Mini Market - Jakarta Pusat 01,Eko Rukun,P,Buah,belimbing 1 kg,DKI Jakarta,Jakarta Pusat,1450260
01-03-2022,PHI Mini Market - Jakarta Pusat 01,Eko Rukun,P,Buah,durian 1 kg,DKI Jakarta,Jakarta Pusat,6295040
01-03-2022,PHI Mini Market - Jakarta Pusat 01,Eko Rukun,P,Buah,jeruk 1 kg,DKI Jakarta,Jakarta Pusat,4834590
01-03-2022,PHI Mini Market - Jakarta Pusat 01,Eko Rukun,P,Buah,kelapa muda,DKI Jakarta,Jakarta Pusat,1445520
01-03-2022,PHI Mini Market - Jakarta Pusat 01,Eko Rukun,P,Buah,mangga 1 kg,DKI Jakarta,Jakarta Pusat,6419330
01-03-2022,PHI Mini Market - Jakarta Pusat 01,Eko Rukun,P,Makanan & Minuman,air mineral 600 ml,DKI Jakarta,Jakarta Pusat,485010
01-03-2022,PHI Mini Market - Jakarta Pusat 01,Eko Rukun,P,Makanan & Minuman,bumbu fried chicken,DKI Jakarta,Jakarta Pusat,4199650
01-03-2022,PHI Mini Market - Jakarta Pusat 01,Eko Rukun,P,Makanan & Minuman,jus kesehatan 600 ml,DKI Jakarta,Jakarta Pusat,2684680
01-03-2022,PHI Mini Market - Jakarta Pusat 01,Eko Rukun,P,Makanan & Minuman,kacang goreng 1 kg,DKI Jakarta,Jakarta Pusat,3578790
01-03-2022,PHI Mini Market - Jakarta Pusat 01,Eko Rukun,P,Makanan & Minuman,kacang mete 1 kg,DKI Jakarta,Jakarta Pusat,28861440
01-03-2022,PHI Mini Market - Jakarta Pusat 01,Eko Rukun,P,Makanan & Minuman,markisa 600 ml,DKI Jakarta,Jakarta Pusat,5376820
01-03-2022,PHI Mini Market - Jakarta Pusat 01,Eko Rukun,P,Makanan & Minuman,mie instant 1 kotak (40 bungkus),DKI Jakarta,Jakarta Pusat,35223790
01-03-2022,PHI Mini Market - Jakarta Pusat 01,Eko Rukun,P,Makanan & Minuman,minuman probiotik,DKI Jakarta,Jakarta Pusat,326080
01-03-2022,PHI Mini Market - Jakarta Pusat 01,Eko Rukun,P,Makanan & Minuman,nasi goreng instant (1 ons),DKI Jakarta,Jakarta Pusat,1819280
01-03-2022,PHI Mini Market - Jakarta Pusat 01,Eko Rukun,P,Makanan & Minuman,snack gurih 1 ons,DKI Jakarta,Jakarta Pusat,1526390
01-03-2022,PHI Mini Market - Jakarta Pusat 01,Eko Rukun,P,Makanan & Minuman,susu kotak (800 ml),DKI Jakarta,Jakarta Pusat,3602370
01-03-2022,PHI Mini Market - Jakarta Pusat 01,Eko Rukun,P,Makanan & Minuman,susu kotak 1 l,DKI Jakarta,Jakarta Pusat,2980920
01-03-2022,PHI Mini Market - Jakarta Pusat 01,Eko Rukun,P,Makanan & Minuman,telur ayam kampung 1 kg,DKI Jakarta,Jakarta Pusat,6808640
01-03-2022,PHI Mini Market - Jakarta Pusat 01,Eko Rukun,P,Makanan & Minuman,telur ayam ras 1 kg,DKI Jakarta,Jakarta Pusat,5094100
01-03-2022,PHI Mini Market - Jakarta Pusat 01,Eko Rukun,P,Sayur-Sayuran,bawang merah 1 kg,DKI Jakarta,Jakarta Pusat,3400420
01-03-2022,PHI Mini Market - Jakarta Pusat 01,Eko Rukun,P,Sayur-Sayuran,bawang putih 1 kg,DKI Jakarta,Jakarta Pusat,1560420
01-03-2022,PHI Mini Market - Jakarta Pusat 01,Eko Rukun,P,Sayur-Sayuran,buncis 1 kg,DKI Jakarta,Jakarta Pusat,2066920
01-03-2022,PHI Mini Market - Jakarta Pusat 01,Eko Rukun,P,Sayur-Sayuran,kacang hijau 1 kg,DKI Jakarta,Jakarta Pusat,2833410
01-03-2022,PHI Mini Market - Jakarta Pusat 01,Eko Rukun,P,Sayur-Sayuran,kacang panjang 1 kg,DKI Jakarta,Jakarta Pusat,2455750
01-03-2022,PHI Mini Market - Jakarta Pusat 01,Eko Rukun,P,Sayur-Sayuran,kentang 1 kg,DKI Jakarta,Jakarta Pusat,2286460
01-03-2022,PHI Mini Market - Jakarta Pusat 01,Eko Rukun,P,Sayur-Sayuran,ketimun 1 kg,DKI Jakarta,Jakarta Pusat,1221310
01-03-2022,PHI Mini Market - Jakarta Pusat 01,Eko Rukun,P,Sayur-Sayuran,kobis 1 kg,DKI Jakarta,Jakarta Pusat,291560
01-03-2022,PHI Mini Market - Jakarta Pusat 01,Eko Rukun,P,Sayur-Sayuran,tomat 1 kg,DKI Jakarta,Jakarta Pusat,1260590
01-03-2022,PHI Mini Market - Jakarta Pusat 01,Eko Rukun,P,Sayur-Sayuran,ubi jalar 1 kg,DKI Jakarta,Jakarta Pusat,194150
01-03-2022,PHI Mini Market - Jakarta Pusat 01,Eko Rukun,P,Sayur-Sayuran,ubi kayu basah 1 kg,DKI Jakarta,Jakarta Pusat,360880
01-03-2022,PHI Mini Market - Jakarta Pusat 01,Eko Rukun,P,Sayur-Sayuran,wortel 1 kg,DKI Jakarta,Jakarta Pusat,1274510
01-03-2022,PHI Mini Market - Jakarta Pusat 01,Eria Setiawan,W,Buah,alpukat 1 kg,DKI Jakarta,Jakarta Pusat,2208580
01-03-2022,PHI Mini Market - Jakarta Pusat 01,Eria Setiawan,W,Buah,apel 1 kg,DKI Jakarta,Jakarta Pusat,13561510
01-03-2022,PHI Mini Market - Jakarta Pusat 01,Eria Setiawan,W,Buah,belimbing 1 kg,DKI Jakarta,Jakarta Pusat,1451520
01-03-2022,PHI Mini Market - Jakarta Pusat 01,Eria Setiawan,W,Buah,durian 1 kg,DKI Jakarta,Jakarta Pusat,6769670
01-03-2022,PHI Mini Market - Jakarta Pusat 01,Eria Setiawan,W,Buah,jeruk 1 kg,DKI Jakarta,Jakarta Pusat,3651270
01-03-2022,PHI Mini Market - Jakarta Pusat 01,Eria Setiawan,W,Buah,kelapa muda,DKI Jakarta,Jakarta Pusat,1758170
01-03-2022,PHI Mini Market - Jakarta Pusat 01,Eria Setiawan,W,Buah,mangga 1 kg,DKI Jakarta,Jakarta Pusat,5099260
01-03-2022,PHI Mini Market - Jakarta Pusat 01,Eria Setiawan,W,Makanan & Minuman,air mineral 600 ml,DKI Jakarta,Jakarta Pusat,250660
01-03-2022,PHI Mini Market - Jakarta Pusat 01,Eria Setiawan,W,Makanan & Minuman,bumbu fried chicken,DKI Jakarta,Jakarta Pusat,4037530
01-03-2022,PHI Mini Market - Jakarta Pusat 01,Eria Setiawan,W,Makanan & Minuman,jus kesehatan 600 ml,DKI Jakarta,Jakarta Pusat,2099640
01-03-2022,PHI Mini Market - Jakarta Pusat 01,Eria Setiawan,W,Makanan & Minuman,kacang goreng 1 kg,DKI Jakarta,Jakarta Pusat,3179710
01-03-2022,PHI Mini Market - Jakarta Pusat 01,Eria Setiawan,W,Makanan & Minuman,kacang mete 1 kg,DKI Jakarta,Jakarta Pusat,14195370
01-03-2022,PHI Mini Market - Jakarta Pusat 01,Eria Setiawan,W,Makanan & Minuman,markisa 600 ml,DKI Jakarta,Jakarta Pusat,4929530
01-03-2022,PHI Mini Market - Jakarta Pusat 01,Eria Setiawan,W,Makanan & Minuman,mie instant 1 kotak (40 bungkus),DKI Jakarta,Jakarta Pusat,32721570
01-03-2022,PHI Mini Market - Jakarta Pusat 01,Eria Setiawan,W,Makanan & Minuman,minuman probiotik,DKI Jakarta,Jakarta Pusat,276420
01-03-2022,PHI Mini Market - Jakarta Pusat 01,Eria Setiawan,W,Makanan & Minuman,nasi goreng instant (1 ons),DKI Jakarta,Jakarta Pusat,1912470
01-03-2022,PHI Mini Market - Jakarta Pusat 01,Eria Setiawan,W,Makanan & Minuman,snack gurih 1 ons,DKI Jakarta,Jakarta Pusat,1908700
01-03-2022,PHI Mini Market - Jakarta Pusat 01,Eria Setiawan,W,Makanan & Minuman,susu kotak (800 ml),DKI Jakarta,Jakarta Pusat,2660100
01-03-2022,PHI Mini Market - Jakarta Pusat 01,Eria Setiawan,W,Makanan & Minuman,susu kotak 1 l,DKI Jakarta,Jakarta Pusat,3509490
01-03-2022,PHI Mini Market - Jakarta Pusat 01,Eria Setiawan,W,Makanan & Minuman,telur ayam kampung 1 kg,DKI Jakarta,Jakarta Pusat,5077140
01-03-2022,PHI Mini Market - Jakarta Pusat 01,Eria Setiawan,W,Makanan & Minuman,telur ayam ras 1 kg,DKI Jakarta,Jakarta Pusat,3099270
01-03-2022,PHI Mini Market - Jakarta Pusat 01,Eria Setiawan,W,Sayur-Sayuran,bawang merah 1 kg,DKI Jakarta,Jakarta Pusat,3724720
01-03-2022,PHI Mini Market - Jakarta Pusat 01,Eria Setiawan,W,Sayur-Sayuran,bawang putih 1 kg,DKI Jakarta,Jakarta Pusat,1305750
01-03-2022,PHI Mini Market - Jakarta Pusat 01,Eria Setiawan,W,Sayur-Sayuran,buncis 1 kg,DKI Jakarta,Jakarta Pusat,1682030
01-03-2022,PHI Mini Market - Jakarta Pusat 01,Eria Setiawan,W,Sayur-Sayuran,kacang hijau 1 kg,DKI Jakarta,Jakarta Pusat,2048840
01-03-2022,PHI Mini Market - Jakarta Pusat 01,Eria Setiawan,W,Sayur-Sayuran,kacang panjang 1 kg,DKI Jakarta,Jakarta Pusat,2152580
01-03-2022,PHI Mini Market - Jakarta Pusat 01,Eria Setiawan,W,Sayur-Sayuran,kentang 1 kg,DKI Jakarta,Jakarta Pusat,3729030
01-03-2022,PHI Mini Market - Jakarta Pusat 01,Eria Setiawan,W,Sayur-Sayuran,ketimun 1 kg,DKI Jakarta,Jakarta Pusat,1764020
01-03-2022,PHI Mini Market - Jakarta Pusat 01,Eria Setiawan,W,Sayur-Sayuran,kobis 1 kg,DKI Jakarta,Jakarta Pusat,418300
01-03-2022,PHI Mini Market - Jakarta Pusat 01,Eria Setiawan,W,Sayur-Sayuran,tomat 1 kg,DKI Jakarta,Jakarta Pusat,981740
01-03-2022,PHI Mini Market - Jakarta Pusat 01,Eria Setiawan,W,Sayur-Sayuran,ubi jalar 1 kg,DKI Jakarta,Jakarta Pusat,230350
01-03-2022,PHI Mini Market - Jakarta Pusat 01,Eria Setiawan,W,Sayur-Sayuran,ubi kayu basah 1 kg,DKI Jakarta,Jakarta Pusat,435900
01-03-2022,PHI Mini Market - Jakarta Pusat 01,Eria Setiawan,W,Sayur-Sayuran,wortel 1 kg,DKI Jakarta,Jakarta Pusat,699460
01-03-2022,PHI Mini Market - Jakarta Pusat 01,Erman Margo,P,Buah,alpukat 1 kg,DKI Jakarta,Jakarta Pusat,2118580
01-03-2022,PHI Mini Market - Jakarta Pusat 01,Erman Margo,P,Buah,apel 1 kg,DKI Jakarta,Jakarta Pusat,15238130
01-03-2022,PHI Mini Market - Jakarta Pusat 01,Erman Margo,P,Buah,belimbing 1 kg,DKI Jakarta,Jakarta Pusat,1256710
01-03-2022,PHI Mini Market - Jakarta Pusat 01,Erman Margo,P,Buah,durian 1 kg,DKI Jakarta,Jakarta Pusat,7299010
01-03-2022,PHI Mini Market - Jakarta Pusat 01,Erman Margo,P,Buah,jeruk 1 kg,DKI Jakarta,Jakarta Pusat,5325380
01-03-2022,PHI Mini Market - Jakarta Pusat 01,Erman Margo,P,Buah,kelapa muda,DKI Jakarta,Jakarta Pusat,1704310
01-03-2022,PHI Mini Market - Jakarta Pusat 01,Erman Margo,P,Buah,mangga 1 kg,DKI Jakarta,Jakarta Pusat,5070080
01-03-2022,PHI Mini Market - Jakarta Pusat 01,Erman Margo,P,Makanan & Minuman,air mineral 600 ml,DKI Jakarta,Jakarta Pusat,457450
01-03-2022,PHI Mini Market - Jakarta Pusat 01,Erman Margo,P,Makanan & Minuman,bumbu fried chicken,DKI Jakarta,Jakarta Pusat,5316370
01-03-2022,PHI Mini Market - Jakarta Pusat 01,Erman Margo,P,Makanan & Minuman,jus kesehatan 600 ml,DKI Jakarta,Jakarta Pusat,2926300
01-03-2022,PHI Mini Market - Jakarta Pusat 01,Erman Margo,P,Makanan & Minuman,kacang goreng 1 kg,DKI Jakarta,Jakarta Pusat,3661150
01-03-2022,PHI Mini Market - Jakarta Pusat 01,Erman Margo,P,Makanan & Minuman,kacang mete 1 kg,DKI Jakarta,Jakarta Pusat,19295120
01-03-2022,PHI Mini Market - Jakarta Pusat 01,Erman Margo,P,Makanan & Minuman,markisa 600 ml,DKI Jakarta,Jakarta Pusat,3689020
01-03-2022,PHI Mini Market - Jakarta Pusat 01,Erman Margo,P,Makanan & Minuman,mie instant 1 kotak (40 bungkus),DKI Jakarta,Jakarta Pusat,23146280
01-03-2022,PHI Mini Market - Jakarta Pusat 01,Erman Margo,P,Makanan & Minuman,minuman probiotik,DKI Jakarta,Jakarta Pusat,261440
01-03-2022,PHI Mini Market - Jakarta Pusat 01,Erman Margo,P,Makanan & Minuman,nasi goreng instant (1 ons),DKI Jakarta,Jakarta Pusat,1615220
01-03-2022,PHI Mini Market - Jakarta Pusat 01,Erman Margo,P,Makanan & Minuman,snack gurih 1 ons,DKI Jakarta,Jakarta Pusat,1206490
01-03-2022,PHI Mini Market - Jakarta Pusat 01,Erman Margo,P,Makanan & Minuman,susu kotak (800 ml),DKI Jakarta,Jakarta Pusat,4716440
01-03-2022,PHI Mini Market - Jakarta Pusat 01,Erman Margo,P,Makanan & Minuman,susu kotak 1 l,DKI Jakarta,Jakarta Pusat,3627050
01-03-2022,PHI Mini Market - Jakarta Pusat 01,Erman Margo,P,Makanan & Minuman,telur ayam kampung 1 kg,DKI Jakarta,Jakarta Pusat,6076210
01-03-2022,PHI Mini Market - Jakarta Pusat 01,Erman Margo,P,Makanan & Minuman,telur ayam ras 1 kg,DKI Jakarta,Jakarta Pusat,3786670
01-03-2022,PHI Mini Market - Jakarta Pusat 01,Erman Margo,P,Sayur-Sayuran,bawang merah 1 kg,DKI Jakarta,Jakarta Pusat,3068660
01-03-2022,PHI Mini Market - Jakarta Pusat 01,Erman Margo,P,Sayur-Sayuran,bawang putih 1 kg,DKI Jakarta,Jakarta Pusat,1130240
01-03-2022,PHI Mini Market - Jakarta Pusat 01,Erman Margo,P,Sayur-Sayuran,buncis 1 kg,DKI Jakarta,Jakarta Pusat,1666100
01-03-2022,PHI Mini Market - Jakarta Pusat 01,Erman Margo,P,Sayur-Sayuran,kacang hijau 1 kg,DKI Jakarta,Jakarta Pusat,1820910
01-03-2022,PHI Mini Market - Jakarta Pusat 01,Erman Margo,P,Sayur-Sayuran,kacang panjang 1 kg,DKI Jakarta,Jakarta Pusat,2939040
01-03-2022,PHI Mini Market - Jakarta Pusat 01,Erman Margo,P,Sayur-Sayuran,kentang 1 kg,DKI Jakarta,Jakarta Pusat,2638680
01-03-2022,PHI Mini Market - Jakarta Pusat 01,Erman Margo,P,Sayur-Sayuran,ketimun 1 kg,DKI Jakarta,Jakarta Pusat,1299060
01-03-2022,PHI Mini Market - Jakarta Pusat 01,Erman Margo,P,Sayur-Sayuran,kobis 1 kg,DKI Jakarta,Jakarta Pusat,282780
01-03-2022,PHI Mini Market - Jakarta Pusat 01,Erman Margo,P,Sayur-Sayuran,tomat 1 kg,DKI Jakarta,Jakarta Pusat,1202500
01-03-2022,PHI Mini Market - Jakarta Pusat 01,Erman Margo,P,Sayur-Sayuran,ubi jalar 1 kg,DKI Jakarta,Jakarta Pusat,388080
01-03-2022,PHI Mini Market - Jakarta Pusat 01,Erman Margo,P,Sayur-Sayuran,ubi kayu basah 1 kg,DKI Jakarta,Jakarta Pusat,434500
01-03-2022,PHI Mini Market - Jakarta Pusat 01,Erman Margo,P,Sayur-Sayuran,wortel 1 kg,DKI Jakarta,Jakarta Pusat,1095340
01-03-2022,PHI Mini Market - Jakarta Pusat 01,Harum Maven,W,Buah,alpukat 1 kg,DKI Jakarta,Jakarta Pusat,2211630
01-03-2022,PHI Mini Market - Jakarta Pusat 01,Harum Maven,W,Buah,apel 1 kg,DKI Jakarta,Jakarta Pusat,23701510
01-03-2022,PHI Mini Market - Jakarta Pusat 01,Harum Maven,W,Buah,belimbing 1 kg,DKI Jakarta,Jakarta Pusat,1327710
01-03-2022,PHI Mini Market - Jakarta Pusat 01,Harum Maven,W,Buah,durian 1 kg,DKI Jakarta,Jakarta Pusat,5078360
01-03-2022,PHI Mini Market - Jakarta Pusat 01,Harum Maven,W,Buah,jeruk 1 kg,DKI Jakarta,Jakarta Pusat,4563450
01-03-2022,PHI Mini Market - Jakarta Pusat 01,Harum Maven,W,Buah,kelapa muda,DKI Jakarta,Jakarta Pusat,1348200
01-03-2022,PHI Mini Market - Jakarta Pusat 01,Harum Maven,W,Buah,mangga 1 kg,DKI Jakarta,Jakarta Pusat,4396590
01-03-2022,PHI Mini Market - Jakarta Pusat 01,Harum Maven,W,Makanan & Minuman,air mineral 600 ml,DKI Jakarta,Jakarta Pusat,319540
01-03-2022,PHI Mini Market - Jakarta Pusat 01,Harum Maven,W,Makanan & Minuman,bumbu fried chicken,DKI Jakarta,Jakarta Pusat,4132010
01-03-2022,PHI Mini Market - Jakarta Pusat 01,Harum Maven,W,Makanan & Minuman,jus kesehatan 600 ml,DKI Jakarta,Jakarta Pusat,4050800
01-03-2022,PHI Mini Market - Jakarta Pusat 01,Harum Maven,W,Makanan & Minuman,kacang goreng 1 kg,DKI Jakarta,Jakarta Pusat,2561090
01-03-2022,PHI Mini Market - Jakarta Pusat 01,Harum Maven,W,Makanan & Minuman,kacang mete 1 kg,DKI Jakarta,Jakarta Pusat,24234830
01-03-2022,PHI Mini Market - Jakarta Pusat 01,Harum Maven,W,Makanan & Minuman,markisa 600 ml,DKI Jakarta,Jakarta Pusat,3090950
01-03-2022,PHI Mini Market - Jakarta Pusat 01,Harum Maven,W,Makanan & Minuman,mie instant 1 kotak (40 bungkus),DKI Jakarta,Jakarta Pusat,28895890
01-03-2022,PHI Mini Market - Jakarta Pusat 01,Harum Maven,W,Makanan & Minuman,minuman probiotik,DKI Jakarta,Jakarta Pusat,297100
01-03-2022,PHI Mini Market - Jakarta Pusat 01,Harum Maven,W,Makanan & Minuman,nasi goreng instant (1 ons),DKI Jakarta,Jakarta Pusat,1946040
01-03-2022,PHI Mini Market - Jakarta Pusat 01,Harum Maven,W,Makanan & Minuman,snack gurih 1 ons,DKI Jakarta,Jakarta Pusat,2277190
01-03-2022,PHI Mini Market - Jakarta Pusat 01,Harum Maven,W,Makanan & Minuman,susu kotak (800 ml),DKI Jakarta,Jakarta Pusat,3699120
01-03-2022,PHI Mini Market - Jakarta Pusat 01,Harum Maven,W,Makanan & Minuman,susu kotak 1 l,DKI Jakarta,Jakarta Pusat,2590580
01-03-2022,PHI Mini Market - Jakarta Pusat 01,Harum Maven,W,Makanan & Minuman,telur ayam kampung 1 kg,DKI Jakarta,Jakarta Pusat,4707710
01-03-2022,PHI Mini Market - Jakarta Pusat 01,Harum Maven,W,Makanan & Minuman,telur ayam ras 1 kg,DKI Jakarta,Jakarta Pusat,3178730
01-03-2022,PHI Mini Market - Jakarta Pusat 01,Harum Maven,W,Sayur-Sayuran,bawang merah 1 kg,DKI Jakarta,Jakarta Pusat,4284610
01-03-2022,PHI Mini Market - Jakarta Pusat 01,Harum Maven,W,Sayur-Sayuran,bawang putih 1 kg,DKI Jakarta,Jakarta Pusat,1635640
01-03-2022,PHI Mini Market - Jakarta Pusat 01,Harum Maven,W,Sayur-Sayuran,buncis 1 kg,DKI Jakarta,Jakarta Pusat,2299160
01-03-2022,PHI Mini Market - Jakarta Pusat 01,Harum Maven,W,Sayur-Sayuran,kacang hijau 1 kg,DKI Jakarta,Jakarta Pusat,2369020
01-03-2022,PHI Mini Market - Jakarta Pusat 01,Harum Maven,W,Sayur-Sayuran,kacang panjang 1 kg,DKI Jakarta,Jakarta Pusat,2007830
01-03-2022,PHI Mini Market - Jakarta Pusat 01,Harum Maven,W,Sayur-Sayuran,kentang 1 kg,DKI Jakarta,Jakarta Pusat,3384460
01-03-2022,PHI Mini Market - Jakarta Pusat 01,Harum Maven,W,Sayur-Sayuran,ketimun 1 kg,DKI Jakarta,Jakarta Pusat,1108420
01-03-2022,PHI Mini Market - Jakarta Pusat 01,Harum Maven,W,Sayur-Sayuran,kobis 1 kg,DKI Jakarta,Jakarta Pusat,248320
01-03-2022,PHI Mini Market - Jakarta Pusat 01,Harum Maven,W,Sayur-Sayuran,tomat 1 kg,DKI Jakarta,Jakarta Pusat,1402020
01-03-2022,PHI Mini Market - Jakarta Pusat 01,Harum Maven,W,Sayur-Sayuran,ubi jalar 1 kg,DKI Jakarta,Jakarta Pusat,428830
01-03-2022,PHI Mini Market - Jakarta Pusat 01,Harum Maven,W,Sayur-Sayuran,ubi kayu basah 1 kg,DKI Jakarta,Jakarta Pusat,324730
01-03-2022,PHI Mini Market - Jakarta Pusat 01,Harum Maven,W,Sayur-Sayuran,wortel 1 kg,DKI Jakarta,Jakarta Pusat,1291760
01-03-2022,PHI Mini Market - Jakarta Pusat 01,Kristina Damai,W,Buah,alpukat 1 kg,DKI Jakarta,Jakarta Pusat,1771120
01-03-2022,PHI Mini Market - Jakarta Pusat 01,Kristina Damai,W,Buah,apel 1 kg,DKI Jakarta,Jakarta Pusat,17200590
01-03-2022,PHI Mini Market - Jakarta Pusat 01,Kristina Damai,W,Buah,belimbing 1 kg,DKI Jakarta,Jakarta Pusat,1659680
01-03-2022,PHI Mini Market - Jakarta Pusat 01,Kristina Damai,W,Buah,durian 1 kg,DKI Jakarta,Jakarta Pusat,6373150
01-03-2022,PHI Mini Market - Jakarta Pusat 01,Kristina Damai,W,Buah,jeruk 1 kg,DKI Jakarta,Jakarta Pusat,4659310
01-03-2022,PHI Mini Market - Jakarta Pusat 01,Kristina Damai,W,Buah,kelapa muda,DKI Jakarta,Jakarta Pusat,1566710
01-03-2022,PHI Mini Market - Jakarta Pusat 01,Kristina Damai,W,Buah,mangga 1 kg,DKI Jakarta,Jakarta Pusat,5682720
01-03-2022,PHI Mini Market - Jakarta Pusat 01,Kristina Damai,W,Makanan & Minuman,air mineral 600 ml,DKI Jakarta,Jakarta Pusat,482170
01-03-2022,PHI Mini Market - Jakarta Pusat 01,Kristina Damai,W,Makanan & Minuman,bumbu fried chicken,DKI Jakarta,Jakarta Pusat,5952490
01-03-2022,PHI Mini Market - Jakarta Pusat 01,Kristina Damai,W,Makanan & Minuman,jus kesehatan 600 ml,DKI Jakarta,Jakarta Pusat,2401100
01-03-2022,PHI Mini Market - Jakarta Pusat 01,Kristina Damai,W,Makanan & Minuman,kacang goreng 1 kg,DKI Jakarta,Jakarta Pusat,3783560
01-03-2022,PHI Mini Market - Jakarta Pusat 01,Kristina Damai,W,Makanan & Minuman,kacang mete 1 kg,DKI Jakarta,Jakarta Pusat,22566260
01-03-2022,PHI Mini Market - Jakarta Pusat 01,Kristina Damai,W,Makanan & Minuman,markisa 600 ml,DKI Jakarta,Jakarta Pusat,3941760
01-03-2022,PHI Mini Market - Jakarta Pusat 01,Kristina Damai,W,Makanan & Minuman,mie instant 1 kotak (40 bungkus),DKI Jakarta,Jakarta Pusat,30687130
01-03-2022,PHI Mini Market - Jakarta Pusat 01,Kristina Damai,W,Makanan & Minuman,minuman probiotik,DKI Jakarta,Jakarta Pusat,375740
01-03-2022,PHI Mini Market - Jakarta Pusat 01,Kristina Damai,W,Makanan & Minuman,nasi goreng instant (1 ons),DKI Jakarta,Jakarta Pusat,2018340
01-03-2022,PHI Mini Market - Jakarta Pusat 01,Kristina Damai,W,Makanan & Minuman,snack gurih 1 ons,DKI Jakarta,Jakarta Pusat,1800400
01-03-2022,PHI Mini Market - Jakarta Pusat 01,Kristina Damai,W,Makanan & Minuman,susu kotak (800 ml),DKI Jakarta,Jakarta Pusat,3667120
01-03-2022,PHI Mini Market - Jakarta Pusat 01,Kristina Damai,W,Makanan & Minuman,susu kotak 1 l,DKI Jakarta,Jakarta Pusat,2971690
01-03-2022,PHI Mini Market - Jakarta Pusat 01,Kristina Damai,W,Makanan & Minuman,telur ayam kampung 1 kg,DKI Jakarta,Jakarta Pusat,8145960
01-03-2022,PHI Mini Market - Jakarta Pusat 01,Kristina Damai,W,Makanan & Minuman,telur ayam ras 1 kg,DKI Jakarta,Jakarta Pusat,3871340
01-03-2022,PHI Mini Market - Jakarta Pusat 01,Kristina Damai,W,Sayur-Sayuran,bawang merah 1 kg,DKI Jakarta,Jakarta Pusat,3056430
01-03-2022,PHI Mini Market - Jakarta Pusat 01,Kristina Damai,W,Sayur-Sayuran,bawang putih 1 kg,DKI Jakarta,Jakarta Pusat,940970
01-03-2022,PHI Mini Market - Jakarta Pusat 01,Kristina Damai,W,Sayur-Sayuran,buncis 1 kg,DKI Jakarta,Jakarta Pusat,1660170
01-03-2022,PHI Mini Market - Jakarta Pusat 01,Kristina Damai,W,Sayur-Sayuran,kacang hijau 1 kg,DKI Jakarta,Jakarta Pusat,3164360
01-03-2022,PHI Mini Market - Jakarta Pusat 01,Kristina Damai,W,Sayur-Sayuran,kacang panjang 1 kg,DKI Jakarta,Jakarta Pusat,1914090
01-03-2022,PHI Mini Market - Jakarta Pusat 01,Kristina Damai,W,Sayur-Sayuran,kentang 1 kg,DKI Jakarta,Jakarta Pusat,1515790
01-03-2022,PHI Mini Market - Jakarta Pusat 01,Kristina Damai,W,Sayur-Sayuran,ketimun 1 kg,DKI Jakarta,Jakarta Pusat,1665590
01-03-2022,PHI Mini Market - Jakarta Pusat 01,Kristina Damai,W,Sayur-Sayuran,kobis 1 kg,DKI Jakarta,Jakarta Pusat,344360
01-03-2022,PHI Mini Market - Jakarta Pusat 01,Kristina Damai,W,Sayur-Sayuran,tomat 1 kg,DKI Jakarta,Jakarta Pusat,1614580
01-03-2022,PHI Mini Market - Jakarta Pusat 01,Kristina Damai,W,Sayur-Sayuran,ubi jalar 1 kg,DKI Jakarta,Jakarta Pusat,372320
01-03-2022,PHI Mini Market - Jakarta Pusat 01,Kristina Damai,W,Sayur-Sayuran,ubi kayu basah 1 kg,DKI Jakarta,Jakarta Pusat,321940
01-03-2022,PHI Mini Market - Jakarta Pusat 01,Kristina Damai,W,Sayur-Sayuran,wortel 1 kg,DKI Jakarta,Jakarta Pusat,1183990
01-03-2022,PHI Mini Market - Jakarta Pusat 01,Kusuma Dominik,P,Buah,alpukat 1 kg,DKI Jakarta,Jakarta Pusat,1374950
01-03-2022,PHI Mini Market - Jakarta Pusat 01,Kusuma Dominik,P,Buah,apel 1 kg,DKI Jakarta,Jakarta Pusat,17290100
01-03-2022,PHI Mini Market - Jakarta Pusat 01,Kusuma Dominik,P,Buah,belimbing 1 kg,DKI Jakarta,Jakarta Pusat,1688580
01-03-2022,PHI Mini Market - Jakarta Pusat 01,Kusuma Dominik,P,Buah,durian 1 kg,DKI Jakarta,Jakarta Pusat,5762570
01-03-2022,PHI Mini Market - Jakarta Pusat 01,Kusuma Dominik,P,Buah,jeruk 1 kg,DKI Jakarta,Jakarta Pusat,4775500
01-03-2022,PHI Mini Market - Jakarta Pusat 01,Kusuma Dominik,P,Buah,kelapa muda,DKI Jakarta,Jakarta Pusat,1467650
01-03-2022,PHI Mini Market - Jakarta Pusat 01,Kusuma Dominik,P,Makanan & Minuman,air mineral 600 ml,DKI Jakarta,Jakarta Pusat,321160
01-03-2022,PHI Mini Market - Jakarta Pusat 01,Kusuma Dominik,P,Makanan & Minuman,bumbu fried chicken,DKI Jakarta,Jakarta Pusat,4539700
01-03-2022,PHI Mini Market - Jakarta Pusat 01,Kusuma Dominik,P,Makanan & Minuman,jus kesehatan 600 ml,DKI Jakarta,Jakarta Pusat,3235270
01-03-2022,PHI Mini Market - Jakarta Pusat 01,Kusuma Dominik,P,Makanan & Minuman,kacang goreng 1 kg,DKI Jakarta,Jakarta Pusat,4037580
01-03-2022,PHI Mini Market - Jakarta Pusat 01,Kusuma Dominik,P,Makanan & Minuman,kacang mete 1 kg,DKI Jakarta,Jakarta Pusat,16549880
01-03-2022,PHI Mini Market - Jakarta Pusat 01,Kusuma Dominik,P,Makanan & Minuman,markisa 600 ml,DKI Jakarta,Jakarta Pusat,4922690
01-03-2022,PHI Mini Market - Jakarta Pusat 01,Kusuma Dominik,P,Makanan & Minuman,mie instant 1 kotak (40 bungkus),DKI Jakarta,Jakarta Pusat,31132920
01-03-2022,PHI Mini Market - Jakarta Pusat 01,Kusuma Dominik,P,Makanan & Minuman,minuman probiotik,DKI Jakarta,Jakarta Pusat,191780
01-03-2022,PHI Mini Market - Jakarta Pusat 01,Kusuma Dominik,P,Makanan & Minuman,nasi goreng instant (1 ons),DKI Jakarta,Jakarta Pusat,1927540
01-03-2022,PHI Mini Market - Jakarta Pusat 01,Kusuma Dominik,P,Makanan & Minuman,snack gurih 1 ons,DKI Jakarta,Jakarta Pusat,1794690
01-03-2022,PHI Mini Market - Jakarta Pusat 01,Kusuma Dominik,P,Makanan & Minuman,susu kotak (800 ml),DKI Jakarta,Jakarta Pusat,3720880
01-03-2022,PHI Mini Market - Jakarta Pusat 01,Kusuma Dominik,P,Makanan & Minuman,susu kotak 1 l,DKI Jakarta,Jakarta Pusat,4911090
01-03-2022,PHI Mini Market - Jakarta Pusat 01,Kusuma Dominik,P,Makanan & Minuman,telur ayam kampung 1 kg,DKI Jakarta,Jakarta Pusat,8199070
01-03-2022,PHI Mini Market - Jakarta Pusat 01,Kusuma Dominik,P,Makanan & Minuman,telur ayam ras 1 kg,DKI Jakarta,Jakarta Pusat,3575700
01-03-2022,PHI Mini Market - Jakarta Pusat 01,Kusuma Dominik,P,Sayur-Sayuran,bawang merah 1 kg,DKI Jakarta,Jakarta Pusat,3023390
01-03-2022,PHI Mini Market - Jakarta Pusat 01,Kusuma Dominik,P,Sayur-Sayuran,bawang putih 1 kg,DKI Jakarta,Jakarta Pusat,1183140
01-03-2022,PHI Mini Market - Jakarta Pusat 01,Kusuma Dominik,P,Sayur-Sayuran,buncis 1 kg,DKI Jakarta,Jakarta Pusat,1914440
01-03-2022,PHI Mini Market - Jakarta Pusat 01,Kusuma Dominik,P,Sayur-Sayuran,kacang hijau 1 kg,DKI Jakarta,Jakarta Pusat,1764850
01-03-2022,PHI Mini Market - Jakarta Pusat 01,Kusuma Dominik,P,Sayur-Sayuran,kacang panjang 1 kg,DKI Jakarta,Jakarta Pusat,2307890
01-03-2022,PHI Mini Market - Jakarta Pusat 01,Kusuma Dominik,P,Sayur-Sayuran,kentang 1 kg,DKI Jakarta,Jakarta Pusat,2742910
01-03-2022,PHI Mini Market - Jakarta Pusat 01,Kusuma Dominik,P,Sayur-Sayuran,ketimun 1 kg,DKI Jakarta,Jakarta Pusat,1269810
01-03-2022,PHI Mini Market - Jakarta Pusat 01,Kusuma Dominik,P,Sayur-Sayuran,kobis 1 kg,DKI Jakarta,Jakarta Pusat,299770
01-03-2022,PHI Mini Market - Jakarta Pusat 01,Kusuma Dominik,P,Sayur-Sayuran,tomat 1 kg,DKI Jakarta,Jakarta Pusat,1975070
01-03-2022,PHI Mini Market - Jakarta Pusat 01,Kusuma Dominik,P,Sayur-Sayuran,ubi jalar 1 kg,DKI Jakarta,Jakarta Pusat,303010
01-03-2022,PHI Mini Market - Jakarta Pusat 01,Kusuma Dominik,P,Sayur-Sayuran,ubi kayu basah 1 kg,DKI Jakarta,Jakarta Pusat,386190
01-03-2022,PHI Mini Market - Jakarta Pusat 01,Kusuma Dominik,P,Sayur-Sayuran,wortel 1 kg,DKI Jakarta,Jakarta Pusat,1104340
01-03-2022,PHI Mini Market - Jakarta Pusat 01,Sentosa Indrawan,P,Buah,alpukat 1 kg,DKI Jakarta,Jakarta Pusat,2092040
01-03-2022,PHI Mini Market - Jakarta Pusat 01,Sentosa Indrawan,P,Buah,apel 1 kg,DKI Jakarta,Jakarta Pusat,16800290
01-03-2022,PHI Mini Market - Jakarta Pusat 01,Sentosa Indrawan,P,Buah,belimbing 1 kg,DKI Jakarta,Jakarta Pusat,1245000
01-03-2022,PHI Mini Market - Jakarta Pusat 01,Sentosa Indrawan,P,Buah,durian 1 kg,DKI Jakarta,Jakarta Pusat,5189230
01-03-2022,PHI Mini Market - Jakarta Pusat 01,Sentosa Indrawan,P,Buah,jeruk 1 kg,DKI Jakarta,Jakarta Pusat,3152340
01-03-2022,PHI Mini Market - Jakarta Pusat 01,Sentosa Indrawan,P,Buah,kelapa muda,DKI Jakarta,Jakarta Pusat,1474090
01-03-2022,PHI Mini Market - Jakarta Pusat 01,Sentosa Indrawan,P,Makanan & Minuman,air mineral 600 ml,DKI Jakarta,Jakarta Pusat,356500
01-03-2022,PHI Mini Market - Jakarta Pusat 01,Sentosa Indrawan,P,Makanan & Minuman,bumbu fried chicken,DKI Jakarta,Jakarta Pusat,3172610
01-03-2022,PHI Mini Market - Jakarta Pusat 01,Sentosa Indrawan,P,Makanan & Minuman,jus kesehatan 600 ml,DKI Jakarta,Jakarta Pusat,2067120
01-03-2022,PHI Mini Market - Jakarta Pusat 01,Sentosa Indrawan,P,Makanan & Minuman,kacang goreng 1 kg,DKI Jakarta,Jakarta Pusat,3945750
01-03-2022,PHI Mini Market - Jakarta Pusat 01,Sentosa Indrawan,P,Makanan & Minuman,kacang mete 1 kg,DKI Jakarta,Jakarta Pusat,28552780
01-03-2022,PHI Mini Market - Jakarta Pusat 01,Sentosa Indrawan,P,Makanan & Minuman,markisa 600 ml,DKI Jakarta,Jakarta Pusat,3675470
01-03-2022,PHI Mini Market - Jakarta Pusat 01,Sentosa Indrawan,P,Makanan & Minuman,mie instant 1 kotak (40 bungkus),DKI Jakarta,Jakarta Pusat,48073320
01-03-2022,PHI Mini Market - Jakarta Pusat 01,Sentosa Indrawan,P,Makanan & Minuman,minuman probiotik,DKI Jakarta,Jakarta Pusat,394300
01-03-2022,PHI Mini Market - Jakarta Pusat 01,Sentosa Indrawan,P,Makanan & Minuman,nasi goreng instant (1 ons),DKI Jakarta,Jakarta Pusat,2387070
01-03-2022,PHI Mini Market - Jakarta Pusat 01,Sentosa Indrawan,P,Makanan & Minuman,snack gurih 1 ons,DKI Jakarta,Jakarta Pusat,1083110
01-03-2022,PHI Mini Market - Jakarta Pusat 01,Sentosa Indrawan,P,Makanan & Minuman,susu kotak (800 ml),DKI Jakarta,Jakarta Pusat,3107850
01-03-2022,PHI Mini Market - Jakarta Pusat 01,Sentosa Indrawan,P,Makanan & Minuman,susu kotak 1 l,DKI Jakarta,Jakarta Pusat,2771210
01-03-2022,PHI Mini Market - Jakarta Pusat 01,Sentosa Indrawan,P,Makanan & Minuman,telur ayam kampung 1 kg,DKI Jakarta,Jakarta Pusat,8175670
01-03-2022,PHI Mini Market - Jakarta Pusat 01,Sentosa Indrawan,P,Makanan & Minuman,telur ayam ras 1 kg,DKI Jakarta,Jakarta Pusat,3446790
01-03-2022,PHI Mini Market - Jakarta Pusat 01,Sentosa Indrawan,P,Sayur-Sayuran,bawang merah 1 kg,DKI Jakarta,Jakarta Pusat,4596160
01-03-2022,PHI Mini Market - Jakarta Pusat 01,Sentosa Indrawan,P,Sayur-Sayuran,bawang putih 1 kg,DKI Jakarta,Jakarta Pusat,1481130
01-03-2022,PHI Mini Market - Jakarta Pusat 01,Sentosa Indrawan,P,Sayur-Sayuran,buncis 1 kg,DKI Jakarta,Jakarta Pusat,1240720
01-03-2022,PHI Mini Market - Jakarta Pusat 01,Sentosa Indrawan,P,Sayur-Sayuran,kacang hijau 1 kg,DKI Jakarta,Jakarta Pusat,1471470
01-03-2022,PHI Mini Market - Jakarta Pusat 01,Sentosa Indrawan,P,Sayur-Sayuran,kacang panjang 1 kg,DKI Jakarta,Jakarta Pusat,2210240
01-03-2022,PHI Mini Market - Jakarta Pusat 01,Sentosa Indrawan,P,Sayur-Sayuran,kentang 1 kg,DKI Jakarta,Jakarta Pusat,2714410
01-03-2022,PHI Mini Market - Jakarta Pusat 01,Sentosa Indrawan,P,Sayur-Sayuran,ketimun 1 kg,DKI Jakarta,Jakarta Pusat,1356350
01-03-2022,PHI Mini Market - Jakarta Pusat 01,Sentosa Indrawan,P,Sayur-Sayuran,kobis 1 kg,DKI Jakarta,Jakarta Pusat,291730
01-03-2022,PHI Mini Market - Jakarta Pusat 01,Sentosa Indrawan,P,Sayur-Sayuran,tomat 1 kg,DKI Jakarta,Jakarta Pusat,1701370
01-03-2022,PHI Mini Market - Jakarta Pusat 01,Sentosa Indrawan,P,Sayur-Sayuran,ubi jalar 1 kg,DKI Jakarta,Jakarta Pusat,304100
01-03-2022,PHI Mini Market - Jakarta Pusat 01,Sentosa Indrawan,P,Sayur-Sayuran,ubi kayu basah 1 kg,DKI Jakarta,Jakarta Pusat,395240
01-03-2022,PHI Mini Market - Jakarta Pusat 01,Sentosa Indrawan,P,Sayur-Sayuran,wortel 1 kg,DKI Jakarta,Jakarta Pusat,1559670
01-03-2022,PHI Mini Market - Makassar 01,Agus Dewangga,P,Buah,alpukat 1 kg,Sulawesi Selatan,Makassar,1743500
01-03-2022,PHI Mini Market - Makassar 01,Agus Dewangga,P,Buah,apel 1 kg,Sulawesi Selatan,Makassar,16353020
01-03-2022,PHI Mini Market - Makassar 01,Agus Dewangga,P,Buah,belimbing 1 kg,Sulawesi Selatan,Makassar,738260
01-03-2022,PHI Mini Market - Makassar 01,Agus Dewangga,P,Buah,durian 1 kg,Sulawesi Selatan,Makassar,5834730
01-03-2022,PHI Mini Market - Makassar 01,Agus Dewangga,P,Buah,jeruk 1 kg,Sulawesi Selatan,Makassar,4250460
01-03-2022,PHI Mini Market - Makassar 01,Agus Dewangga,P,Buah,kelapa muda,Sulawesi Selatan,Makassar,1110920
01-03-2022,PHI Mini Market - Makassar 01,Agus Dewangga,P,Buah,mangga 1 kg,Sulawesi Selatan,Makassar,6462860
01-03-2022,PHI Mini Market - Makassar 01,Agus Dewangga,P,Makanan & Minuman,air mineral 600 ml,Sulawesi Selatan,Makassar,245830
01-03-2022,PHI Mini Market - Makassar 01,Agus Dewangga,P,Makanan & Minuman,bumbu fried chicken,Sulawesi Selatan,Makassar,7902810
01-03-2022,PHI Mini Market - Makassar 01,Agus Dewangga,P,Makanan & Minuman,jus kesehatan 600 ml,Sulawesi Selatan,Makassar,2669500
01-03-2022,PHI Mini Market - Makassar 01,Agus Dewangga,P,Makanan & Minuman,kacang goreng 1 kg,Sulawesi Selatan,Makassar,4546620
01-03-2022,PHI Mini Market - Makassar 01,Agus Dewangga,P,Makanan & Minuman,kacang mete 1 kg,Sulawesi Selatan,Makassar,25477320
01-03-2022,PHI Mini Market - Makassar 01,Agus Dewangga,P,Makanan & Minuman,markisa 600 ml,Sulawesi Selatan,Makassar,4722040
01-03-2022,PHI Mini Market - Makassar 01,Agus Dewangga,P,Makanan & Minuman,mie instant 1 kotak (40 bungkus),Sulawesi Selatan,Makassar,34760310
01-03-2022,PHI Mini Market - Makassar 01,Agus Dewangga,P,Makanan & Minuman,minuman probiotik,Sulawesi Selatan,Makassar,270150
01-03-2022,PHI Mini Market - Makassar 01,Agus Dewangga,P,Makanan & Minuman,nasi goreng instant (1 ons),Sulawesi Selatan,Makassar,1918100
01-03-2022,PHI Mini Market - Makassar 01,Agus Dewangga,P,Makanan & Minuman,snack gurih 1 ons,Sulawesi Selatan,Makassar,1728510
01-03-2022,PHI Mini Market - Makassar 01,Agus Dewangga,P,Makanan & Minuman,susu kotak (800 ml),Sulawesi Selatan,Makassar,3303430
01-03-2022,PHI Mini Market - Makassar 01,Agus Dewangga,P,Makanan & Minuman,susu kotak 1 l,Sulawesi Selatan,Makassar,2892010
01-03-2022,PHI Mini Market - Makassar 01,Agus Dewangga,P,Makanan & Minuman,telur ayam kampung 1 kg,Sulawesi Selatan,Makassar,5908700
01-03-2022,PHI Mini Market - Makassar 01,Agus Dewangga,P,Makanan & Minuman,telur ayam ras 1 kg,Sulawesi Selatan,Makassar,4067780
01-03-2022,PHI Mini Market - Makassar 01,Agus Dewangga,P,Sayur-Sayuran,bawang merah 1 kg,Sulawesi Selatan,Makassar,3592670
01-03-2022,PHI Mini Market - Makassar 01,Agus Dewangga,P,Sayur-Sayuran,bawang putih 1 kg,Sulawesi Selatan,Makassar,1418080
01-03-2022,PHI Mini Market - Makassar 01,Agus Dewangga,P,Sayur-Sayuran,buncis 1 kg,Sulawesi Selatan,Makassar,1713010
01-03-2022,PHI Mini Market - Makassar 01,Agus Dewangga,P,Sayur-Sayuran,kacang hijau 1 kg,Sulawesi Selatan,Makassar,1936770
01-03-2022,PHI Mini Market - Makassar 01,Agus Dewangga,P,Sayur-Sayuran,kacang panjang 1 kg,Sulawesi Selatan,Makassar,2458580
01-03-2022,PHI Mini Market - Makassar 01,Agus Dewangga,P,Sayur-Sayuran,kentang 1 kg,Sulawesi Selatan,Makassar,2337000
01-03-2022,PHI Mini Market - Makassar 01,Agus Dewangga,P,Sayur-Sayuran,ketimun 1 kg,Sulawesi Selatan,Makassar,920940
01-03-2022,PHI Mini Market - Makassar 01,Agus Dewangga,P,Sayur-Sayuran,kobis 1 kg,Sulawesi Selatan,Makassar,346500
01-03-2022,PHI Mini Market - Makassar 01,Agus Dewangga,P,Sayur-Sayuran,tomat 1 kg,Sulawesi Selatan,Makassar,1736740
01-03-2022,PHI Mini Market - Makassar 01,Agus Dewangga,P,Sayur-Sayuran,ubi jalar 1 kg,Sulawesi Selatan,Makassar,399780
01-03-2022,PHI Mini Market - Makassar 01,Agus Dewangga,P,Sayur-Sayuran,ubi kayu basah 1 kg,Sulawesi Selatan,Makassar,277180
01-03-2022,PHI Mini Market - Makassar 01,Agus Dewangga,P,Sayur-Sayuran,wortel 1 kg,Sulawesi Selatan,Makassar,1048430
01-03-2022,PHI Mini Market - Makassar 01,Bintang Maven,W,Buah,alpukat 1 kg,Sulawesi Selatan,Makassar,1870300
01-03-2022,PHI Mini Market - Makassar 01,Bintang Maven,W,Buah,apel 1 kg,Sulawesi Selatan,Makassar,11384010
01-03-2022,PHI Mini Market - Makassar 01,Bintang Maven,W,Buah,belimbing 1 kg,Sulawesi Selatan,Makassar,1076800
01-03-2022,PHI Mini Market - Makassar 01,Bintang Maven,W,Buah,durian 1 kg,Sulawesi Selatan,Makassar,7107400
01-03-2022,PHI Mini Market - Makassar 01,Bintang Maven,W,Buah,jeruk 1 kg,Sulawesi Selatan,Makassar,4143060
01-03-2022,PHI Mini Market - Makassar 01,Bintang Maven,W,Buah,kelapa muda,Sulawesi Selatan,Makassar,1386810
01-03-2022,PHI Mini Market - Makassar 01,Bintang Maven,W,Buah,mangga 1 kg,Sulawesi Selatan,Makassar,4331460
01-03-2022,PHI Mini Market - Makassar 01,Bintang Maven,W,Makanan & Minuman,air mineral 600 ml,Sulawesi Selatan,Makassar,320110
01-03-2022,PHI Mini Market - Makassar 01,Bintang Maven,W,Makanan & Minuman,bumbu fried chicken,Sulawesi Selatan,Makassar,3873570
01-03-2022,PHI Mini Market - Makassar 01,Bintang Maven,W,Makanan & Minuman,jus kesehatan 600 ml,Sulawesi Selatan,Makassar,1890360
01-03-2022,PHI Mini Market - Makassar 01,Bintang Maven,W,Makanan & Minuman,kacang goreng 1 kg,Sulawesi Selatan,Makassar,3206970
01-03-2022,PHI Mini Market - Makassar 01,Bintang Maven,W,Makanan & Minuman,kacang mete 1 kg,Sulawesi Selatan,Makassar,17438090
01-03-2022,PHI Mini Market - Makassar 01,Bintang Maven,W,Makanan & Minuman,markisa 600 ml,Sulawesi Selatan,Makassar,5332270
01-03-2022,PHI Mini Market - Makassar 01,Bintang Maven,W,Makanan & Minuman,mie instant 1 kotak (40 bungkus),Sulawesi Selatan,Makassar,23235360
01-03-2022,PHI Mini Market - Makassar 01,Bintang Maven,W,Makanan & Minuman,minuman probiotik,Sulawesi Selatan,Makassar,405280
01-03-2022,PHI Mini Market - Makassar 01,Bintang Maven,W,Makanan & Minuman,nasi goreng instant (1 ons),Sulawesi Selatan,Makassar,1438630
01-03-2022,PHI Mini Market - Makassar 01,Bintang Maven,W,Makanan & Minuman,snack gurih 1 ons,Sulawesi Selatan,Makassar,1996290
01-03-2022,PHI Mini Market - Makassar 01,Bintang Maven,W,Makanan & Minuman,susu kotak (800 ml),Sulawesi Selatan,Makassar,3775270
01-03-2022,PHI Mini Market - Makassar 01,Bintang Maven,W,Makanan & Minuman,susu kotak 1 l,Sulawesi Selatan,Makassar,3610710
01-03-2022,PHI Mini Market - Makassar 01,Bintang Maven,W,Makanan & Minuman,telur ayam kampung 1 kg,Sulawesi Selatan,Makassar,3411480
01-03-2022,PHI Mini Market - Makassar 01,Bintang Maven,W,Makanan & Minuman,telur ayam ras 1 kg,Sulawesi Selatan,Makassar,4113210
01-03-2022,PHI Mini Market - Makassar 01,Bintang Maven,W,Sayur-Sayuran,bawang merah 1 kg,Sulawesi Selatan,Makassar,4420810
01-03-2022,PHI Mini Market - Makassar 01,Bintang Maven,W,Sayur-Sayuran,bawang putih 1 kg,Sulawesi Selatan,Makassar,995350
01-03-2022,PHI Mini Market - Makassar 01,Bintang Maven,W,Sayur-Sayuran,buncis 1 kg,Sulawesi Selatan,Makassar,2251510
01-03-2022,PHI Mini Market - Makassar 01,Bintang Maven,W,Sayur-Sayuran,kacang hijau 1 kg,Sulawesi Selatan,Makassar,1404490
01-03-2022,PHI Mini Market - Makassar 01,Bintang Maven,W,Sayur-Sayuran,kacang panjang 1 kg,Sulawesi Selatan,Makassar,1972910
01-03-2022,PHI Mini Market - Makassar 01,Bintang Maven,W,Sayur-Sayuran,kentang 1 kg,Sulawesi Selatan,Makassar,3037200
01-03-2022,PHI Mini Market - Makassar 01,Bintang Maven,W,Sayur-Sayuran,ketimun 1 kg,Sulawesi Selatan,Makassar,1637250
01-03-2022,PHI Mini Market - Makassar 01,Bintang Maven,W,Sayur-Sayuran,kobis 1 kg,Sulawesi Selatan,Makassar,316430
01-03-2022,PHI Mini Market - Makassar 01,Bintang Maven,W,Sayur-Sayuran,tomat 1 kg,Sulawesi Selatan,Makassar,873000
01-03-2022,PHI Mini Market - Makassar 01,Bintang Maven,W,Sayur-Sayuran,ubi jalar 1 kg,Sulawesi Selatan,Makassar,360800
01-03-2022,PHI Mini Market - Makassar 01,Bintang Maven,W,Sayur-Sayuran,ubi kayu basah 1 kg,Sulawesi Selatan,Makassar,295960
01-03-2022,PHI Mini Market - Makassar 01,Bintang Maven,W,Sayur-Sayuran,wortel 1 kg,Sulawesi Selatan,Makassar,1190930
01-03-2022,PHI Mini Market - Makassar 01,Eriq Jagat,P,Buah,alpukat 1 kg,Sulawesi Selatan,Makassar,2731570
01-03-2022,PHI Mini Market - Makassar 01,Eriq Jagat,P,Buah,apel 1 kg,Sulawesi Selatan,Makassar,21517670
01-03-2022,PHI Mini Market - Makassar 01,Eriq Jagat,P,Buah,belimbing 1 kg,Sulawesi Selatan,Makassar,1506550
01-03-2022,PHI Mini Market - Makassar 01,Eriq Jagat,P,Buah,durian 1 kg,Sulawesi Selatan,Makassar,6364480
01-03-2022,PHI Mini Market - Makassar 01,Eriq Jagat,P,Buah,jeruk 1 kg,Sulawesi Selatan,Makassar,3852040
01-03-2022,PHI Mini Market - Makassar 01,Eriq Jagat,P,Buah,kelapa muda,Sulawesi Selatan,Makassar,1789140
01-03-2022,PHI Mini Market - Makassar 01,Eriq Jagat,P,Makanan & Minuman,air mineral 600 ml,Sulawesi Selatan,Makassar,511940
01-03-2022,PHI Mini Market - Makassar 01,Eriq Jagat,P,Makanan & Minuman,bumbu fried chicken,Sulawesi Selatan,Makassar,3844580
01-03-2022,PHI Mini Market - Makassar 01,Eriq Jagat,P,Makanan & Minuman,jus kesehatan 600 ml,Sulawesi Selatan,Makassar,2591870
01-03-2022,PHI Mini Market - Makassar 01,Eriq Jagat,P,Makanan & Minuman,kacang goreng 1 kg,Sulawesi Selatan,Makassar,4644340
01-03-2022,PHI Mini Market - Makassar 01,Eriq Jagat,P,Makanan & Minuman,kacang mete 1 kg,Sulawesi Selatan,Makassar,20936920
01-03-2022,PHI Mini Market - Makassar 01,Eriq Jagat,P,Makanan & Minuman,markisa 600 ml,Sulawesi Selatan,Makassar,6075930
01-03-2022,PHI Mini Market - Makassar 01,Eriq Jagat,P,Makanan & Minuman,mie instant 1 kotak (40 bungkus),Sulawesi Selatan,Makassar,29402920
01-03-2022,PHI Mini Market - Makassar 01,Eriq Jagat,P,Makanan & Minuman,minuman probiotik,Sulawesi Selatan,Makassar,432310
01-03-2022,PHI Mini Market - Makassar 01,Eriq Jagat,P,Makanan & Minuman,nasi goreng instant (1 ons),Sulawesi Selatan,Makassar,1205260
01-03-2022,PHI Mini Market - Makassar 01,Eriq Jagat,P,Makanan & Minuman,snack gurih 1 ons,Sulawesi Selatan,Makassar,2144550
01-03-2022,PHI Mini Market - Makassar 01,Eriq Jagat,P,Makanan & Minuman,susu kotak (800 ml),Sulawesi Selatan,Makassar,3919250
01-03-2022,PHI Mini Market - Makassar 01,Eriq Jagat,P,Makanan & Minuman,susu kotak 1 l,Sulawesi Selatan,Makassar,2515090
01-03-2022,PHI Mini Market - Makassar 01,Eriq Jagat,P,Makanan & Minuman,telur ayam kampung 1 kg,Sulawesi Selatan,Makassar,7618330
01-03-2022,PHI Mini Market - Makassar 01,Eriq Jagat,P,Makanan & Minuman,telur ayam ras 1 kg,Sulawesi Selatan,Makassar,4341120
01-03-2022,PHI Mini Market - Makassar 01,Eriq Jagat,P,Sayur-Sayuran,bawang merah 1 kg,Sulawesi Selatan,Makassar,4297510
01-03-2022,PHI Mini Market - Makassar 01,Eriq Jagat,P,Sayur-Sayuran,bawang putih 1 kg,Sulawesi Selatan,Makassar,1343130
01-03-2022,PHI Mini Market - Makassar 01,Eriq Jagat,P,Sayur-Sayuran,buncis 1 kg,Sulawesi Selatan,Makassar,1524870
01-03-2022,PHI Mini Market - Makassar 01,Eriq Jagat,P,Sayur-Sayuran,kacang hijau 1 kg,Sulawesi Selatan,Makassar,2425090
01-03-2022,PHI Mini Market - Makassar 01,Eriq Jagat,P,Sayur-Sayuran,kacang panjang 1 kg,Sulawesi Selatan,Makassar,3475560
01-03-2022,PHI Mini Market - Makassar 01,Eriq Jagat,P,Sayur-Sayuran,kentang 1 kg,Sulawesi Selatan,Makassar,3120200
01-03-2022,PHI Mini Market - Makassar 01,Eriq Jagat,P,Sayur-Sayuran,ketimun 1 kg,Sulawesi Selatan,Makassar,1227600
01-03-2022,PHI Mini Market - Makassar 01,Eriq Jagat,P,Sayur-Sayuran,kobis 1 kg,Sulawesi Selatan,Makassar,286670
01-03-2022,PHI Mini Market - Makassar 01,Eriq Jagat,P,Sayur-Sayuran,tomat 1 kg,Sulawesi Selatan,Makassar,1462810
01-03-2022,PHI Mini Market - Makassar 01,Eriq Jagat,P,Sayur-Sayuran,ubi jalar 1 kg,Sulawesi Selatan,Makassar,362820
01-03-2022,PHI Mini Market - Makassar 01,Eriq Jagat,P,Sayur-Sayuran,ubi kayu basah 1 kg,Sulawesi Selatan,Makassar,463460
01-03-2022,PHI Mini Market - Makassar 01,Eriq Jagat,P,Sayur-Sayuran,wortel 1 kg,Sulawesi Selatan,Makassar,886280
01-03-2022,PHI Mini Market - Makassar 01,Eriq Menawan,P,Buah,alpukat 1 kg,Sulawesi Selatan,Makassar,1353860
01-03-2022,PHI Mini Market - Makassar 01,Eriq Menawan,P,Buah,apel 1 kg,Sulawesi Selatan,Makassar,24675170
01-03-2022,PHI Mini Market - Makassar 01,Eriq Menawan,P,Buah,belimbing 1 kg,Sulawesi Selatan,Makassar,812610
01-03-2022,PHI Mini Market - Makassar 01,Eriq Menawan,P,Buah,durian 1 kg,Sulawesi Selatan,Makassar,4057810
01-03-2022,PHI Mini Market - Makassar 01,Eriq Menawan,P,Buah,jeruk 1 kg,Sulawesi Selatan,Makassar,4612840
01-03-2022,PHI Mini Market - Makassar 01,Eriq Menawan,P,Buah,kelapa muda,Sulawesi Selatan,Makassar,1457540
01-03-2022,PHI Mini Market - Makassar 01,Eriq Menawan,P,Makanan & Minuman,air mineral 600 ml,Sulawesi Selatan,Makassar,231260
01-03-2022,PHI Mini Market - Makassar 01,Eriq Menawan,P,Makanan & Minuman,bumbu fried chicken,Sulawesi Selatan,Makassar,6478120
01-03-2022,PHI Mini Market - Makassar 01,Eriq Menawan,P,Makanan & Minuman,jus kesehatan 600 ml,Sulawesi Selatan,Makassar,2690020
01-03-2022,PHI Mini Market - Makassar 01,Eriq Menawan,P,Makanan & Minuman,kacang goreng 1 kg,Sulawesi Selatan,Makassar,3988340
01-03-2022,PHI Mini Market - Makassar 01,Eriq Menawan,P,Makanan & Minuman,kacang mete 1 kg,Sulawesi Selatan,Makassar,18580500
01-03-2022,PHI Mini Market - Makassar 01,Eriq Menawan,P,Makanan & Minuman,markisa 600 ml,Sulawesi Selatan,Makassar,4471030
01-03-2022,PHI Mini Market - Makassar 01,Eriq Menawan,P,Makanan & Minuman,mie instant 1 kotak (40 bungkus),Sulawesi Selatan,Makassar,27569860
01-03-2022,PHI Mini Market - Makassar 01,Eriq Menawan,P,Makanan & Minuman,minuman probiotik,Sulawesi Selatan,Makassar,312660
01-03-2022,PHI Mini Market - Makassar 01,Eriq Menawan,P,Makanan & Minuman,nasi goreng instant (1 ons),Sulawesi Selatan,Makassar,1788200
01-03-2022,PHI Mini Market - Makassar 01,Eriq Menawan,P,Makanan & Minuman,snack gurih 1 ons,Sulawesi Selatan,Makassar,1775250
01-03-2022,PHI Mini Market - Makassar 01,Eriq Menawan,P,Makanan & Minuman,susu kotak (800 ml),Sulawesi Selatan,Makassar,4583320
01-03-2022,PHI Mini Market - Makassar 01,Eriq Menawan,P,Makanan & Minuman,susu kotak 1 l,Sulawesi Selatan,Makassar,3499790
01-03-2022,PHI Mini Market - Makassar 01,Eriq Menawan,P,Makanan & Minuman,telur ayam kampung 1 kg,Sulawesi Selatan,Makassar,6081380
01-03-2022,PHI Mini Market - Makassar 01,Eriq Menawan,P,Makanan & Minuman,telur ayam ras 1 kg,Sulawesi Selatan,Makassar,3379910
01-03-2022,PHI Mini Market - Makassar 01,Eriq Menawan,P,Sayur-Sayuran,bawang merah 1 kg,Sulawesi Selatan,Makassar,3952950
01-03-2022,PHI Mini Market - Makassar 01,Eriq Menawan,P,Sayur-Sayuran,bawang putih 1 kg,Sulawesi Selatan,Makassar,1460550
01-03-2022,PHI Mini Market - Makassar 01,Eriq Menawan,P,Sayur-Sayuran,buncis 1 kg,Sulawesi Selatan,Makassar,1814520
01-03-2022,PHI Mini Market - Makassar 01,Eriq Menawan,P,Sayur-Sayuran,kacang hijau 1 kg,Sulawesi Selatan,Makassar,1518230
01-03-2022,PHI Mini Market - Makassar 01,Eriq Menawan,P,Sayur-Sayuran,kacang panjang 1 kg,Sulawesi Selatan,Makassar,1830440
01-03-2022,PHI Mini Market - Makassar 01,Eriq Menawan,P,Sayur-Sayuran,kentang 1 kg,Sulawesi Selatan,Makassar,2984050
01-03-2022,PHI Mini Market - Makassar 01,Eriq Menawan,P,Sayur-Sayuran,ketimun 1 kg,Sulawesi Selatan,Makassar,969740
01-03-2022,PHI Mini Market - Makassar 01,Eriq Menawan,P,Sayur-Sayuran,kobis 1 kg,Sulawesi Selatan,Makassar,288700
01-03-2022,PHI Mini Market - Makassar 01,Eriq Menawan,P,Sayur-Sayuran,tomat 1 kg,Sulawesi Selatan,Makassar,1296210
01-03-2022,PHI Mini Market - Makassar 01,Eriq Menawan,P,Sayur-Sayuran,ubi jalar 1 kg,Sulawesi Selatan,Makassar,358990
01-03-2022,PHI Mini Market - Makassar 01,Eriq Menawan,P,Sayur-Sayuran,ubi kayu basah 1 kg,Sulawesi Selatan,Makassar,247680
01-03-2022,PHI Mini Market - Makassar 01,Eriq Menawan,P,Sayur-Sayuran,wortel 1 kg,Sulawesi Selatan,Makassar,785570
01-03-2022,PHI Mini Market - Makassar 01,Ferdy Tenteram,P,Buah,alpukat 1 kg,Sulawesi Selatan,Makassar,1886690
01-03-2022,PHI Mini Market - Makassar 01,Ferdy Tenteram,P,Buah,apel 1 kg,Sulawesi Selatan,Makassar,13154360
01-03-2022,PHI Mini Market - Makassar 01,Ferdy Tenteram,P,Buah,belimbing 1 kg,Sulawesi Selatan,Makassar,1609950
01-03-2022,PHI Mini Market - Makassar 01,Ferdy Tenteram,P,Buah,durian 1 kg,Sulawesi Selatan,Makassar,6547930
01-03-2022,PHI Mini Market - Makassar 01,Ferdy Tenteram,P,Buah,jeruk 1 kg,Sulawesi Selatan,Makassar,3095440
01-03-2022,PHI Mini Market - Makassar 01,Ferdy Tenteram,P,Buah,kelapa muda,Sulawesi Selatan,Makassar,1557410
01-03-2022,PHI Mini Market - Makassar 01,Ferdy Tenteram,P,Buah,mangga 1 kg,Sulawesi Selatan,Makassar,4717680
01-03-2022,PHI Mini Market - Makassar 01,Ferdy Tenteram,P,Makanan & Minuman,air mineral 600 ml,Sulawesi Selatan,Makassar,458690
01-03-2022,PHI Mini Market - Makassar 01,Ferdy Tenteram,P,Makanan & Minuman,bumbu fried chicken,Sulawesi Selatan,Makassar,4467430
01-03-2022,PHI Mini Market - Makassar 01,Ferdy Tenteram,P,Makanan & Minuman,jus kesehatan 600 ml,Sulawesi Selatan,Makassar,2674630
01-03-2022,PHI Mini Market - Makassar 01,Ferdy Tenteram,P,Makanan & Minuman,kacang goreng 1 kg,Sulawesi Selatan,Makassar,3989340
01-03-2022,PHI Mini Market - Makassar 01,Ferdy Tenteram,P,Makanan & Minuman,kacang mete 1 kg,Sulawesi Selatan,Makassar,24213540
01-03-2022,PHI Mini Market - Makassar 01,Ferdy Tenteram,P,Makanan & Minuman,markisa 600 ml,Sulawesi Selatan,Makassar,3249470
01-03-2022,PHI Mini Market - Makassar 01,Ferdy Tenteram,P,Makanan & Minuman,mie instant 1 kotak (40 bungkus),Sulawesi Selatan,Makassar,39712020
01-03-2022,PHI Mini Market - Makassar 01,Ferdy Tenteram,P,Makanan & Minuman,minuman probiotik,Sulawesi Selatan,Makassar,273160
01-03-2022,PHI Mini Market - Makassar 01,Ferdy Tenteram,P,Makanan & Minuman,nasi goreng instant (1 ons),Sulawesi Selatan,Makassar,2034170
01-03-2022,PHI Mini Market - Makassar 01,Ferdy Tenteram,P,Makanan & Minuman,snack gurih 1 ons,Sulawesi Selatan,Makassar,1587840
01-03-2022,PHI Mini Market - Makassar 01,Ferdy Tenteram,P,Makanan & Minuman,susu kotak (800 ml),Sulawesi Selatan,Makassar,4797630
01-03-2022,PHI Mini Market - Makassar 01,Ferdy Tenteram,P,Makanan & Minuman,susu kotak 1 l,Sulawesi Selatan,Makassar,3617660
01-03-2022,PHI Mini Market - Makassar 01,Ferdy Tenteram,P,Makanan & Minuman,telur ayam kampung 1 kg,Sulawesi Selatan,Makassar,7968590
01-03-2022,PHI Mini Market - Makassar 01,Ferdy Tenteram,P,Makanan & Minuman,telur ayam ras 1 kg,Sulawesi Selatan,Makassar,3687930
01-03-2022,PHI Mini Market - Makassar 01,Ferdy Tenteram,P,Sayur-Sayuran,bawang merah 1 kg,Sulawesi Selatan,Makassar,3402270
01-03-2022,PHI Mini Market - Makassar 01,Ferdy Tenteram,P,Sayur-Sayuran,bawang putih 1 kg,Sulawesi Selatan,Makassar,1248650
01-03-2022,PHI Mini Market - Makassar 01,Ferdy Tenteram,P,Sayur-Sayuran,buncis 1 kg,Sulawesi Selatan,Makassar,1816040
01-03-2022,PHI Mini Market - Makassar 01,Ferdy Tenteram,P,Sayur-Sayuran,kacang hijau 1 kg,Sulawesi Selatan,Makassar,2308220
01-03-2022,PHI Mini Market - Makassar 01,Ferdy Tenteram,P,Sayur-Sayuran,kacang panjang 1 kg,Sulawesi Selatan,Makassar,3517380
01-03-2022,PHI Mini Market - Makassar 01,Ferdy Tenteram,P,Sayur-Sayuran,kentang 1 kg,Sulawesi Selatan,Makassar,2400680
01-03-2022,PHI Mini Market - Makassar 01,Ferdy Tenteram,P,Sayur-Sayuran,ketimun 1 kg,Sulawesi Selatan,Makassar,1522520
01-03-2022,PHI Mini Market - Makassar 01,Ferdy Tenteram,P,Sayur-Sayuran,kobis 1 kg,Sulawesi Selatan,Makassar,342000
01-03-2022,PHI Mini Market - Makassar 01,Ferdy Tenteram,P,Sayur-Sayuran,tomat 1 kg,Sulawesi Selatan,Makassar,2023980
01-03-2022,PHI Mini Market - Makassar 01,Ferdy Tenteram,P,Sayur-Sayuran,ubi jalar 1 kg,Sulawesi Selatan,Makassar,324390
01-03-2022,PHI Mini Market - Makassar 01,Ferdy Tenteram,P,Sayur-Sayuran,ubi kayu basah 1 kg,Sulawesi Selatan,Makassar,409320
01-03-2022,PHI Mini Market - Makassar 01,Ferdy Tenteram,P,Sayur-Sayuran,wortel 1 kg,Sulawesi Selatan,Makassar,1189370
01-03-2022,PHI Mini Market - Makassar 01,Galang Terang,P,Buah,alpukat 1 kg,Sulawesi Selatan,Makassar,1866240
01-03-2022,PHI Mini Market - Makassar 01,Galang Terang,P,Buah,apel 1 kg,Sulawesi Selatan,Makassar,18812420
01-03-2022,PHI Mini Market - Makassar 01,Galang Terang,P,Buah,belimbing 1 kg,Sulawesi Selatan,Makassar,1390540
01-03-2022,PHI Mini Market - Makassar 01,Galang Terang,P,Buah,durian 1 kg,Sulawesi Selatan,Makassar,5497840
01-03-2022,PHI Mini Market - Makassar 01,Galang Terang,P,Buah,jeruk 1 kg,Sulawesi Selatan,Makassar,3571380
01-03-2022,PHI Mini Market - Makassar 01,Galang Terang,P,Buah,kelapa muda,Sulawesi Selatan,Makassar,1562830
01-03-2022,PHI Mini Market - Makassar 01,Galang Terang,P,Buah,mangga 1 kg,Sulawesi Selatan,Makassar,3682500
01-03-2022,PHI Mini Market - Makassar 01,Galang Terang,P,Makanan & Minuman,air mineral 600 ml,Sulawesi Selatan,Makassar,418890
01-03-2022,PHI Mini Market - Makassar 01,Galang Terang,P,Makanan & Minuman,bumbu fried chicken,Sulawesi Selatan,Makassar,4698910
01-03-2022,PHI Mini Market - Makassar 01,Galang Terang,P,Makanan & Minuman,jus kesehatan 600 ml,Sulawesi Selatan,Makassar,3530120
01-03-2022,PHI Mini Market - Makassar 01,Galang Terang,P,Makanan & Minuman,kacang goreng 1 kg,Sulawesi Selatan,Makassar,2790420
01-03-2022,PHI Mini Market - Makassar 01,Galang Terang,P,Makanan & Minuman,kacang mete 1 kg,Sulawesi Selatan,Makassar,26975360
01-03-2022,PHI Mini Market - Makassar 01,Galang Terang,P,Makanan & Minuman,markisa 600 ml,Sulawesi Selatan,Makassar,4115500
01-03-2022,PHI Mini Market - Makassar 01,Galang Terang,P,Makanan & Minuman,mie instant 1 kotak (40 bungkus),Sulawesi Selatan,Makassar,39288580
01-03-2022,PHI Mini Market - Makassar 01,Galang Terang,P,Makanan & Minuman,minuman probiotik,Sulawesi Selatan,Makassar,397910
01-03-2022,PHI Mini Market - Makassar 01,Galang Terang,P,Makanan & Minuman,nasi goreng instant (1 ons),Sulawesi Selatan,Makassar,1289350
01-03-2022,PHI Mini Market - Makassar 01,Galang Terang,P,Makanan & Minuman,snack gurih 1 ons,Sulawesi Selatan,Makassar,1946670
01-03-2022,PHI Mini Market - Makassar 01,Galang Terang,P,Makanan & Minuman,susu kotak (800 ml),Sulawesi Selatan,Makassar,3394290
01-03-2022,PHI Mini Market - Makassar 01,Galang Terang,P,Makanan & Minuman,susu kotak 1 l,Sulawesi Selatan,Makassar,3400800
01-03-2022,PHI Mini Market - Makassar 01,Galang Terang,P,Makanan & Minuman,telur ayam kampung 1 kg,Sulawesi Selatan,Makassar,5833970
01-03-2022,PHI Mini Market - Makassar 01,Galang Terang,P,Makanan & Minuman,telur ayam ras 1 kg,Sulawesi Selatan,Makassar,4263910
01-03-2022,PHI Mini Market - Makassar 01,Galang Terang,P,Sayur-Sayuran,bawang merah 1 kg,Sulawesi Selatan,Makassar,3055580
01-03-2022,PHI Mini Market - Makassar 01,Galang Terang,P,Sayur-Sayuran,bawang putih 1 kg,Sulawesi Selatan,Makassar,1432780
01-03-2022,PHI Mini Market - Makassar 01,Galang Terang,P,Sayur-Sayuran,buncis 1 kg,Sulawesi Selatan,Makassar,2314470
01-03-2022,PHI Mini Market - Makassar 01,Galang Terang,P,Sayur-Sayuran,kacang hijau 1 kg,Sulawesi Selatan,Makassar,2463340
01-03-2022,PHI Mini Market - Makassar 01,Galang Terang,P,Sayur-Sayuran,kacang panjang 1 kg,Sulawesi Selatan,Makassar,3367980
01-03-2022,PHI Mini Market - Makassar 01,Galang Terang,P,Sayur-Sayuran,kentang 1 kg,Sulawesi Selatan,Makassar,2354720
01-03-2022,PHI Mini Market - Makassar 01,Galang Terang,P,Sayur-Sayuran,ketimun 1 kg,Sulawesi Selatan,Makassar,1182290
01-03-2022,PHI Mini Market - Makassar 01,Galang Terang,P,Sayur-Sayuran,kobis 1 kg,Sulawesi Selatan,Makassar,323900
01-03-2022,PHI Mini Market - Makassar 01,Galang Terang,P,Sayur-Sayuran,tomat 1 kg,Sulawesi Selatan,Makassar,1396970
01-03-2022,PHI Mini Market - Makassar 01,Galang Terang,P,Sayur-Sayuran,ubi jalar 1 kg,Sulawesi Selatan,Makassar,458450
01-03-2022,PHI Mini Market - Makassar 01,Galang Terang,P,Sayur-Sayuran,ubi kayu basah 1 kg,Sulawesi Selatan,Makassar,216280
01-03-2022,PHI Mini Market - Makassar 01,Galang Terang,P,Sayur-Sayuran,wortel 1 kg,Sulawesi Selatan,Makassar,1421540
01-03-2022,PHI Mini Market - Makassar 01,Kristina Damai,W,Buah,alpukat 1 kg,Sulawesi Selatan,Makassar,2627550
01-03-2022,PHI Mini Market - Makassar 01,Kristina Damai,W,Buah,apel 1 kg,Sulawesi Selatan,Makassar,21198420
01-03-2022,PHI Mini Market - Makassar 01,Kristina Damai,W,Buah,belimbing 1 kg,Sulawesi Selatan,Makassar,1548970
01-03-2022,PHI Mini Market - Makassar 01,Kristina Damai,W,Buah,durian 1 kg,Sulawesi Selatan,Makassar,5651190
01-03-2022,PHI Mini Market - Makassar 01,Kristina Damai,W,Buah,jeruk 1 kg,Sulawesi Selatan,Makassar,3590510
01-03-2022,PHI Mini Market - Makassar 01,Kristina Damai,W,Buah,kelapa muda,Sulawesi Selatan,Makassar,1750870
01-03-2022,PHI Mini Market - Makassar 01,Kristina Damai,W,Buah,mangga 1 kg,Sulawesi Selatan,Makassar,4896700
01-03-2022,PHI Mini Market - Makassar 01,Kristina Damai,W,Makanan & Minuman,air mineral 600 ml,Sulawesi Selatan,Makassar,439770
01-03-2022,PHI Mini Market - Makassar 01,Kristina Damai,W,Makanan & Minuman,bumbu fried chicken,Sulawesi Selatan,Makassar,5007890
01-03-2022,PHI Mini Market - Makassar 01,Kristina Damai,W,Makanan & Minuman,jus kesehatan 600 ml,Sulawesi Selatan,Makassar,2143010
01-03-2022,PHI Mini Market - Makassar 01,Kristina Damai,W,Makanan & Minuman,kacang goreng 1 kg,Sulawesi Selatan,Makassar,2901210
01-03-2022,PHI Mini Market - Makassar 01,Kristina Damai,W,Makanan & Minuman,kacang mete 1 kg,Sulawesi Selatan,Makassar,16356710
01-03-2022,PHI Mini Market - Makassar 01,Kristina Damai,W,Makanan & Minuman,markisa 600 ml,Sulawesi Selatan,Makassar,5409310
01-03-2022,PHI Mini Market - Makassar 01,Kristina Damai,W,Makanan & Minuman,mie instant 1 kotak (40 bungkus),Sulawesi Selatan,Makassar,33774300
01-03-2022,PHI Mini Market - Makassar 01,Kristina Damai,W,Makanan & Minuman,minuman probiotik,Sulawesi Selatan,Makassar,265990
01-03-2022,PHI Mini Market - Makassar 01,Kristina Damai,W,Makanan & Minuman,nasi goreng instant (1 ons),Sulawesi Selatan,Makassar,1504090
01-03-2022,PHI Mini Market - Makassar 01,Kristina Damai,W,Makanan & Minuman,snack gurih 1 ons,Sulawesi Selatan,Makassar,1527320
01-03-2022,PHI Mini Market - Makassar 01,Kristina Damai,W,Makanan & Minuman,susu kotak (800 ml),Sulawesi Selatan,Makassar,4931290
01-03-2022,PHI Mini Market - Makassar 01,Kristina Damai,W,Makanan & Minuman,susu kotak 1 l,Sulawesi Selatan,Makassar,3977210
01-03-2022,PHI Mini Market - Makassar 01,Kristina Damai,W,Makanan & Minuman,telur ayam kampung 1 kg,Sulawesi Selatan,Makassar,5378240
01-03-2022,PHI Mini Market - Makassar 01,Kristina Damai,W,Makanan & Minuman,telur ayam ras 1 kg,Sulawesi Selatan,Makassar,3045730
01-03-2022,PHI Mini Market - Makassar 01,Kristina Damai,W,Sayur-Sayuran,bawang merah 1 kg,Sulawesi Selatan,Makassar,3122570
01-03-2022,PHI Mini Market - Makassar 01,Kristina Damai,W,Sayur-Sayuran,bawang putih 1 kg,Sulawesi Selatan,Makassar,1353900
01-03-2022,PHI Mini Market - Makassar 01,Kristina Damai,W,Sayur-Sayuran,buncis 1 kg,Sulawesi Selatan,Makassar,2216170
01-03-2022,PHI Mini Market - Makassar 01,Kristina Damai,W,Sayur-Sayuran,kacang hijau 1 kg,Sulawesi Selatan,Makassar,2752300
01-03-2022,PHI Mini Market - Makassar 01,Kristina Damai,W,Sayur-Sayuran,kacang panjang 1 kg,Sulawesi Selatan,Makassar,1896990
01-03-2022,PHI Mini Market - Makassar 01,Kristina Damai,W,Sayur-Sayuran,kentang 1 kg,Sulawesi Selatan,Makassar,3262200
01-03-2022,PHI Mini Market - Makassar 01,Kristina Damai,W,Sayur-Sayuran,ketimun 1 kg,Sulawesi Selatan,Makassar,1014090
01-03-2022,PHI Mini Market - Makassar 01,Kristina Damai,W,Sayur-Sayuran,kobis 1 kg,Sulawesi Selatan,Makassar,327640
01-03-2022,PHI Mini Market - Makassar 01,Kristina Damai,W,Sayur-Sayuran,tomat 1 kg,Sulawesi Selatan,Makassar,1248300
01-03-2022,PHI Mini Market - Makassar 01,Kristina Damai,W,Sayur-Sayuran,ubi jalar 1 kg,Sulawesi Selatan,Makassar,525620
01-03-2022,PHI Mini Market - Makassar 01,Kristina Damai,W,Sayur-Sayuran,ubi kayu basah 1 kg,Sulawesi Selatan,Makassar,423720
01-03-2022,PHI Mini Market - Makassar 01,Kristina Damai,W,Sayur-Sayuran,wortel 1 kg,Sulawesi Selatan,Makassar,1086550
01-03-2022,PHI Mini Market - Makassar 01,Lastri Mardi,W,Buah,alpukat 1 kg,Sulawesi Selatan,Makassar,1704790
01-03-2022,PHI Mini Market - Makassar 01,Lastri Mardi,W,Buah,apel 1 kg,Sulawesi Selatan,Makassar,16312960
01-03-2022,PHI Mini Market - Makassar 01,Lastri Mardi,W,Buah,belimbing 1 kg,Sulawesi Selatan,Makassar,958520
01-03-2022,PHI Mini Market - Makassar 01,Lastri Mardi,W,Buah,durian 1 kg,Sulawesi Selatan,Makassar,2855160
01-03-2022,PHI Mini Market - Makassar 01,Lastri Mardi,W,Buah,jeruk 1 kg,Sulawesi Selatan,Makassar,4096010
01-03-2022,PHI Mini Market - Makassar 01,Lastri Mardi,W,Buah,kelapa muda,Sulawesi Selatan,Makassar,2012600
01-03-2022,PHI Mini Market - Makassar 01,Lastri Mardi,W,Makanan & Minuman,air mineral 600 ml,Sulawesi Selatan,Makassar,462630
01-03-2022,PHI Mini Market - Makassar 01,Lastri Mardi,W,Makanan & Minuman,bumbu fried chicken,Sulawesi Selatan,Makassar,6013530
01-03-2022,PHI Mini Market - Makassar 01,Lastri Mardi,W,Makanan & Minuman,jus kesehatan 600 ml,Sulawesi Selatan,Makassar,3397590
01-03-2022,PHI Mini Market - Makassar 01,Lastri Mardi,W,Makanan & Minuman,kacang goreng 1 kg,Sulawesi Selatan,Makassar,2944780
01-03-2022,PHI Mini Market - Makassar 01,Lastri Mardi,W,Makanan & Minuman,kacang mete 1 kg,Sulawesi Selatan,Makassar,22895510
01-03-2022,PHI Mini Market - Makassar 01,Lastri Mardi,W,Makanan & Minuman,markisa 600 ml,Sulawesi Selatan,Makassar,3408050
01-03-2022,PHI Mini Market - Makassar 01,Lastri Mardi,W,Makanan & Minuman,mie instant 1 kotak (40 bungkus),Sulawesi Selatan,Makassar,27845060
01-03-2022,PHI Mini Market - Makassar 01,Lastri Mardi,W,Makanan & Minuman,minuman probiotik,Sulawesi Selatan,Makassar,343230
01-03-2022,PHI Mini Market - Makassar 01,Lastri Mardi,W,Makanan & Minuman,nasi goreng instant (1 ons),Sulawesi Selatan,Makassar,2238560
01-03-2022,PHI Mini Market - Makassar 01,Lastri Mardi,W,Makanan & Minuman,snack gurih 1 ons,Sulawesi Selatan,Makassar,2704350
01-03-2022,PHI Mini Market - Makassar 01,Lastri Mardi,W,Makanan & Minuman,susu kotak (800 ml),Sulawesi Selatan,Makassar,4730920
01-03-2022,PHI Mini Market - Makassar 01,Lastri Mardi,W,Makanan & Minuman,susu kotak 1 l,Sulawesi Selatan,Makassar,3378550
01-03-2022,PHI Mini Market - Makassar 01,Lastri Mardi,W,Makanan & Minuman,telur ayam kampung 1 kg,Sulawesi Selatan,Makassar,8395490
01-03-2022,PHI Mini Market - Makassar 01,Lastri Mardi,W,Makanan & Minuman,telur ayam ras 1 kg,Sulawesi Selatan,Makassar,2251040
01-03-2022,PHI Mini Market - Makassar 01,Lastri Mardi,W,Sayur-Sayuran,bawang merah 1 kg,Sulawesi Selatan,Makassar,3683610
01-03-2022,PHI Mini Market - Makassar 01,Lastri Mardi,W,Sayur-Sayuran,bawang putih 1 kg,Sulawesi Selatan,Makassar,1367260
01-03-2022,PHI Mini Market - Makassar 01,Lastri Mardi,W,Sayur-Sayuran,buncis 1 kg,Sulawesi Selatan,Makassar,2279250
01-03-2022,PHI Mini Market - Makassar 01,Lastri Mardi,W,Sayur-Sayuran,kacang hijau 1 kg,Sulawesi Selatan,Makassar,2091280
01-03-2022,PHI Mini Market - Makassar 01,Lastri Mardi,W,Sayur-Sayuran,kacang panjang 1 kg,Sulawesi Selatan,Makassar,3068930
01-03-2022,PHI Mini Market - Makassar 01,Lastri Mardi,W,Sayur-Sayuran,kentang 1 kg,Sulawesi Selatan,Makassar,2800190
01-03-2022,PHI Mini Market - Makassar 01,Lastri Mardi,W,Sayur-Sayuran,ketimun 1 kg,Sulawesi Selatan,Makassar,1534960
01-03-2022,PHI Mini Market - Makassar 01,Lastri Mardi,W,Sayur-Sayuran,kobis 1 kg,Sulawesi Selatan,Makassar,208690
01-03-2022,PHI Mini Market - Makassar 01,Lastri Mardi,W,Sayur-Sayuran,tomat 1 kg,Sulawesi Selatan,Makassar,997770
01-03-2022,PHI Mini Market - Makassar 01,Lastri Mardi,W,Sayur-Sayuran,ubi jalar 1 kg,Sulawesi Selatan,Makassar,438940
01-03-2022,PHI Mini Market - Makassar 01,Lastri Mardi,W,Sayur-Sayuran,ubi kayu basah 1 kg,Sulawesi Selatan,Makassar,292080
01-03-2022,PHI Mini Market - Makassar 01,Lastri Mardi,W,Sayur-Sayuran,wortel 1 kg,Sulawesi Selatan,Makassar,1115350
01-03-2022,PHI Mini Market - Makassar 01,Mawar Mardi,W,Buah,alpukat 1 kg,Sulawesi Selatan,Makassar,2202660
01-03-2022,PHI Mini Market - Makassar 01,Mawar Mardi,W,Buah,apel 1 kg,Sulawesi Selatan,Makassar,17014250
01-03-2022,PHI Mini Market - Makassar 01,Mawar Mardi,W,Buah,belimbing 1 kg,Sulawesi Selatan,Makassar,1582690
01-03-2022,PHI Mini Market - Makassar 01,Mawar Mardi,W,Buah,durian 1 kg,Sulawesi Selatan,Makassar,5247070
01-03-2022,PHI Mini Market - Makassar 01,Mawar Mardi,W,Buah,jeruk 1 kg,Sulawesi Selatan,Makassar,3387940
01-03-2022,PHI Mini Market - Makassar 01,Mawar Mardi,W,Buah,kelapa muda,Sulawesi Selatan,Makassar,1116790
01-03-2022,PHI Mini Market - Makassar 01,Mawar Mardi,W,Buah,mangga 1 kg,Sulawesi Selatan,Makassar,4952540
01-03-2022,PHI Mini Market - Makassar 01,Mawar Mardi,W,Makanan & Minuman,air mineral 600 ml,Sulawesi Selatan,Makassar,406360
01-03-2022,PHI Mini Market - Makassar 01,Mawar Mardi,W,Makanan & Minuman,bumbu fried chicken,Sulawesi Selatan,Makassar,4493960
01-03-2022,PHI Mini Market - Makassar 01,Mawar Mardi,W,Makanan & Minuman,jus kesehatan 600 ml,Sulawesi Selatan,Makassar,3177330
01-03-2022,PHI Mini Market - Makassar 01,Mawar Mardi,W,Makanan & Minuman,kacang goreng 1 kg,Sulawesi Selatan,Makassar,3631720
01-03-2022,PHI Mini Market - Makassar 01,Mawar Mardi,W,Makanan & Minuman,kacang mete 1 kg,Sulawesi Selatan,Makassar,27045600
01-03-2022,PHI Mini Market - Makassar 01,Mawar Mardi,W,Makanan & Minuman,markisa 600 ml,Sulawesi Selatan,Makassar,3060640
01-03-2022,PHI Mini Market - Makassar 01,Mawar Mardi,W,Makanan & Minuman,mie instant 1 kotak (40 bungkus),Sulawesi Selatan,Makassar,48861460
01-03-2022,PHI Mini Market - Makassar 01,Mawar Mardi,W,Makanan & Minuman,minuman probiotik,Sulawesi Selatan,Makassar,334420
01-03-2022,PHI Mini Market - Makassar 01,Mawar Mardi,W,Makanan & Minuman,nasi goreng instant (1 ons),Sulawesi Selatan,Makassar,2034330
01-03-2022,PHI Mini Market - Makassar 01,Mawar Mardi,W,Makanan & Minuman,snack gurih 1 ons,Sulawesi Selatan,Makassar,1698440
01-03-2022,PHI Mini Market - Makassar 01,Mawar Mardi,W,Makanan & Minuman,susu kotak (800 ml),Sulawesi Selatan,Makassar,3042150
01-03-2022,PHI Mini Market - Makassar 01,Mawar Mardi,W,Makanan & Minuman,susu kotak 1 l,Sulawesi Selatan,Makassar,2685890
01-03-2022,PHI Mini Market - Makassar 01,Mawar Mardi,W,Makanan & Minuman,telur ayam kampung 1 kg,Sulawesi Selatan,Makassar,4507800
01-03-2022,PHI Mini Market - Makassar 01,Mawar Mardi,W,Makanan & Minuman,telur ayam ras 1 kg,Sulawesi Selatan,Makassar,3235510
01-03-2022,PHI Mini Market - Makassar 01,Mawar Mardi,W,Sayur-Sayuran,bawang merah 1 kg,Sulawesi Selatan,Makassar,3539460
01-03-2022,PHI Mini Market - Makassar 01,Mawar Mardi,W,Sayur-Sayuran,bawang putih 1 kg,Sulawesi Selatan,Makassar,1138020
01-03-2022,PHI Mini Market - Makassar 01,Mawar Mardi,W,Sayur-Sayuran,buncis 1 kg,Sulawesi Selatan,Makassar,2527510
01-03-2022,PHI Mini Market - Makassar 01,Mawar Mardi,W,Sayur-Sayuran,kacang hijau 1 kg,Sulawesi Selatan,Makassar,1549520
01-03-2022,PHI Mini Market - Makassar 01,Mawar Mardi,W,Sayur-Sayuran,kacang panjang 1 kg,Sulawesi Selatan,Makassar,2208570
01-03-2022,PHI Mini Market - Makassar 01,Mawar Mardi,W,Sayur-Sayuran,kentang 1 kg,Sulawesi Selatan,Makassar,2485360
01-03-2022,PHI Mini Market - Makassar 01,Mawar Mardi,W,Sayur-Sayuran,ketimun 1 kg,Sulawesi Selatan,Makassar,1174480
01-03-2022,PHI Mini Market - Makassar 01,Mawar Mardi,W,Sayur-Sayuran,kobis 1 kg,Sulawesi Selatan,Makassar,377840
01-03-2022,PHI Mini Market - Makassar 01,Mawar Mardi,W,Sayur-Sayuran,tomat 1 kg,Sulawesi Selatan,Makassar,1357260
01-03-2022,PHI Mini Market - Makassar 01,Mawar Mardi,W,Sayur-Sayuran,ubi jalar 1 kg,Sulawesi Selatan,Makassar,389500
01-03-2022,PHI Mini Market - Makassar 01,Mawar Mardi,W,Sayur-Sayuran,ubi kayu basah 1 kg,Sulawesi Selatan,Makassar,449690
01-03-2022,PHI Mini Market - Makassar 01,Mawar Mardi,W,Sayur-Sayuran,wortel 1 kg,Sulawesi Selatan,Makassar,1055840
01-03-2022,PHI Mini Market - Makassar 01,Niken Setiawan,W,Buah,alpukat 1 kg,Sulawesi Selatan,Makassar,2127500
01-03-2022,PHI Mini Market - Makassar 01,Niken Setiawan,W,Buah,apel 1 kg,Sulawesi Selatan,Makassar,17118810
01-03-2022,PHI Mini Market - Makassar 01,Niken Setiawan,W,Buah,belimbing 1 kg,Sulawesi Selatan,Makassar,1257380
01-03-2022,PHI Mini Market - Makassar 01,Niken Setiawan,W,Buah,durian 1 kg,Sulawesi Selatan,Makassar,6288510
01-03-2022,PHI Mini Market - Makassar 01,Niken Setiawan,W,Buah,jeruk 1 kg,Sulawesi Selatan,Makassar,3680460
01-03-2022,PHI Mini Market - Makassar 01,Niken Setiawan,W,Buah,kelapa muda,Sulawesi Selatan,Makassar,1105380
01-03-2022,PHI Mini Market - Makassar 01,Niken Setiawan,W,Makanan & Minuman,air mineral 600 ml,Sulawesi Selatan,Makassar,347940
01-03-2022,PHI Mini Market - Makassar 01,Niken Setiawan,W,Makanan & Minuman,bumbu fried chicken,Sulawesi Selatan,Makassar,2966490
01-03-2022,PHI Mini Market - Makassar 01,Niken Setiawan,W,Makanan & Minuman,jus kesehatan 600 ml,Sulawesi Selatan,Makassar,3222890
01-03-2022,PHI Mini Market - Makassar 01,Niken Setiawan,W,Makanan & Minuman,kacang goreng 1 kg,Sulawesi Selatan,Makassar,2017250
01-03-2022,PHI Mini Market - Makassar 01,Niken Setiawan,W,Makanan & Minuman,kacang mete 1 kg,Sulawesi Selatan,Makassar,20691450
01-03-2022,PHI Mini Market - Makassar 01,Niken Setiawan,W,Makanan & Minuman,markisa 600 ml,Sulawesi Selatan,Makassar,4707740
01-03-2022,PHI Mini Market - Makassar 01,Niken Setiawan,W,Makanan & Minuman,mie instant 1 kotak (40 bungkus),Sulawesi Selatan,Makassar,25280560
01-03-2022,PHI Mini Market - Makassar 01,Niken Setiawan,W,Makanan & Minuman,minuman probiotik,Sulawesi Selatan,Makassar,461500
01-03-2022,PHI Mini Market - Makassar 01,Niken Setiawan,W,Makanan & Minuman,nasi goreng instant (1 ons),Sulawesi Selatan,Makassar,1552950
01-03-2022,PHI Mini Market - Makassar 01,Niken Setiawan,W,Makanan & Minuman,snack gurih 1 ons,Sulawesi Selatan,Makassar,2236730
01-03-2022,PHI Mini Market - Makassar 01,Niken Setiawan,W,Makanan & Minuman,susu kotak (800 ml),Sulawesi Selatan,Makassar,2457510
01-03-2022,PHI Mini Market - Makassar 01,Niken Setiawan,W,Makanan & Minuman,susu kotak 1 l,Sulawesi Selatan,Makassar,2204000
01-03-2022,PHI Mini Market - Makassar 01,Niken Setiawan,W,Makanan & Minuman,telur ayam kampung 1 kg,Sulawesi Selatan,Makassar,4606000
01-03-2022,PHI Mini Market - Makassar 01,Niken Setiawan,W,Makanan & Minuman,telur ayam ras 1 kg,Sulawesi Selatan,Makassar,3757070
01-03-2022,PHI Mini Market - Makassar 01,Niken Setiawan,W,Sayur-Sayuran,bawang merah 1 kg,Sulawesi Selatan,Makassar,4867310
01-03-2022,PHI Mini Market - Makassar 01,Niken Setiawan,W,Sayur-Sayuran,bawang putih 1 kg,Sulawesi Selatan,Makassar,1406300
01-03-2022,PHI Mini Market - Makassar 01,Niken Setiawan,W,Sayur-Sayuran,buncis 1 kg,Sulawesi Selatan,Makassar,1669780
01-03-2022,PHI Mini Market - Makassar 01,Niken Setiawan,W,Sayur-Sayuran,kacang hijau 1 kg,Sulawesi Selatan,Makassar,1560430
01-03-2022,PHI Mini Market - Makassar 01,Niken Setiawan,W,Sayur-Sayuran,kacang panjang 1 kg,Sulawesi Selatan,Makassar,3153520
01-03-2022,PHI Mini Market - Makassar 01,Niken Setiawan,W,Sayur-Sayuran,kentang 1 kg,Sulawesi Selatan,Makassar,1690030
01-03-2022,PHI Mini Market - Makassar 01,Niken Setiawan,W,Sayur-Sayuran,ketimun 1 kg,Sulawesi Selatan,Makassar,1146310
01-03-2022,PHI Mini Market - Makassar 01,Niken Setiawan,W,Sayur-Sayuran,kobis 1 kg,Sulawesi Selatan,Makassar,351920
01-03-2022,PHI Mini Market - Makassar 01,Niken Setiawan,W,Sayur-Sayuran,tomat 1 kg,Sulawesi Selatan,Makassar,1469700
01-03-2022,PHI Mini Market - Makassar 01,Niken Setiawan,W,Sayur-Sayuran,ubi jalar 1 kg,Sulawesi Selatan,Makassar,337100
01-03-2022,PHI Mini Market - Makassar 01,Niken Setiawan,W,Sayur-Sayuran,ubi kayu basah 1 kg,Sulawesi Selatan,Makassar,306410
01-03-2022,PHI Mini Market - Makassar 01,Niken Setiawan,W,Sayur-Sayuran,wortel 1 kg,Sulawesi Selatan,Makassar,1217270
01-03-2022,PHI Mini Market - Surabaya 01,Aris Siberut,P,Buah,alpukat 1 kg,Jawa Timur,Surabaya,1885350
01-03-2022,PHI Mini Market - Surabaya 01,Aris Siberut,P,Buah,apel 1 kg,Jawa Timur,Surabaya,17685750
01-03-2022,PHI Mini Market - Surabaya 01,Aris Siberut,P,Buah,belimbing 1 kg,Jawa Timur,Surabaya,1221670
01-03-2022,PHI Mini Market - Surabaya 01,Aris Siberut,P,Buah,durian 1 kg,Jawa Timur,Surabaya,5394890
01-03-2022,PHI Mini Market - Surabaya 01,Aris Siberut,P,Buah,jeruk 1 kg,Jawa Timur,Surabaya,2988570
01-03-2022,PHI Mini Market - Surabaya 01,Aris Siberut,P,Buah,kelapa muda,Jawa Timur,Surabaya,2195950
01-03-2022,PHI Mini Market - Surabaya 01,Aris Siberut,P,Makanan & Minuman,air mineral 600 ml,Jawa Timur,Surabaya,457790
01-03-2022,PHI Mini Market - Surabaya 01,Aris Siberut,P,Makanan & Minuman,bumbu fried chicken,Jawa Timur,Surabaya,4763470
01-03-2022,PHI Mini Market - Surabaya 01,Aris Siberut,P,Makanan & Minuman,jus kesehatan 600 ml,Jawa Timur,Surabaya,2295410
01-03-2022,PHI Mini Market - Surabaya 01,Aris Siberut,P,Makanan & Minuman,kacang goreng 1 kg,Jawa Timur,Surabaya,1752230
01-03-2022,PHI Mini Market - Surabaya 01,Aris Siberut,P,Makanan & Minuman,kacang mete 1 kg,Jawa Timur,Surabaya,24643100
01-03-2022,PHI Mini Market - Surabaya 01,Aris Siberut,P,Makanan & Minuman,markisa 600 ml,Jawa Timur,Surabaya,4304060
01-03-2022,PHI Mini Market - Surabaya 01,Aris Siberut,P,Makanan & Minuman,mie instant 1 kotak (40 bungkus),Jawa Timur,Surabaya,26235830
01-03-2022,PHI Mini Market - Surabaya 01,Aris Siberut,P,Makanan & Minuman,minuman probiotik,Jawa Timur,Surabaya,208020
01-03-2022,PHI Mini Market - Surabaya 01,Aris Siberut,P,Makanan & Minuman,nasi goreng instant (1 ons),Jawa Timur,Surabaya,1589300
01-03-2022,PHI Mini Market - Surabaya 01,Aris Siberut,P,Makanan & Minuman,snack gurih 1 ons,Jawa Timur,Surabaya,1714050
01-03-2022,PHI Mini Market - Surabaya 01,Aris Siberut,P,Makanan & Minuman,susu kotak (800 ml),Jawa Timur,Surabaya,3775450
01-03-2022,PHI Mini Market - Surabaya 01,Aris Siberut,P,Makanan & Minuman,susu kotak 1 l,Jawa Timur,Surabaya,2564630
01-03-2022,PHI Mini Market - Surabaya 01,Aris Siberut,P,Makanan & Minuman,telur ayam kampung 1 kg,Jawa Timur,Surabaya,3240760
01-03-2022,PHI Mini Market - Surabaya 01,Aris Siberut,P,Makanan & Minuman,telur ayam ras 1 kg,Jawa Timur,Surabaya,2973840
01-03-2022,PHI Mini Market - Surabaya 01,Aris Siberut,P,Sayur-Sayuran,bawang merah 1 kg,Jawa Timur,Surabaya,5061860
01-03-2022,PHI Mini Market - Surabaya 01,Aris Siberut,P,Sayur-Sayuran,bawang putih 1 kg,Jawa Timur,Surabaya,1471800
01-03-2022,PHI Mini Market - Surabaya 01,Aris Siberut,P,Sayur-Sayuran,buncis 1 kg,Jawa Timur,Surabaya,1798740
01-03-2022,PHI Mini Market - Surabaya 01,Aris Siberut,P,Sayur-Sayuran,kacang hijau 1 kg,Jawa Timur,Surabaya,1871760
01-03-2022,PHI Mini Market - Surabaya 01,Aris Siberut,P,Sayur-Sayuran,kacang panjang 1 kg,Jawa Timur,Surabaya,2475270
01-03-2022,PHI Mini Market - Surabaya 01,Aris Siberut,P,Sayur-Sayuran,kentang 1 kg,Jawa Timur,Surabaya,2231060
01-03-2022,PHI Mini Market - Surabaya 01,Aris Siberut,P,Sayur-Sayuran,ketimun 1 kg,Jawa Timur,Surabaya,1872830
01-03-2022,PHI Mini Market - Surabaya 01,Aris Siberut,P,Sayur-Sayuran,kobis 1 kg,Jawa Timur,Surabaya,282720
01-03-2022,PHI Mini Market - Surabaya 01,Aris Siberut,P,Sayur-Sayuran,tomat 1 kg,Jawa Timur,Surabaya,2229580
01-03-2022,PHI Mini Market - Surabaya 01,Aris Siberut,P,Sayur-Sayuran,ubi jalar 1 kg,Jawa Timur,Surabaya,342870
01-03-2022,PHI Mini Market - Surabaya 01,Aris Siberut,P,Sayur-Sayuran,ubi kayu basah 1 kg,Jawa Timur,Surabaya,506180
01-03-2022,PHI Mini Market - Surabaya 01,Aris Siberut,P,Sayur-Sayuran,wortel 1 kg,Jawa Timur,Surabaya,894400
01-03-2022,PHI Mini Market - Surabaya 01,Ayu Pekerti,W,Buah,alpukat 1 kg,Jawa Timur,Surabaya,1528330
01-03-2022,PHI Mini Market - Surabaya 01,Ayu Pekerti,W,Buah,apel 1 kg,Jawa Timur,Surabaya,20786450
01-03-2022,PHI Mini Market - Surabaya 01,Ayu Pekerti,W,Buah,belimbing 1 kg,Jawa Timur,Surabaya,1620280
01-03-2022,PHI Mini Market - Surabaya 01,Ayu Pekerti,W,Buah,durian 1 kg,Jawa Timur,Surabaya,3434720
01-03-2022,PHI Mini Market - Surabaya 01,Ayu Pekerti,W,Buah,jeruk 1 kg,Jawa Timur,Surabaya,6700340
01-03-2022,PHI Mini Market - Surabaya 01,Ayu Pekerti,W,Buah,kelapa muda,Jawa Timur,Surabaya,1108990
01-03-2022,PHI Mini Market - Surabaya 01,Ayu Pekerti,W,Buah,mangga 1 kg,Jawa Timur,Surabaya,4267090
01-03-2022,PHI Mini Market - Surabaya 01,Ayu Pekerti,W,Makanan & Minuman,air mineral 600 ml,Jawa Timur,Surabaya,328800
01-03-2022,PHI Mini Market - Surabaya 01,Ayu Pekerti,W,Makanan & Minuman,bumbu fried chicken,Jawa Timur,Surabaya,5992990
01-03-2022,PHI Mini Market - Surabaya 01,Ayu Pekerti,W,Makanan & Minuman,jus kesehatan 600 ml,Jawa Timur,Surabaya,2775620
01-03-2022,PHI Mini Market - Surabaya 01,Ayu Pekerti,W,Makanan & Minuman,kacang goreng 1 kg,Jawa Timur,Surabaya,3882230
01-03-2022,PHI Mini Market - Surabaya 01,Ayu Pekerti,W,Makanan & Minuman,kacang mete 1 kg,Jawa Timur,Surabaya,24271500
01-03-2022,PHI Mini Market - Surabaya 01,Ayu Pekerti,W,Makanan & Minuman,markisa 600 ml,Jawa Timur,Surabaya,3648210
01-03-2022,PHI Mini Market - Surabaya 01,Ayu Pekerti,W,Makanan & Minuman,mie instant 1 kotak (40 bungkus),Jawa Timur,Surabaya,38382760
01-03-2022,PHI Mini Market - Surabaya 01,Ayu Pekerti,W,Makanan & Minuman,minuman probiotik,Jawa Timur,Surabaya,348400
01-03-2022,PHI Mini Market - Surabaya 01,Ayu Pekerti,W,Makanan & Minuman,nasi goreng instant (1 ons),Jawa Timur,Surabaya,1738710
01-03-2022,PHI Mini Market - Surabaya 01,Ayu Pekerti,W,Makanan & Minuman,snack gurih 1 ons,Jawa Timur,Surabaya,1450270
01-03-2022,PHI Mini Market - Surabaya 01,Ayu Pekerti,W,Makanan & Minuman,susu kotak (800 ml),Jawa Timur,Surabaya,5032800
01-03-2022,PHI Mini Market - Surabaya 01,Ayu Pekerti,W,Makanan & Minuman,susu kotak 1 l,Jawa Timur,Surabaya,3470110
01-03-2022,PHI Mini Market - Surabaya 01,Ayu Pekerti,W,Makanan & Minuman,telur ayam kampung 1 kg,Jawa Timur,Surabaya,6881830
01-03-2022,PHI Mini Market - Surabaya 01,Ayu Pekerti,W,Makanan & Minuman,telur ayam ras 1 kg,Jawa Timur,Surabaya,3957650
01-03-2022,PHI Mini Market - Surabaya 01,Ayu Pekerti,W,Sayur-Sayuran,bawang merah 1 kg,Jawa Timur,Surabaya,3526350
01-03-2022,PHI Mini Market - Surabaya 01,Ayu Pekerti,W,Sayur-Sayuran,bawang putih 1 kg,Jawa Timur,Surabaya,1139310
01-03-2022,PHI Mini Market - Surabaya 01,Ayu Pekerti,W,Sayur-Sayuran,buncis 1 kg,Jawa Timur,Surabaya,2249360
01-03-2022,PHI Mini Market - Surabaya 01,Ayu Pekerti,W,Sayur-Sayuran,kacang hijau 1 kg,Jawa Timur,Surabaya,2222500
01-03-2022,PHI Mini Market - Surabaya 01,Ayu Pekerti,W,Sayur-Sayuran,kacang panjang 1 kg,Jawa Timur,Surabaya,2501490
01-03-2022,PHI Mini Market - Surabaya 01,Ayu Pekerti,W,Sayur-Sayuran,kentang 1 kg,Jawa Timur,Surabaya,2241680
01-03-2022,PHI Mini Market - Surabaya 01,Ayu Pekerti,W,Sayur-Sayuran,ketimun 1 kg,Jawa Timur,Surabaya,1555340
01-03-2022,PHI Mini Market - Surabaya 01,Ayu Pekerti,W,Sayur-Sayuran,kobis 1 kg,Jawa Timur,Surabaya,401040
01-03-2022,PHI Mini Market - Surabaya 01,Ayu Pekerti,W,Sayur-Sayuran,tomat 1 kg,Jawa Timur,Surabaya,1328560
01-03-2022,PHI Mini Market - Surabaya 01,Ayu Pekerti,W,Sayur-Sayuran,ubi jalar 1 kg,Jawa Timur,Surabaya,477740
01-03-2022,PHI Mini Market - Surabaya 01,Ayu Pekerti,W,Sayur-Sayuran,ubi kayu basah 1 kg,Jawa Timur,Surabaya,382130
01-03-2022,PHI Mini Market - Surabaya 01,Ayu Pekerti,W,Sayur-Sayuran,wortel 1 kg,Jawa Timur,Surabaya,1495000
01-03-2022,PHI Mini Market - Surabaya 01,Budi Tenteram,P,Buah,alpukat 1 kg,Jawa Timur,Surabaya,1804930
01-03-2022,PHI Mini Market - Surabaya 01,Budi Tenteram,P,Buah,apel 1 kg,Jawa Timur,Surabaya,13764250
01-03-2022,PHI Mini Market - Surabaya 01,Budi Tenteram,P,Buah,belimbing 1 kg,Jawa Timur,Surabaya,1255020
01-03-2022,PHI Mini Market - Surabaya 01,Budi Tenteram,P,Buah,durian 1 kg,Jawa Timur,Surabaya,5886360
01-03-2022,PHI Mini Market - Surabaya 01,Budi Tenteram,P,Buah,jeruk 1 kg,Jawa Timur,Surabaya,3152420
01-03-2022,PHI Mini Market - Surabaya 01,Budi Tenteram,P,Buah,kelapa muda,Jawa Timur,Surabaya,1725890
01-03-2022,PHI Mini Market - Surabaya 01,Budi Tenteram,P,Buah,mangga 1 kg,Jawa Timur,Surabaya,5238190
01-03-2022,PHI Mini Market - Surabaya 01,Budi Tenteram,P,Makanan & Minuman,air mineral 600 ml,Jawa Timur,Surabaya,441190
01-03-2022,PHI Mini Market - Surabaya 01,Budi Tenteram,P,Makanan & Minuman,bumbu fried chicken,Jawa Timur,Surabaya,4798000
01-03-2022,PHI Mini Market - Surabaya 01,Budi Tenteram,P,Makanan & Minuman,jus kesehatan 600 ml,Jawa Timur,Surabaya,2195640
01-03-2022,PHI Mini Market - Surabaya 01,Budi Tenteram,P,Makanan & Minuman,kacang goreng 1 kg,Jawa Timur,Surabaya,5686300
01-03-2022,PHI Mini Market - Surabaya 01,Budi Tenteram,P,Makanan & Minuman,kacang mete 1 kg,Jawa Timur,Surabaya,22077500
01-03-2022,PHI Mini Market - Surabaya 01,Budi Tenteram,P,Makanan & Minuman,markisa 600 ml,Jawa Timur,Surabaya,5456140
01-03-2022,PHI Mini Market - Surabaya 01,Budi Tenteram,P,Makanan & Minuman,mie instant 1 kotak (40 bungkus),Jawa Timur,Surabaya,31690510
01-03-2022,PHI Mini Market - Surabaya 01,Budi Tenteram,P,Makanan & Minuman,minuman probiotik,Jawa Timur,Surabaya,337940
01-03-2022,PHI Mini Market - Surabaya 01,Budi Tenteram,P,Makanan & Minuman,nasi goreng instant (1 ons),Jawa Timur,Surabaya,2406480
01-03-2022,PHI Mini Market - Surabaya 01,Budi Tenteram,P,Makanan & Minuman,snack gurih 1 ons,Jawa Timur,Surabaya,1803940
01-03-2022,PHI Mini Market - Surabaya 01,Budi Tenteram,P,Makanan & Minuman,susu kotak (800 ml),Jawa Timur,Surabaya,4185130
01-03-2022,PHI Mini Market - Surabaya 01,Budi Tenteram,P,Makanan & Minuman,susu kotak 1 l,Jawa Timur,Surabaya,2479880
01-03-2022,PHI Mini Market - Surabaya 01,Budi Tenteram,P,Makanan & Minuman,telur ayam kampung 1 kg,Jawa Timur,Surabaya,6116540
01-03-2022,PHI Mini Market - Surabaya 01,Budi Tenteram,P,Makanan & Minuman,telur ayam ras 1 kg,Jawa Timur,Surabaya,3546230
01-03-2022,PHI Mini Market - Surabaya 01,Budi Tenteram,P,Sayur-Sayuran,bawang merah 1 kg,Jawa Timur,Surabaya,4094180
01-03-2022,PHI Mini Market - Surabaya 01,Budi Tenteram,P,Sayur-Sayuran,bawang putih 1 kg,Jawa Timur,Surabaya,1586600
01-03-2022,PHI Mini Market - Surabaya 01,Budi Tenteram,P,Sayur-Sayuran,buncis 1 kg,Jawa Timur,Surabaya,1382510
01-03-2022,PHI Mini Market - Surabaya 01,Budi Tenteram,P,Sayur-Sayuran,kacang hijau 1 kg,Jawa Timur,Surabaya,1703580
01-03-2022,PHI Mini Market - Surabaya 01,Budi Tenteram,P,Sayur-Sayuran,kacang panjang 1 kg,Jawa Timur,Surabaya,2382370
01-03-2022,PHI Mini Market - Surabaya 01,Budi Tenteram,P,Sayur-Sayuran,kentang 1 kg,Jawa Timur,Surabaya,2267710
01-03-2022,PHI Mini Market - Surabaya 01,Budi Tenteram,P,Sayur-Sayuran,ketimun 1 kg,Jawa Timur,Surabaya,1449570
01-03-2022,PHI Mini Market - Surabaya 01,Budi Tenteram,P,Sayur-Sayuran,kobis 1 kg,Jawa Timur,Surabaya,370700
01-03-2022,PHI Mini Market - Surabaya 01,Budi Tenteram,P,Sayur-Sayuran,tomat 1 kg,Jawa Timur,Surabaya,1560670
01-03-2022,PHI Mini Market - Surabaya 01,Budi Tenteram,P,Sayur-Sayuran,ubi jalar 1 kg,Jawa Timur,Surabaya,407050
01-03-2022,PHI Mini Market - Surabaya 01,Budi Tenteram,P,Sayur-Sayuran,ubi kayu basah 1 kg,Jawa Timur,Surabaya,238950
01-03-2022,PHI Mini Market - Surabaya 01,Budi Tenteram,P,Sayur-Sayuran,wortel 1 kg,Jawa Timur,Surabaya,997380
01-03-2022,PHI Mini Market - Surabaya 01,Galang Setiawan,P,Buah,alpukat 1 kg,Jawa Timur,Surabaya,2806420
01-03-2022,PHI Mini Market - Surabaya 01,Galang Setiawan,P,Buah,apel 1 kg,Jawa Timur,Surabaya,18369610
01-03-2022,PHI Mini Market - Surabaya 01,Galang Setiawan,P,Buah,belimbing 1 kg,Jawa Timur,Surabaya,1558810
01-03-2022,PHI Mini Market - Surabaya 01,Galang Setiawan,P,Buah,durian 1 kg,Jawa Timur,Surabaya,5955350
01-03-2022,PHI Mini Market - Surabaya 01,Galang Setiawan,P,Buah,jeruk 1 kg,Jawa Timur,Surabaya,4497340
01-03-2022,PHI Mini Market - Surabaya 01,Galang Setiawan,P,Buah,kelapa muda,Jawa Timur,Surabaya,1226930
01-03-2022,PHI Mini Market - Surabaya 01,Galang Setiawan,P,Buah,mangga 1 kg,Jawa Timur,Surabaya,4578200
01-03-2022,PHI Mini Market - Surabaya 01,Galang Setiawan,P,Makanan & Minuman,air mineral 600 ml,Jawa Timur,Surabaya,477260
01-03-2022,PHI Mini Market - Surabaya 01,Galang Setiawan,P,Makanan & Minuman,bumbu fried chicken,Jawa Timur,Surabaya,4748970
01-03-2022,PHI Mini Market - Surabaya 01,Galang Setiawan,P,Makanan & Minuman,jus kesehatan 600 ml,Jawa Timur,Surabaya,3984930
01-03-2022,PHI Mini Market - Surabaya 01,Galang Setiawan,P,Makanan & Minuman,kacang goreng 1 kg,Jawa Timur,Surabaya,3577700
01-03-2022,PHI Mini Market - Surabaya 01,Galang Setiawan,P,Makanan & Minuman,kacang mete 1 kg,Jawa Timur,Surabaya,23539650
01-03-2022,PHI Mini Market - Surabaya 01,Galang Setiawan,P,Makanan & Minuman,markisa 600 ml,Jawa Timur,Surabaya,4734550
01-03-2022,PHI Mini Market - Surabaya 01,Galang Setiawan,P,Makanan & Minuman,mie instant 1 kotak (40 bungkus),Jawa Timur,Surabaya,28125330
01-03-2022,PHI Mini Market - Surabaya 01,Galang Setiawan,P,Makanan & Minuman,minuman probiotik,Jawa Timur,Surabaya,254910
01-03-2022,PHI Mini Market - Surabaya 01,Galang Setiawan,P,Makanan & Minuman,nasi goreng instant (1 ons),Jawa Timur,Surabaya,2078110
01-03-2022,PHI Mini Market - Surabaya 01,Galang Setiawan,P,Makanan & Minuman,snack gurih 1 ons,Jawa Timur,Surabaya,1417500
01-03-2022,PHI Mini Market - Surabaya 01,Galang Setiawan,P,Makanan & Minuman,susu kotak (800 ml),Jawa Timur,Surabaya,5249720
01-03-2022,PHI Mini Market - Surabaya 01,Galang Setiawan,P,Makanan & Minuman,susu kotak 1 l,Jawa Timur,Surabaya,2764970
01-03-2022,PHI Mini Market - Surabaya 01,Galang Setiawan,P,Makanan & Minuman,telur ayam kampung 1 kg,Jawa Timur,Surabaya,4892150
01-03-2022,PHI Mini Market - Surabaya 01,Galang Setiawan,P,Makanan & Minuman,telur ayam ras 1 kg,Jawa Timur,Surabaya,3335510
01-03-2022,PHI Mini Market - Surabaya 01,Galang Setiawan,P,Sayur-Sayuran,bawang merah 1 kg,Jawa Timur,Surabaya,2569990
01-03-2022,PHI Mini Market - Surabaya 01,Galang Setiawan,P,Sayur-Sayuran,bawang putih 1 kg,Jawa Timur,Surabaya,1535610
01-03-2022,PHI Mini Market - Surabaya 01,Galang Setiawan,P,Sayur-Sayuran,buncis 1 kg,Jawa Timur,Surabaya,1223270
01-03-2022,PHI Mini Market - Surabaya 01,Galang Setiawan,P,Sayur-Sayuran,kacang hijau 1 kg,Jawa Timur,Surabaya,2544300
01-03-2022,PHI Mini Market - Surabaya 01,Galang Setiawan,P,Sayur-Sayuran,kacang panjang 1 kg,Jawa Timur,Surabaya,2791860
01-03-2022,PHI Mini Market - Surabaya 01,Galang Setiawan,P,Sayur-Sayuran,kentang 1 kg,Jawa Timur,Surabaya,3380760
01-03-2022,PHI Mini Market - Surabaya 01,Galang Setiawan,P,Sayur-Sayuran,ketimun 1 kg,Jawa Timur,Surabaya,1263760
01-03-2022,PHI Mini Market - Surabaya 01,Galang Setiawan,P,Sayur-Sayuran,kobis 1 kg,Jawa Timur,Surabaya,252810
01-03-2022,PHI Mini Market - Surabaya 01,Galang Setiawan,P,Sayur-Sayuran,tomat 1 kg,Jawa Timur,Surabaya,1068750
01-03-2022,PHI Mini Market - Surabaya 01,Galang Setiawan,P,Sayur-Sayuran,ubi jalar 1 kg,Jawa Timur,Surabaya,438080
01-03-2022,PHI Mini Market - Surabaya 01,Galang Setiawan,P,Sayur-Sayuran,ubi kayu basah 1 kg,Jawa Timur,Surabaya,454360
01-03-2022,PHI Mini Market - Surabaya 01,Galang Setiawan,P,Sayur-Sayuran,wortel 1 kg,Jawa Timur,Surabaya,1034350
01-03-2022,PHI Mini Market - Surabaya 01,Harum Selangit,W,Buah,alpukat 1 kg,Jawa Timur,Surabaya,1963310
01-03-2022,PHI Mini Market - Surabaya 01,Harum Selangit,W,Buah,apel 1 kg,Jawa Timur,Surabaya,20202160
01-03-2022,PHI Mini Market - Surabaya 01,Harum Selangit,W,Buah,belimbing 1 kg,Jawa Timur,Surabaya,1110050
01-03-2022,PHI Mini Market - Surabaya 01,Harum Selangit,W,Buah,durian 1 kg,Jawa Timur,Surabaya,5810210
01-03-2022,PHI Mini Market - Surabaya 01,Harum Selangit,W,Buah,jeruk 1 kg,Jawa Timur,Surabaya,3936030
01-03-2022,PHI Mini Market - Surabaya 01,Harum Selangit,W,Buah,kelapa muda,Jawa Timur,Surabaya,1645280
01-03-2022,PHI Mini Market - Surabaya 01,Harum Selangit,W,Buah,mangga 1 kg,Jawa Timur,Surabaya,4056990
01-03-2022,PHI Mini Market - Surabaya 01,Harum Selangit,W,Makanan & Minuman,air mineral 600 ml,Jawa Timur,Surabaya,531480
01-03-2022,PHI Mini Market - Surabaya 01,Harum Selangit,W,Makanan & Minuman,bumbu fried chicken,Jawa Timur,Surabaya,4733700
01-03-2022,PHI Mini Market - Surabaya 01,Harum Selangit,W,Makanan & Minuman,jus kesehatan 600 ml,Jawa Timur,Surabaya,2612650
01-03-2022,PHI Mini Market - Surabaya 01,Harum Selangit,W,Makanan & Minuman,kacang goreng 1 kg,Jawa Timur,Surabaya,3176720
01-03-2022,PHI Mini Market - Surabaya 01,Harum Selangit,W,Makanan & Minuman,kacang mete 1 kg,Jawa Timur,Surabaya,27651270
01-03-2022,PHI Mini Market - Surabaya 01,Harum Selangit,W,Makanan & Minuman,markisa 600 ml,Jawa Timur,Surabaya,4868560
01-03-2022,PHI Mini Market - Surabaya 01,Harum Selangit,W,Makanan & Minuman,mie instant 1 kotak (40 bungkus),Jawa Timur,Surabaya,48667730
01-03-2022,PHI Mini Market - Surabaya 01,Harum Selangit,W,Makanan & Minuman,minuman probiotik,Jawa Timur,Surabaya,315130
01-03-2022,PHI Mini Market - Surabaya 01,Harum Selangit,W,Makanan & Minuman,nasi goreng instant (1 ons),Jawa Timur,Surabaya,2205470
01-03-2022,PHI Mini Market - Surabaya 01,Harum Selangit,W,Makanan & Minuman,snack gurih 1 ons,Jawa Timur,Surabaya,1714640
01-03-2022,PHI Mini Market - Surabaya 01,Harum Selangit,W,Makanan & Minuman,susu kotak (800 ml),Jawa Timur,Surabaya,4640730
01-03-2022,PHI Mini Market - Surabaya 01,Harum Selangit,W,Makanan & Minuman,susu kotak 1 l,Jawa Timur,Surabaya,3624200
01-03-2022,PHI Mini Market - Surabaya 01,Harum Selangit,W,Makanan & Minuman,telur ayam kampung 1 kg,Jawa Timur,Surabaya,3410270
01-03-2022,PHI Mini Market - Surabaya 01,Harum Selangit,W,Makanan & Minuman,telur ayam ras 1 kg,Jawa Timur,Surabaya,3252780
01-03-2022,PHI Mini Market - Surabaya 01,Harum Selangit,W,Sayur-Sayuran,bawang merah 1 kg,Jawa Timur,Surabaya,3348080
01-03-2022,PHI Mini Market - Surabaya 01,Harum Selangit,W,Sayur-Sayuran,bawang putih 1 kg,Jawa Timur,Surabaya,1112990
01-03-2022,PHI Mini Market - Surabaya 01,Harum Selangit,W,Sayur-Sayuran,buncis 1 kg,Jawa Timur,Surabaya,1261550
01-03-2022,PHI Mini Market - Surabaya 01,Harum Selangit,W,Sayur-Sayuran,kacang hijau 1 kg,Jawa Timur,Surabaya,3355850
01-03-2022,PHI Mini Market - Surabaya 01,Harum Selangit,W,Sayur-Sayuran,kacang panjang 1 kg,Jawa Timur,Surabaya,2034460
01-03-2022,PHI Mini Market - Surabaya 01,Harum Selangit,W,Sayur-Sayuran,kentang 1 kg,Jawa Timur,Surabaya,2720970
01-03-2022,PHI Mini Market - Surabaya 01,Harum Selangit,W,Sayur-Sayuran,ketimun 1 kg,Jawa Timur,Surabaya,1442150
01-03-2022,PHI Mini Market - Surabaya 01,Harum Selangit,W,Sayur-Sayuran,kobis 1 kg,Jawa Timur,Surabaya,244410
01-03-2022,PHI Mini Market - Surabaya 01,Harum Selangit,W,Sayur-Sayuran,tomat 1 kg,Jawa Timur,Surabaya,1491540
01-03-2022,PHI Mini Market - Surabaya 01,Harum Selangit,W,Sayur-Sayuran,ubi jalar 1 kg,Jawa Timur,Surabaya,411140
01-03-2022,PHI Mini Market - Surabaya 01,Harum Selangit,W,Sayur-Sayuran,ubi kayu basah 1 kg,Jawa Timur,Surabaya,307920
01-03-2022,PHI Mini Market - Surabaya 01,Harum Selangit,W,Sayur-Sayuran,wortel 1 kg,Jawa Timur,Surabaya,931130
01-03-2022,PHI Mini Market - Surabaya 01,Mariani Damai,W,Buah,alpukat 1 kg,Jawa Timur,Surabaya,2210120
01-03-2022,PHI Mini Market - Surabaya 01,Mariani Damai,W,Buah,apel 1 kg,Jawa Timur,Surabaya,19154830
01-03-2022,PHI Mini Market - Surabaya 01,Mariani Damai,W,Buah,belimbing 1 kg,Jawa Timur,Surabaya,1467090
01-03-2022,PHI Mini Market - Surabaya 01,Mariani Damai,W,Buah,durian 1 kg,Jawa Timur,Surabaya,5675730
01-03-2022,PHI Mini Market - Surabaya 01,Mariani Damai,W,Buah,jeruk 1 kg,Jawa Timur,Surabaya,4444640
01-03-2022,PHI Mini Market - Surabaya 01,Mariani Damai,W,Buah,kelapa muda,Jawa Timur,Surabaya,1703890
01-03-2022,PHI Mini Market - Surabaya 01,Mariani Damai,W,Makanan & Minuman,air mineral 600 ml,Jawa Timur,Surabaya,318560
01-03-2022,PHI Mini Market - Surabaya 01,Mariani Damai,W,Makanan & Minuman,bumbu fried chicken,Jawa Timur,Surabaya,3075650
01-03-2022,PHI Mini Market - Surabaya 01,Mariani Damai,W,Makanan & Minuman,jus kesehatan 600 ml,Jawa Timur,Surabaya,2004800
01-03-2022,PHI Mini Market - Surabaya 01,Mariani Damai,W,Makanan & Minuman,kacang goreng 1 kg,Jawa Timur,Surabaya,3141630
01-03-2022,PHI Mini Market - Surabaya 01,Mariani Damai,W,Makanan & Minuman,kacang mete 1 kg,Jawa Timur,Surabaya,19453200
01-03-2022,PHI Mini Market - Surabaya 01,Mariani Damai,W,Makanan & Minuman,markisa 600 ml,Jawa Timur,Surabaya,4282240
01-03-2022,PHI Mini Market - Surabaya 01,Mariani Damai,W,Makanan & Minuman,mie instant 1 kotak (40 bungkus),Jawa Timur,Surabaya,49635950
01-03-2022,PHI Mini Market - Surabaya 01,Mariani Damai,W,Makanan & Minuman,minuman probiotik,Jawa Timur,Surabaya,173640
01-03-2022,PHI Mini Market - Surabaya 01,Mariani Damai,W,Makanan & Minuman,nasi goreng instant (1 ons),Jawa Timur,Surabaya,2329450
01-03-2022,PHI Mini Market - Surabaya 01,Mariani Damai,W,Makanan & Minuman,snack gurih 1 ons,Jawa Timur,Surabaya,1687790
01-03-2022,PHI Mini Market - Surabaya 01,Mariani Damai,W,Makanan & Minuman,susu kotak (800 ml),Jawa Timur,Surabaya,5911020
01-03-2022,PHI Mini Market - Surabaya 01,Mariani Damai,W,Makanan & Minuman,susu kotak 1 l,Jawa Timur,Surabaya,2400660
01-03-2022,PHI Mini Market - Surabaya 01,Mariani Damai,W,Makanan & Minuman,telur ayam kampung 1 kg,Jawa Timur,Surabaya,6185860
01-03-2022,PHI Mini Market - Surabaya 01,Mariani Damai,W,Makanan & Minuman,telur ayam ras 1 kg,Jawa Timur,Surabaya,3330650
01-03-2022,PHI Mini Market - Surabaya 01,Mariani Damai,W,Sayur-Sayuran,bawang merah 1 kg,Jawa Timur,Surabaya,3169770
01-03-2022,PHI Mini Market - Surabaya 01,Mariani Damai,W,Sayur-Sayuran,bawang putih 1 kg,Jawa Timur,Surabaya,1298750
01-03-2022,PHI Mini Market - Surabaya 01,Mariani Damai,W,Sayur-Sayuran,buncis 1 kg,Jawa Timur,Surabaya,2639570
01-03-2022,PHI Mini Market - Surabaya 01,Mariani Damai,W,Sayur-Sayuran,kacang hijau 1 kg,Jawa Timur,Surabaya,2219180
01-03-2022,PHI Mini Market - Surabaya 01,Mariani Damai,W,Sayur-Sayuran,kacang panjang 1 kg,Jawa Timur,Surabaya,3437640
01-03-2022,PHI Mini Market - Surabaya 01,Mariani Damai,W,Sayur-Sayuran,kentang 1 kg,Jawa Timur,Surabaya,2107560
01-03-2022,PHI Mini Market - Surabaya 01,Mariani Damai,W,Sayur-Sayuran,ketimun 1 kg,Jawa Timur,Surabaya,1580490
01-03-2022,PHI Mini Market - Surabaya 01,Mariani Damai,W,Sayur-Sayuran,kobis 1 kg,Jawa Timur,Surabaya,453510
01-03-2022,PHI Mini Market - Surabaya 01,Mariani Damai,W,Sayur-Sayuran,tomat 1 kg,Jawa Timur,Surabaya,1244280
01-03-2022,PHI Mini Market - Surabaya 01,Mariani Damai,W,Sayur-Sayuran,ubi jalar 1 kg,Jawa Timur,Surabaya,248700
01-03-2022,PHI Mini Market - Surabaya 01,Mariani Damai,W,Sayur-Sayuran,ubi kayu basah 1 kg,Jawa Timur,Surabaya,307510
01-03-2022,PHI Mini Market - Surabaya 01,Mariani Damai,W,Sayur-Sayuran,wortel 1 kg,Jawa Timur,Surabaya,907980
01-03-2022,PHI Mini Market - Surabaya 01,Mulia Setiawan,P,Buah,alpukat 1 kg,Jawa Timur,Surabaya,2033410
01-03-2022,PHI Mini Market - Surabaya 01,Mulia Setiawan,P,Buah,apel 1 kg,Jawa Timur,Surabaya,14366800
01-03-2022,PHI Mini Market - Surabaya 01,Mulia Setiawan,P,Buah,belimbing 1 kg,Jawa Timur,Surabaya,1069200
01-03-2022,PHI Mini Market - Surabaya 01,Mulia Setiawan,P,Buah,durian 1 kg,Jawa Timur,Surabaya,5320500
01-03-2022,PHI Mini Market - Surabaya 01,Mulia Setiawan,P,Buah,jeruk 1 kg,Jawa Timur,Surabaya,5492450
01-03-2022,PHI Mini Market - Surabaya 01,Mulia Setiawan,P,Buah,kelapa muda,Jawa Timur,Surabaya,1535870
01-03-2022,PHI Mini Market - Surabaya 01,Mulia Setiawan,P,Buah,mangga 1 kg,Jawa Timur,Surabaya,4691950
01-03-2022,PHI Mini Market - Surabaya 01,Mulia Setiawan,P,Makanan & Minuman,air mineral 600 ml,Jawa Timur,Surabaya,304650
01-03-2022,PHI Mini Market - Surabaya 01,Mulia Setiawan,P,Makanan & Minuman,bumbu fried chicken,Jawa Timur,Surabaya,4204030
01-03-2022,PHI Mini Market - Surabaya 01,Mulia Setiawan,P,Makanan & Minuman,jus kesehatan 600 ml,Jawa Timur,Surabaya,2543090
01-03-2022,PHI Mini Market - Surabaya 01,Mulia Setiawan,P,Makanan & Minuman,kacang goreng 1 kg,Jawa Timur,Surabaya,4658820
01-03-2022,PHI Mini Market - Surabaya 01,Mulia Setiawan,P,Makanan & Minuman,kacang mete 1 kg,Jawa Timur,Surabaya,24182140
01-03-2022,PHI Mini Market - Surabaya 01,Mulia Setiawan,P,Makanan & Minuman,markisa 600 ml,Jawa Timur,Surabaya,5251790
01-03-2022,PHI Mini Market - Surabaya 01,Mulia Setiawan,P,Makanan & Minuman,mie instant 1 kotak (40 bungkus),Jawa Timur,Surabaya,36883630
01-03-2022,PHI Mini Market - Surabaya 01,Mulia Setiawan,P,Makanan & Minuman,minuman probiotik,Jawa Timur,Surabaya,237400
01-03-2022,PHI Mini Market - Surabaya 01,Mulia Setiawan,P,Makanan & Minuman,nasi goreng instant (1 ons),Jawa Timur,Surabaya,2302040
01-03-2022,PHI Mini Market - Surabaya 01,Mulia Setiawan,P,Makanan & Minuman,snack gurih 1 ons,Jawa Timur,Surabaya,1507090
01-03-2022,PHI Mini Market - Surabaya 01,Mulia Setiawan,P,Makanan & Minuman,susu kotak (800 ml),Jawa Timur,Surabaya,3338060
01-03-2022,PHI Mini Market - Surabaya 01,Mulia Setiawan,P,Makanan & Minuman,susu kotak 1 l,Jawa Timur,Surabaya,2758350
01-03-2022,PHI Mini Market - Surabaya 01,Mulia Setiawan,P,Makanan & Minuman,telur ayam kampung 1 kg,Jawa Timur,Surabaya,6774370
01-03-2022,PHI Mini Market - Surabaya 01,Mulia Setiawan,P,Makanan & Minuman,telur ayam ras 1 kg,Jawa Timur,Surabaya,4002630
01-03-2022,PHI Mini Market - Surabaya 01,Mulia Setiawan,P,Sayur-Sayuran,bawang merah 1 kg,Jawa Timur,Surabaya,3566840
01-03-2022,PHI Mini Market - Surabaya 01,Mulia Setiawan,P,Sayur-Sayuran,bawang putih 1 kg,Jawa Timur,Surabaya,1042010
01-03-2022,PHI Mini Market - Surabaya 01,Mulia Setiawan,P,Sayur-Sayuran,buncis 1 kg,Jawa Timur,Surabaya,1314860
01-03-2022,PHI Mini Market - Surabaya 01,Mulia Setiawan,P,Sayur-Sayuran,kacang hijau 1 kg,Jawa Timur,Surabaya,1877120
01-03-2022,PHI Mini Market - Surabaya 01,Mulia Setiawan,P,Sayur-Sayuran,kacang panjang 1 kg,Jawa Timur,Surabaya,1933720
01-03-2022,PHI Mini Market - Surabaya 01,Mulia Setiawan,P,Sayur-Sayuran,kentang 1 kg,Jawa Timur,Surabaya,3596570
01-03-2022,PHI Mini Market - Surabaya 01,Mulia Setiawan,P,Sayur-Sayuran,ketimun 1 kg,Jawa Timur,Surabaya,1295380
01-03-2022,PHI Mini Market - Surabaya 01,Mulia Setiawan,P,Sayur-Sayuran,kobis 1 kg,Jawa Timur,Surabaya,341660
01-03-2022,PHI Mini Market - Surabaya 01,Mulia Setiawan,P,Sayur-Sayuran,tomat 1 kg,Jawa Timur,Surabaya,1925020
01-03-2022,PHI Mini Market - Surabaya 01,Mulia Setiawan,P,Sayur-Sayuran,ubi jalar 1 kg,Jawa Timur,Surabaya,387360
01-03-2022,PHI Mini Market - Surabaya 01,Mulia Setiawan,P,Sayur-Sayuran,ubi kayu basah 1 kg,Jawa Timur,Surabaya,339170
01-03-2022,PHI Mini Market - Surabaya 01,Mulia Setiawan,P,Sayur-Sayuran,wortel 1 kg,Jawa Timur,Surabaya,984200
01-03-2022,PHI Mini Market - Surabaya 01,Mulyo Damai,P,Buah,alpukat 1 kg,Jawa Timur,Surabaya,1893270
01-03-2022,PHI Mini Market - Surabaya 01,Mulyo Damai,P,Buah,apel 1 kg,Jawa Timur,Surabaya,13017860
01-03-2022,PHI Mini Market - Surabaya 01,Mulyo Damai,P,Buah,belimbing 1 kg,Jawa Timur,Surabaya,1472680
01-03-2022,PHI Mini Market - Surabaya 01,Mulyo Damai,P,Buah,durian 1 kg,Jawa Timur,Surabaya,6164130
01-03-2022,PHI Mini Market - Surabaya 01,Mulyo Damai,P,Buah,jeruk 1 kg,Jawa Timur,Surabaya,4045050
01-03-2022,PHI Mini Market - Surabaya 01,Mulyo Damai,P,Buah,kelapa muda,Jawa Timur,Surabaya,2126190
01-03-2022,PHI Mini Market - Surabaya 01,Mulyo Damai,P,Makanan & Minuman,air mineral 600 ml,Jawa Timur,Surabaya,433320
01-03-2022,PHI Mini Market - Surabaya 01,Mulyo Damai,P,Makanan & Minuman,bumbu fried chicken,Jawa Timur,Surabaya,3849950
01-03-2022,PHI Mini Market - Surabaya 01,Mulyo Damai,P,Makanan & Minuman,jus kesehatan 600 ml,Jawa Timur,Surabaya,3026570
01-03-2022,PHI Mini Market - Surabaya 01,Mulyo Damai,P,Makanan & Minuman,kacang goreng 1 kg,Jawa Timur,Surabaya,3825610
01-03-2022,PHI Mini Market - Surabaya 01,Mulyo Damai,P,Makanan & Minuman,kacang mete 1 kg,Jawa Timur,Surabaya,30493190
01-03-2022,PHI Mini Market - Surabaya 01,Mulyo Damai,P,Makanan & Minuman,markisa 600 ml,Jawa Timur,Surabaya,4314590
01-03-2022,PHI Mini Market - Surabaya 01,Mulyo Damai,P,Makanan & Minuman,mie instant 1 kotak (40 bungkus),Jawa Timur,Surabaya,10782970
01-03-2022,PHI Mini Market - Surabaya 01,Mulyo Damai,P,Makanan & Minuman,minuman probiotik,Jawa Timur,Surabaya,289640
01-03-2022,PHI Mini Market - Surabaya 01,Mulyo Damai,P,Makanan & Minuman,nasi goreng instant (1 ons),Jawa Timur,Surabaya,2042200
01-03-2022,PHI Mini Market - Surabaya 01,Mulyo Damai,P,Makanan & Minuman,snack gurih 1 ons,Jawa Timur,Surabaya,1828150
01-03-2022,PHI Mini Market - Surabaya 01,Mulyo Damai,P,Makanan & Minuman,susu kotak (800 ml),Jawa Timur,Surabaya,4744210
01-03-2022,PHI Mini Market - Surabaya 01,Mulyo Damai,P,Makanan & Minuman,susu kotak 1 l,Jawa Timur,Surabaya,3070970
01-03-2022,PHI Mini Market - Surabaya 01,Mulyo Damai,P,Makanan & Minuman,telur ayam kampung 1 kg,Jawa Timur,Surabaya,5164760
01-03-2022,PHI Mini Market - Surabaya 01,Mulyo Damai,P,Makanan & Minuman,telur ayam ras 1 kg,Jawa Timur,Surabaya,3776940
01-03-2022,PHI Mini Market - Surabaya 01,Mulyo Damai,P,Sayur-Sayuran,bawang merah 1 kg,Jawa Timur,Surabaya,2489500
01-03-2022,PHI Mini Market - Surabaya 01,Mulyo Damai,P,Sayur-Sayuran,bawang putih 1 kg,Jawa Timur,Surabaya,1207270
01-03-2022,PHI Mini Market - Surabaya 01,Mulyo Damai,P,Sayur-Sayuran,buncis 1 kg,Jawa Timur,Surabaya,1955570
01-03-2022,PHI Mini Market - Surabaya 01,Mulyo Damai,P,Sayur-Sayuran,kacang hijau 1 kg,Jawa Timur,Surabaya,2406790
01-03-2022,PHI Mini Market - Surabaya 01,Mulyo Damai,P,Sayur-Sayuran,kacang panjang 1 kg,Jawa Timur,Surabaya,1859740
01-03-2022,PHI Mini Market - Surabaya 01,Mulyo Damai,P,Sayur-Sayuran,kentang 1 kg,Jawa Timur,Surabaya,2527740
01-03-2022,PHI Mini Market - Surabaya 01,Mulyo Damai,P,Sayur-Sayuran,ketimun 1 kg,Jawa Timur,Surabaya,1114030
01-03-2022,PHI Mini Market - Surabaya 01,Mulyo Damai,P,Sayur-Sayuran,kobis 1 kg,Jawa Timur,Surabaya,397980
01-03-2022,PHI Mini Market - Surabaya 01,Mulyo Damai,P,Sayur-Sayuran,tomat 1 kg,Jawa Timur,Surabaya,2100610
01-03-2022,PHI Mini Market - Surabaya 01,Mulyo Damai,P,Sayur-Sayuran,ubi jalar 1 kg,Jawa Timur,Surabaya,460300
01-03-2022,PHI Mini Market - Surabaya 01,Mulyo Damai,P,Sayur-Sayuran,ubi kayu basah 1 kg,Jawa Timur,Surabaya,316570
01-03-2022,PHI Mini Market - Surabaya 01,Mulyo Damai,P,Sayur-Sayuran,wortel 1 kg,Jawa Timur,Surabaya,1552020
01-03-2022,PHI Mini Market - Surabaya 01,Natali Menawan,W,Buah,alpukat 1 kg,Jawa Timur,Surabaya,3234720
01-03-2022,PHI Mini Market - Surabaya 01,Natali Menawan,W,Buah,apel 1 kg,Jawa Timur,Surabaya,45894390
01-03-2022,PHI Mini Market - Surabaya 01,Natali Menawan,W,Buah,belimbing 1 kg,Jawa Timur,Surabaya,2961810
01-03-2022,PHI Mini Market - Surabaya 01,Natali Menawan,W,Buah,durian 1 kg,Jawa Timur,Surabaya,10143360
01-03-2022,PHI Mini Market - Surabaya 01,Natali Menawan,W,Buah,jeruk 1 kg,Jawa Timur,Surabaya,6116510
01-03-2022,PHI Mini Market - Surabaya 01,Natali Menawan,W,Buah,kelapa muda,Jawa Timur,Surabaya,4420420
01-03-2022,PHI Mini Market - Surabaya 01,Natali Menawan,W,Buah,mangga 1 kg,Jawa Timur,Surabaya,9104250
01-03-2022,PHI Mini Market - Surabaya 01,Natali Menawan,W,Makanan & Minuman,air mineral 600 ml,Jawa Timur,Surabaya,805710
01-03-2022,PHI Mini Market - Surabaya 01,Natali Menawan,W,Makanan & Minuman,bumbu fried chicken,Jawa Timur,Surabaya,8256760
01-03-2022,PHI Mini Market - Surabaya 01,Natali Menawan,W,Makanan & Minuman,jus kesehatan 600 ml,Jawa Timur,Surabaya,5452030
01-03-2022,PHI Mini Market - Surabaya 01,Natali Menawan,W,Makanan & Minuman,kacang goreng 1 kg,Jawa Timur,Surabaya,7382790
01-03-2022,PHI Mini Market - Surabaya 01,Natali Menawan,W,Makanan & Minuman,kacang mete 1 kg,Jawa Timur,Surabaya,45176250
01-03-2022,PHI Mini Market - Surabaya 01,Natali Menawan,W,Makanan & Minuman,markisa 600 ml,Jawa Timur,Surabaya,11421950
01-03-2022,PHI Mini Market - Surabaya 01,Natali Menawan,W,Makanan & Minuman,mie instant 1 kotak (40 bungkus),Jawa Timur,Surabaya,80608570
01-03-2022,PHI Mini Market - Surabaya 01,Natali Menawan,W,Makanan & Minuman,minuman probiotik,Jawa Timur,Surabaya,648550
01-03-2022,PHI Mini Market - Surabaya 01,Natali Menawan,W,Makanan & Minuman,nasi goreng instant (1 ons),Jawa Timur,Surabaya,3155270
01-03-2022,PHI Mini Market - Surabaya 01,Natali Menawan,W,Makanan & Minuman,snack gurih 1 ons,Jawa Timur,Surabaya,3755830
01-03-2022,PHI Mini Market - Surabaya 01,Natali Menawan,W,Makanan & Minuman,susu kotak (800 ml),Jawa Timur,Surabaya,7832290
01-03-2022,PHI Mini Market - Surabaya 01,Natali Menawan,W,Makanan & Minuman,susu kotak 1 l,Jawa Timur,Surabaya,5857480
01-03-2022,PHI Mini Market - Surabaya 01,Natali Menawan,W,Makanan & Minuman,telur ayam kampung 1 kg,Jawa Timur,Surabaya,9166230
01-03-2022,PHI Mini Market - Surabaya 01,Natali Menawan,W,Makanan & Minuman,telur ayam ras 1 kg,Jawa Timur,Surabaya,4163860
01-03-2022,PHI Mini Market - Surabaya 01,Natali Menawan,W,Sayur-Sayuran,bawang merah 1 kg,Jawa Timur,Surabaya,9300430
01-03-2022,PHI Mini Market - Surabaya 01,Natali Menawan,W,Sayur-Sayuran,bawang putih 1 kg,Jawa Timur,Surabaya,2422930
01-03-2022,PHI Mini Market - Surabaya 01,Natali Menawan,W,Sayur-Sayuran,buncis 1 kg,Jawa Timur,Surabaya,3902520
01-03-2022,PHI Mini Market - Surabaya 01,Natali Menawan,W,Sayur-Sayuran,kacang hijau 1 kg,Jawa Timur,Surabaya,4359600
01-03-2022,PHI Mini Market - Surabaya 01,Natali Menawan,W,Sayur-Sayuran,kacang panjang 1 kg,Jawa Timur,Surabaya,6197570
01-03-2022,PHI Mini Market - Surabaya 01,Natali Menawan,W,Sayur-Sayuran,kentang 1 kg,Jawa Timur,Surabaya,5365340
01-03-2022,PHI Mini Market - Surabaya 01,Natali Menawan,W,Sayur-Sayuran,ketimun 1 kg,Jawa Timur,Surabaya,3193230
01-03-2022,PHI Mini Market - Surabaya 01,Natali Menawan,W,Sayur-Sayuran,kobis 1 kg,Jawa Timur,Surabaya,737070
01-03-2022,PHI Mini Market - Surabaya 01,Natali Menawan,W,Sayur-Sayuran,tomat 1 kg,Jawa Timur,Surabaya,3290030
01-03-2022,PHI Mini Market - Surabaya 01,Natali Menawan,W,Sayur-Sayuran,ubi jalar 1 kg,Jawa Timur,Surabaya,1094450
01-03-2022,PHI Mini Market - Surabaya 01,Natali Menawan,W,Sayur-Sayuran,ubi kayu basah 1 kg,Jawa Timur,Surabaya,576540
01-03-2022,PHI Mini Market - Surabaya 01,Natali Menawan,W,Sayur-Sayuran,wortel 1 kg,Jawa Timur,Surabaya,2336380
01-04-2022,PHI Mini Market - Jakarta Pusat 01,Agung Alexander,P,Buah,alpukat 1 kg,DKI Jakarta,Jakarta Pusat,1983010
01-04-2022,PHI Mini Market - Jakarta Pusat 01,Agung Alexander,P,Buah,apel 1 kg,DKI Jakarta,Jakarta Pusat,14751710
01-04-2022,PHI Mini Market - Jakarta Pusat 01,Agung Alexander,P,Buah,belimbing 1 kg,DKI Jakarta,Jakarta Pusat,1208590
01-04-2022,PHI Mini Market - Jakarta Pusat 01,Agung Alexander,P,Buah,durian 1 kg,DKI Jakarta,Jakarta Pusat,4645480
01-04-2022,PHI Mini Market - Jakarta Pusat 01,Agung Alexander,P,Buah,jeruk 1 kg,DKI Jakarta,Jakarta Pusat,2465970
01-04-2022,PHI Mini Market - Jakarta Pusat 01,Agung Alexander,P,Buah,kelapa muda,DKI Jakarta,Jakarta Pusat,1185840
01-04-2022,PHI Mini Market - Jakarta Pusat 01,Agung Alexander,P,Makanan & Minuman,air mineral 600 ml,DKI Jakarta,Jakarta Pusat,330930
01-04-2022,PHI Mini Market - Jakarta Pusat 01,Agung Alexander,P,Makanan & Minuman,bumbu fried chicken,DKI Jakarta,Jakarta Pusat,4542610
01-04-2022,PHI Mini Market - Jakarta Pusat 01,Agung Alexander,P,Makanan & Minuman,jus kesehatan 600 ml,DKI Jakarta,Jakarta Pusat,3191440
01-04-2022,PHI Mini Market - Jakarta Pusat 01,Agung Alexander,P,Makanan & Minuman,kacang goreng 1 kg,DKI Jakarta,Jakarta Pusat,5037330
01-04-2022,PHI Mini Market - Jakarta Pusat 01,Agung Alexander,P,Makanan & Minuman,kacang mete 1 kg,DKI Jakarta,Jakarta Pusat,20372160
01-04-2022,PHI Mini Market - Jakarta Pusat 01,Agung Alexander,P,Makanan & Minuman,markisa 600 ml,DKI Jakarta,Jakarta Pusat,4392640
01-04-2022,PHI Mini Market - Jakarta Pusat 01,Agung Alexander,P,Makanan & Minuman,mie instant 1 kotak (40 bungkus),DKI Jakarta,Jakarta Pusat,28549020
01-04-2022,PHI Mini Market - Jakarta Pusat 01,Agung Alexander,P,Makanan & Minuman,minuman probiotik,DKI Jakarta,Jakarta Pusat,222120
01-04-2022,PHI Mini Market - Jakarta Pusat 01,Agung Alexander,P,Makanan & Minuman,nasi goreng instant (1 ons),DKI Jakarta,Jakarta Pusat,1727800
01-04-2022,PHI Mini Market - Jakarta Pusat 01,Agung Alexander,P,Makanan & Minuman,snack gurih 1 ons,DKI Jakarta,Jakarta Pusat,1318450
01-04-2022,PHI Mini Market - Jakarta Pusat 01,Agung Alexander,P,Makanan & Minuman,susu kotak (800 ml),DKI Jakarta,Jakarta Pusat,4422300
01-04-2022,PHI Mini Market - Jakarta Pusat 01,Agung Alexander,P,Makanan & Minuman,susu kotak 1 l,DKI Jakarta,Jakarta Pusat,3555610
01-04-2022,PHI Mini Market - Jakarta Pusat 01,Agung Alexander,P,Makanan & Minuman,telur ayam kampung 1 kg,DKI Jakarta,Jakarta Pusat,6234330
01-04-2022,PHI Mini Market - Jakarta Pusat 01,Agung Alexander,P,Makanan & Minuman,telur ayam ras 1 kg,DKI Jakarta,Jakarta Pusat,4102150
01-04-2022,PHI Mini Market - Jakarta Pusat 01,Agung Alexander,P,Sayur-Sayuran,bawang merah 1 kg,DKI Jakarta,Jakarta Pusat,3809740
01-04-2022,PHI Mini Market - Jakarta Pusat 01,Agung Alexander,P,Sayur-Sayuran,bawang putih 1 kg,DKI Jakarta,Jakarta Pusat,1749990
01-04-2022,PHI Mini Market - Jakarta Pusat 01,Agung Alexander,P,Sayur-Sayuran,buncis 1 kg,DKI Jakarta,Jakarta Pusat,1956590
01-04-2022,PHI Mini Market - Jakarta Pusat 01,Agung Alexander,P,Sayur-Sayuran,kacang hijau 1 kg,DKI Jakarta,Jakarta Pusat,2866650
01-04-2022,PHI Mini Market - Jakarta Pusat 01,Agung Alexander,P,Sayur-Sayuran,kacang panjang 1 kg,DKI Jakarta,Jakarta Pusat,2010530
01-04-2022,PHI Mini Market - Jakarta Pusat 01,Agung Alexander,P,Sayur-Sayuran,kentang 1 kg,DKI Jakarta,Jakarta Pusat,2708260
01-04-2022,PHI Mini Market - Jakarta Pusat 01,Agung Alexander,P,Sayur-Sayuran,ketimun 1 kg,DKI Jakarta,Jakarta Pusat,1513850
01-04-2022,PHI Mini Market - Jakarta Pusat 01,Agung Alexander,P,Sayur-Sayuran,kobis 1 kg,DKI Jakarta,Jakarta Pusat,278830
01-04-2022,PHI Mini Market - Jakarta Pusat 01,Agung Alexander,P,Sayur-Sayuran,tomat 1 kg,DKI Jakarta,Jakarta Pusat,1809400
01-04-2022,PHI Mini Market - Jakarta Pusat 01,Agung Alexander,P,Sayur-Sayuran,ubi jalar 1 kg,DKI Jakarta,Jakarta Pusat,476740
01-04-2022,PHI Mini Market - Jakarta Pusat 01,Agung Alexander,P,Sayur-Sayuran,ubi kayu basah 1 kg,DKI Jakarta,Jakarta Pusat,251180
01-04-2022,PHI Mini Market - Jakarta Pusat 01,Agung Alexander,P,Sayur-Sayuran,wortel 1 kg,DKI Jakarta,Jakarta Pusat,1310210
01-04-2022,PHI Mini Market - Jakarta Pusat 01,Budiwati Ramah,W,Buah,alpukat 1 kg,DKI Jakarta,Jakarta Pusat,2299390
01-04-2022,PHI Mini Market - Jakarta Pusat 01,Budiwati Ramah,W,Buah,apel 1 kg,DKI Jakarta,Jakarta Pusat,13438790
01-04-2022,PHI Mini Market - Jakarta Pusat 01,Budiwati Ramah,W,Buah,belimbing 1 kg,DKI Jakarta,Jakarta Pusat,1330720
01-04-2022,PHI Mini Market - Jakarta Pusat 01,Budiwati Ramah,W,Buah,durian 1 kg,DKI Jakarta,Jakarta Pusat,6081970
01-04-2022,PHI Mini Market - Jakarta Pusat 01,Budiwati Ramah,W,Buah,jeruk 1 kg,DKI Jakarta,Jakarta Pusat,3745730
01-04-2022,PHI Mini Market - Jakarta Pusat 01,Budiwati Ramah,W,Buah,kelapa muda,DKI Jakarta,Jakarta Pusat,2591220
01-04-2022,PHI Mini Market - Jakarta Pusat 01,Budiwati Ramah,W,Buah,mangga 1 kg,DKI Jakarta,Jakarta Pusat,4458420
01-04-2022,PHI Mini Market - Jakarta Pusat 01,Budiwati Ramah,W,Makanan & Minuman,air mineral 600 ml,DKI Jakarta,Jakarta Pusat,375370
01-04-2022,PHI Mini Market - Jakarta Pusat 01,Budiwati Ramah,W,Makanan & Minuman,bumbu fried chicken,DKI Jakarta,Jakarta Pusat,3805950
01-04-2022,PHI Mini Market - Jakarta Pusat 01,Budiwati Ramah,W,Makanan & Minuman,jus kesehatan 600 ml,DKI Jakarta,Jakarta Pusat,2316970
01-04-2022,PHI Mini Market - Jakarta Pusat 01,Budiwati Ramah,W,Makanan & Minuman,kacang goreng 1 kg,DKI Jakarta,Jakarta Pusat,3201620
01-04-2022,PHI Mini Market - Jakarta Pusat 01,Budiwati Ramah,W,Makanan & Minuman,kacang mete 1 kg,DKI Jakarta,Jakarta Pusat,24463930
01-04-2022,PHI Mini Market - Jakarta Pusat 01,Budiwati Ramah,W,Makanan & Minuman,markisa 600 ml,DKI Jakarta,Jakarta Pusat,5214370
01-04-2022,PHI Mini Market - Jakarta Pusat 01,Budiwati Ramah,W,Makanan & Minuman,mie instant 1 kotak (40 bungkus),DKI Jakarta,Jakarta Pusat,25459800
01-04-2022,PHI Mini Market - Jakarta Pusat 01,Budiwati Ramah,W,Makanan & Minuman,minuman probiotik,DKI Jakarta,Jakarta Pusat,328150
01-04-2022,PHI Mini Market - Jakarta Pusat 01,Budiwati Ramah,W,Makanan & Minuman,nasi goreng instant (1 ons),DKI Jakarta,Jakarta Pusat,1906430
01-04-2022,PHI Mini Market - Jakarta Pusat 01,Budiwati Ramah,W,Makanan & Minuman,snack gurih 1 ons,DKI Jakarta,Jakarta Pusat,1673400
01-04-2022,PHI Mini Market - Jakarta Pusat 01,Budiwati Ramah,W,Makanan & Minuman,susu kotak (800 ml),DKI Jakarta,Jakarta Pusat,4285520
01-04-2022,PHI Mini Market - Jakarta Pusat 01,Budiwati Ramah,W,Makanan & Minuman,susu kotak 1 l,DKI Jakarta,Jakarta Pusat,3444550
01-04-2022,PHI Mini Market - Jakarta Pusat 01,Budiwati Ramah,W,Makanan & Minuman,telur ayam kampung 1 kg,DKI Jakarta,Jakarta Pusat,5091300
01-04-2022,PHI Mini Market - Jakarta Pusat 01,Budiwati Ramah,W,Makanan & Minuman,telur ayam ras 1 kg,DKI Jakarta,Jakarta Pusat,3707160
01-04-2022,PHI Mini Market - Jakarta Pusat 01,Budiwati Ramah,W,Sayur-Sayuran,bawang merah 1 kg,DKI Jakarta,Jakarta Pusat,3292720
01-04-2022,PHI Mini Market - Jakarta Pusat 01,Budiwati Ramah,W,Sayur-Sayuran,bawang putih 1 kg,DKI Jakarta,Jakarta Pusat,1119420
01-04-2022,PHI Mini Market - Jakarta Pusat 01,Budiwati Ramah,W,Sayur-Sayuran,buncis 1 kg,DKI Jakarta,Jakarta Pusat,1941370
01-04-2022,PHI Mini Market - Jakarta Pusat 01,Budiwati Ramah,W,Sayur-Sayuran,kacang hijau 1 kg,DKI Jakarta,Jakarta Pusat,1990120
01-04-2022,PHI Mini Market - Jakarta Pusat 01,Budiwati Ramah,W,Sayur-Sayuran,kacang panjang 1 kg,DKI Jakarta,Jakarta Pusat,1930760
01-04-2022,PHI Mini Market - Jakarta Pusat 01,Budiwati Ramah,W,Sayur-Sayuran,kentang 1 kg,DKI Jakarta,Jakarta Pusat,2720570
01-04-2022,PHI Mini Market - Jakarta Pusat 01,Budiwati Ramah,W,Sayur-Sayuran,ketimun 1 kg,DKI Jakarta,Jakarta Pusat,1377320
01-04-2022,PHI Mini Market - Jakarta Pusat 01,Budiwati Ramah,W,Sayur-Sayuran,kobis 1 kg,DKI Jakarta,Jakarta Pusat,316100
01-04-2022,PHI Mini Market - Jakarta Pusat 01,Budiwati Ramah,W,Sayur-Sayuran,tomat 1 kg,DKI Jakarta,Jakarta Pusat,1832400
01-04-2022,PHI Mini Market - Jakarta Pusat 01,Budiwati Ramah,W,Sayur-Sayuran,ubi jalar 1 kg,DKI Jakarta,Jakarta Pusat,339160
01-04-2022,PHI Mini Market - Jakarta Pusat 01,Budiwati Ramah,W,Sayur-Sayuran,ubi kayu basah 1 kg,DKI Jakarta,Jakarta Pusat,303160
01-04-2022,PHI Mini Market - Jakarta Pusat 01,Budiwati Ramah,W,Sayur-Sayuran,wortel 1 kg,DKI Jakarta,Jakarta Pusat,678290
01-04-2022,PHI Mini Market - Jakarta Pusat 01,Cahya Terang,W,Buah,alpukat 1 kg,DKI Jakarta,Jakarta Pusat,2038590
01-04-2022,PHI Mini Market - Jakarta Pusat 01,Cahya Terang,W,Buah,apel 1 kg,DKI Jakarta,Jakarta Pusat,16137160
01-04-2022,PHI Mini Market - Jakarta Pusat 01,Cahya Terang,W,Buah,belimbing 1 kg,DKI Jakarta,Jakarta Pusat,1222560
01-04-2022,PHI Mini Market - Jakarta Pusat 01,Cahya Terang,W,Buah,durian 1 kg,DKI Jakarta,Jakarta Pusat,7166100
01-04-2022,PHI Mini Market - Jakarta Pusat 01,Cahya Terang,W,Buah,jeruk 1 kg,DKI Jakarta,Jakarta Pusat,5963670
01-04-2022,PHI Mini Market - Jakarta Pusat 01,Cahya Terang,W,Buah,kelapa muda,DKI Jakarta,Jakarta Pusat,2014130
01-04-2022,PHI Mini Market - Jakarta Pusat 01,Cahya Terang,W,Makanan & Minuman,air mineral 600 ml,DKI Jakarta,Jakarta Pusat,389950
01-04-2022,PHI Mini Market - Jakarta Pusat 01,Cahya Terang,W,Makanan & Minuman,bumbu fried chicken,DKI Jakarta,Jakarta Pusat,5418230
01-04-2022,PHI Mini Market - Jakarta Pusat 01,Cahya Terang,W,Makanan & Minuman,jus kesehatan 600 ml,DKI Jakarta,Jakarta Pusat,3517070
01-04-2022,PHI Mini Market - Jakarta Pusat 01,Cahya Terang,W,Makanan & Minuman,kacang goreng 1 kg,DKI Jakarta,Jakarta Pusat,2977030
01-04-2022,PHI Mini Market - Jakarta Pusat 01,Cahya Terang,W,Makanan & Minuman,kacang mete 1 kg,DKI Jakarta,Jakarta Pusat,19164650
01-04-2022,PHI Mini Market - Jakarta Pusat 01,Cahya Terang,W,Makanan & Minuman,markisa 600 ml,DKI Jakarta,Jakarta Pusat,3997600
01-04-2022,PHI Mini Market - Jakarta Pusat 01,Cahya Terang,W,Makanan & Minuman,mie instant 1 kotak (40 bungkus),DKI Jakarta,Jakarta Pusat,27568800
01-04-2022,PHI Mini Market - Jakarta Pusat 01,Cahya Terang,W,Makanan & Minuman,minuman probiotik,DKI Jakarta,Jakarta Pusat,340520
01-04-2022,PHI Mini Market - Jakarta Pusat 01,Cahya Terang,W,Makanan & Minuman,nasi goreng instant (1 ons),DKI Jakarta,Jakarta Pusat,1826020
01-04-2022,PHI Mini Market - Jakarta Pusat 01,Cahya Terang,W,Makanan & Minuman,snack gurih 1 ons,DKI Jakarta,Jakarta Pusat,1808600
01-04-2022,PHI Mini Market - Jakarta Pusat 01,Cahya Terang,W,Makanan & Minuman,susu kotak (800 ml),DKI Jakarta,Jakarta Pusat,4839080
01-04-2022,PHI Mini Market - Jakarta Pusat 01,Cahya Terang,W,Makanan & Minuman,susu kotak 1 l,DKI Jakarta,Jakarta Pusat,4265420
01-04-2022,PHI Mini Market - Jakarta Pusat 01,Cahya Terang,W,Makanan & Minuman,telur ayam kampung 1 kg,DKI Jakarta,Jakarta Pusat,4525900
01-04-2022,PHI Mini Market - Jakarta Pusat 01,Cahya Terang,W,Makanan & Minuman,telur ayam ras 1 kg,DKI Jakarta,Jakarta Pusat,4466730
01-04-2022,PHI Mini Market - Jakarta Pusat 01,Cahya Terang,W,Sayur-Sayuran,bawang merah 1 kg,DKI Jakarta,Jakarta Pusat,3266740
01-04-2022,PHI Mini Market - Jakarta Pusat 01,Cahya Terang,W,Sayur-Sayuran,bawang putih 1 kg,DKI Jakarta,Jakarta Pusat,988990
01-04-2022,PHI Mini Market - Jakarta Pusat 01,Cahya Terang,W,Sayur-Sayuran,buncis 1 kg,DKI Jakarta,Jakarta Pusat,1829590
01-04-2022,PHI Mini Market - Jakarta Pusat 01,Cahya Terang,W,Sayur-Sayuran,kacang hijau 1 kg,DKI Jakarta,Jakarta Pusat,1836030
01-04-2022,PHI Mini Market - Jakarta Pusat 01,Cahya Terang,W,Sayur-Sayuran,kacang panjang 1 kg,DKI Jakarta,Jakarta Pusat,2285590
01-04-2022,PHI Mini Market - Jakarta Pusat 01,Cahya Terang,W,Sayur-Sayuran,kentang 1 kg,DKI Jakarta,Jakarta Pusat,2960960
01-04-2022,PHI Mini Market - Jakarta Pusat 01,Cahya Terang,W,Sayur-Sayuran,ketimun 1 kg,DKI Jakarta,Jakarta Pusat,1396210
01-04-2022,PHI Mini Market - Jakarta Pusat 01,Cahya Terang,W,Sayur-Sayuran,kobis 1 kg,DKI Jakarta,Jakarta Pusat,306380
01-04-2022,PHI Mini Market - Jakarta Pusat 01,Cahya Terang,W,Sayur-Sayuran,tomat 1 kg,DKI Jakarta,Jakarta Pusat,1235850
01-04-2022,PHI Mini Market - Jakarta Pusat 01,Cahya Terang,W,Sayur-Sayuran,ubi jalar 1 kg,DKI Jakarta,Jakarta Pusat,327680
01-04-2022,PHI Mini Market - Jakarta Pusat 01,Cahya Terang,W,Sayur-Sayuran,ubi kayu basah 1 kg,DKI Jakarta,Jakarta Pusat,288250
01-04-2022,PHI Mini Market - Jakarta Pusat 01,Cahya Terang,W,Sayur-Sayuran,wortel 1 kg,DKI Jakarta,Jakarta Pusat,891420
01-04-2022,PHI Mini Market - Jakarta Pusat 01,Eko Rukun,P,Buah,alpukat 1 kg,DKI Jakarta,Jakarta Pusat,2011730
01-04-2022,PHI Mini Market - Jakarta Pusat 01,Eko Rukun,P,Buah,apel 1 kg,DKI Jakarta,Jakarta Pusat,20459160
01-04-2022,PHI Mini Market - Jakarta Pusat 01,Eko Rukun,P,Buah,belimbing 1 kg,DKI Jakarta,Jakarta Pusat,1176210
01-04-2022,PHI Mini Market - Jakarta Pusat 01,Eko Rukun,P,Buah,durian 1 kg,DKI Jakarta,Jakarta Pusat,9727110
01-04-2022,PHI Mini Market - Jakarta Pusat 01,Eko Rukun,P,Buah,jeruk 1 kg,DKI Jakarta,Jakarta Pusat,4203370
01-04-2022,PHI Mini Market - Jakarta Pusat 01,Eko Rukun,P,Buah,kelapa muda,DKI Jakarta,Jakarta Pusat,1908340
01-04-2022,PHI Mini Market - Jakarta Pusat 01,Eko Rukun,P,Buah,mangga 1 kg,DKI Jakarta,Jakarta Pusat,5678380
01-04-2022,PHI Mini Market - Jakarta Pusat 01,Eko Rukun,P,Makanan & Minuman,air mineral 600 ml,DKI Jakarta,Jakarta Pusat,398680
01-04-2022,PHI Mini Market - Jakarta Pusat 01,Eko Rukun,P,Makanan & Minuman,bumbu fried chicken,DKI Jakarta,Jakarta Pusat,5408050
01-04-2022,PHI Mini Market - Jakarta Pusat 01,Eko Rukun,P,Makanan & Minuman,jus kesehatan 600 ml,DKI Jakarta,Jakarta Pusat,3446310
01-04-2022,PHI Mini Market - Jakarta Pusat 01,Eko Rukun,P,Makanan & Minuman,kacang goreng 1 kg,DKI Jakarta,Jakarta Pusat,2404610
01-04-2022,PHI Mini Market - Jakarta Pusat 01,Eko Rukun,P,Makanan & Minuman,kacang mete 1 kg,DKI Jakarta,Jakarta Pusat,18667490
01-04-2022,PHI Mini Market - Jakarta Pusat 01,Eko Rukun,P,Makanan & Minuman,markisa 600 ml,DKI Jakarta,Jakarta Pusat,5209680
01-04-2022,PHI Mini Market - Jakarta Pusat 01,Eko Rukun,P,Makanan & Minuman,mie instant 1 kotak (40 bungkus),DKI Jakarta,Jakarta Pusat,28070690
01-04-2022,PHI Mini Market - Jakarta Pusat 01,Eko Rukun,P,Makanan & Minuman,minuman probiotik,DKI Jakarta,Jakarta Pusat,342470
01-04-2022,PHI Mini Market - Jakarta Pusat 01,Eko Rukun,P,Makanan & Minuman,nasi goreng instant (1 ons),DKI Jakarta,Jakarta Pusat,2085250
01-04-2022,PHI Mini Market - Jakarta Pusat 01,Eko Rukun,P,Makanan & Minuman,snack gurih 1 ons,DKI Jakarta,Jakarta Pusat,1346230
01-04-2022,PHI Mini Market - Jakarta Pusat 01,Eko Rukun,P,Makanan & Minuman,susu kotak (800 ml),DKI Jakarta,Jakarta Pusat,3255620
01-04-2022,PHI Mini Market - Jakarta Pusat 01,Eko Rukun,P,Makanan & Minuman,susu kotak 1 l,DKI Jakarta,Jakarta Pusat,3507530
01-04-2022,PHI Mini Market - Jakarta Pusat 01,Eko Rukun,P,Makanan & Minuman,telur ayam kampung 1 kg,DKI Jakarta,Jakarta Pusat,5957400
01-04-2022,PHI Mini Market - Jakarta Pusat 01,Eko Rukun,P,Makanan & Minuman,telur ayam ras 1 kg,DKI Jakarta,Jakarta Pusat,2694060
01-04-2022,PHI Mini Market - Jakarta Pusat 01,Eko Rukun,P,Sayur-Sayuran,bawang merah 1 kg,DKI Jakarta,Jakarta Pusat,3993200
01-04-2022,PHI Mini Market - Jakarta Pusat 01,Eko Rukun,P,Sayur-Sayuran,bawang putih 1 kg,DKI Jakarta,Jakarta Pusat,1912800
01-04-2022,PHI Mini Market - Jakarta Pusat 01,Eko Rukun,P,Sayur-Sayuran,buncis 1 kg,DKI Jakarta,Jakarta Pusat,2644540
01-04-2022,PHI Mini Market - Jakarta Pusat 01,Eko Rukun,P,Sayur-Sayuran,kacang hijau 1 kg,DKI Jakarta,Jakarta Pusat,2377130
01-04-2022,PHI Mini Market - Jakarta Pusat 01,Eko Rukun,P,Sayur-Sayuran,kacang panjang 1 kg,DKI Jakarta,Jakarta Pusat,2366600
01-04-2022,PHI Mini Market - Jakarta Pusat 01,Eko Rukun,P,Sayur-Sayuran,kentang 1 kg,DKI Jakarta,Jakarta Pusat,2935720
01-04-2022,PHI Mini Market - Jakarta Pusat 01,Eko Rukun,P,Sayur-Sayuran,ketimun 1 kg,DKI Jakarta,Jakarta Pusat,1456940
01-04-2022,PHI Mini Market - Jakarta Pusat 01,Eko Rukun,P,Sayur-Sayuran,kobis 1 kg,DKI Jakarta,Jakarta Pusat,331330
01-04-2022,PHI Mini Market - Jakarta Pusat 01,Eko Rukun,P,Sayur-Sayuran,tomat 1 kg,DKI Jakarta,Jakarta Pusat,774440
01-04-2022,PHI Mini Market - Jakarta Pusat 01,Eko Rukun,P,Sayur-Sayuran,ubi jalar 1 kg,DKI Jakarta,Jakarta Pusat,396510
01-04-2022,PHI Mini Market - Jakarta Pusat 01,Eko Rukun,P,Sayur-Sayuran,ubi kayu basah 1 kg,DKI Jakarta,Jakarta Pusat,385990
01-04-2022,PHI Mini Market - Jakarta Pusat 01,Eko Rukun,P,Sayur-Sayuran,wortel 1 kg,DKI Jakarta,Jakarta Pusat,1289820
01-04-2022,PHI Mini Market - Jakarta Pusat 01,Eria Setiawan,W,Buah,alpukat 1 kg,DKI Jakarta,Jakarta Pusat,1931270
01-04-2022,PHI Mini Market - Jakarta Pusat 01,Eria Setiawan,W,Buah,apel 1 kg,DKI Jakarta,Jakarta Pusat,12329170
01-04-2022,PHI Mini Market - Jakarta Pusat 01,Eria Setiawan,W,Buah,belimbing 1 kg,DKI Jakarta,Jakarta Pusat,996940
01-04-2022,PHI Mini Market - Jakarta Pusat 01,Eria Setiawan,W,Buah,durian 1 kg,DKI Jakarta,Jakarta Pusat,6749420
01-04-2022,PHI Mini Market - Jakarta Pusat 01,Eria Setiawan,W,Buah,jeruk 1 kg,DKI Jakarta,Jakarta Pusat,3795130
01-04-2022,PHI Mini Market - Jakarta Pusat 01,Eria Setiawan,W,Buah,kelapa muda,DKI Jakarta,Jakarta Pusat,2201390
01-04-2022,PHI Mini Market - Jakarta Pusat 01,Eria Setiawan,W,Buah,mangga 1 kg,DKI Jakarta,Jakarta Pusat,3785520
01-04-2022,PHI Mini Market - Jakarta Pusat 01,Eria Setiawan,W,Makanan & Minuman,air mineral 600 ml,DKI Jakarta,Jakarta Pusat,488930
01-04-2022,PHI Mini Market - Jakarta Pusat 01,Eria Setiawan,W,Makanan & Minuman,bumbu fried chicken,DKI Jakarta,Jakarta Pusat,5791770
01-04-2022,PHI Mini Market - Jakarta Pusat 01,Eria Setiawan,W,Makanan & Minuman,jus kesehatan 600 ml,DKI Jakarta,Jakarta Pusat,2411950
01-04-2022,PHI Mini Market - Jakarta Pusat 01,Eria Setiawan,W,Makanan & Minuman,kacang goreng 1 kg,DKI Jakarta,Jakarta Pusat,3001090
01-04-2022,PHI Mini Market - Jakarta Pusat 01,Eria Setiawan,W,Makanan & Minuman,kacang mete 1 kg,DKI Jakarta,Jakarta Pusat,21042460
01-04-2022,PHI Mini Market - Jakarta Pusat 01,Eria Setiawan,W,Makanan & Minuman,markisa 600 ml,DKI Jakarta,Jakarta Pusat,5033170
01-04-2022,PHI Mini Market - Jakarta Pusat 01,Eria Setiawan,W,Makanan & Minuman,mie instant 1 kotak (40 bungkus),DKI Jakarta,Jakarta Pusat,28800940
01-04-2022,PHI Mini Market - Jakarta Pusat 01,Eria Setiawan,W,Makanan & Minuman,minuman probiotik,DKI Jakarta,Jakarta Pusat,290950
01-04-2022,PHI Mini Market - Jakarta Pusat 01,Eria Setiawan,W,Makanan & Minuman,nasi goreng instant (1 ons),DKI Jakarta,Jakarta Pusat,2255670
01-04-2022,PHI Mini Market - Jakarta Pusat 01,Eria Setiawan,W,Makanan & Minuman,snack gurih 1 ons,DKI Jakarta,Jakarta Pusat,1550740
01-04-2022,PHI Mini Market - Jakarta Pusat 01,Eria Setiawan,W,Makanan & Minuman,susu kotak (800 ml),DKI Jakarta,Jakarta Pusat,4796990
01-04-2022,PHI Mini Market - Jakarta Pusat 01,Eria Setiawan,W,Makanan & Minuman,susu kotak 1 l,DKI Jakarta,Jakarta Pusat,3993640
01-04-2022,PHI Mini Market - Jakarta Pusat 01,Eria Setiawan,W,Makanan & Minuman,telur ayam kampung 1 kg,DKI Jakarta,Jakarta Pusat,7224450
01-04-2022,PHI Mini Market - Jakarta Pusat 01,Eria Setiawan,W,Makanan & Minuman,telur ayam ras 1 kg,DKI Jakarta,Jakarta Pusat,2880640
01-04-2022,PHI Mini Market - Jakarta Pusat 01,Eria Setiawan,W,Sayur-Sayuran,bawang merah 1 kg,DKI Jakarta,Jakarta Pusat,2522600
01-04-2022,PHI Mini Market - Jakarta Pusat 01,Eria Setiawan,W,Sayur-Sayuran,bawang putih 1 kg,DKI Jakarta,Jakarta Pusat,1292810
01-04-2022,PHI Mini Market - Jakarta Pusat 01,Eria Setiawan,W,Sayur-Sayuran,buncis 1 kg,DKI Jakarta,Jakarta Pusat,1707930
01-04-2022,PHI Mini Market - Jakarta Pusat 01,Eria Setiawan,W,Sayur-Sayuran,kacang hijau 1 kg,DKI Jakarta,Jakarta Pusat,2740180
01-04-2022,PHI Mini Market - Jakarta Pusat 01,Eria Setiawan,W,Sayur-Sayuran,kacang panjang 1 kg,DKI Jakarta,Jakarta Pusat,2525910
01-04-2022,PHI Mini Market - Jakarta Pusat 01,Eria Setiawan,W,Sayur-Sayuran,kentang 1 kg,DKI Jakarta,Jakarta Pusat,2982460
01-04-2022,PHI Mini Market - Jakarta Pusat 01,Eria Setiawan,W,Sayur-Sayuran,ketimun 1 kg,DKI Jakarta,Jakarta Pusat,1472400
01-04-2022,PHI Mini Market - Jakarta Pusat 01,Eria Setiawan,W,Sayur-Sayuran,kobis 1 kg,DKI Jakarta,Jakarta Pusat,389060
01-04-2022,PHI Mini Market - Jakarta Pusat 01,Eria Setiawan,W,Sayur-Sayuran,tomat 1 kg,DKI Jakarta,Jakarta Pusat,1769180
01-04-2022,PHI Mini Market - Jakarta Pusat 01,Eria Setiawan,W,Sayur-Sayuran,ubi jalar 1 kg,DKI Jakarta,Jakarta Pusat,373620
01-04-2022,PHI Mini Market - Jakarta Pusat 01,Eria Setiawan,W,Sayur-Sayuran,ubi kayu basah 1 kg,DKI Jakarta,Jakarta Pusat,392820
01-04-2022,PHI Mini Market - Jakarta Pusat 01,Eria Setiawan,W,Sayur-Sayuran,wortel 1 kg,DKI Jakarta,Jakarta Pusat,887480
01-04-2022,PHI Mini Market - Jakarta Pusat 01,Erman Margo,P,Buah,alpukat 1 kg,DKI Jakarta,Jakarta Pusat,1808790
01-04-2022,PHI Mini Market - Jakarta Pusat 01,Erman Margo,P,Buah,apel 1 kg,DKI Jakarta,Jakarta Pusat,9594850
01-04-2022,PHI Mini Market - Jakarta Pusat 01,Erman Margo,P,Buah,belimbing 1 kg,DKI Jakarta,Jakarta Pusat,1046360
01-04-2022,PHI Mini Market - Jakarta Pusat 01,Erman Margo,P,Buah,durian 1 kg,DKI Jakarta,Jakarta Pusat,6535390
01-04-2022,PHI Mini Market - Jakarta Pusat 01,Erman Margo,P,Buah,jeruk 1 kg,DKI Jakarta,Jakarta Pusat,3569650
01-04-2022,PHI Mini Market - Jakarta Pusat 01,Erman Margo,P,Buah,kelapa muda,DKI Jakarta,Jakarta Pusat,1601320
01-04-2022,PHI Mini Market - Jakarta Pusat 01,Erman Margo,P,Buah,mangga 1 kg,DKI Jakarta,Jakarta Pusat,4061640
01-04-2022,PHI Mini Market - Jakarta Pusat 01,Erman Margo,P,Makanan & Minuman,air mineral 600 ml,DKI Jakarta,Jakarta Pusat,294760
01-04-2022,PHI Mini Market - Jakarta Pusat 01,Erman Margo,P,Makanan & Minuman,bumbu fried chicken,DKI Jakarta,Jakarta Pusat,5651130
01-04-2022,PHI Mini Market - Jakarta Pusat 01,Erman Margo,P,Makanan & Minuman,jus kesehatan 600 ml,DKI Jakarta,Jakarta Pusat,2531550
01-04-2022,PHI Mini Market - Jakarta Pusat 01,Erman Margo,P,Makanan & Minuman,kacang goreng 1 kg,DKI Jakarta,Jakarta Pusat,3269640
01-04-2022,PHI Mini Market - Jakarta Pusat 01,Erman Margo,P,Makanan & Minuman,kacang mete 1 kg,DKI Jakarta,Jakarta Pusat,29865010
01-04-2022,PHI Mini Market - Jakarta Pusat 01,Erman Margo,P,Makanan & Minuman,markisa 600 ml,DKI Jakarta,Jakarta Pusat,3498950
01-04-2022,PHI Mini Market - Jakarta Pusat 01,Erman Margo,P,Makanan & Minuman,mie instant 1 kotak (40 bungkus),DKI Jakarta,Jakarta Pusat,33681090
01-04-2022,PHI Mini Market - Jakarta Pusat 01,Erman Margo,P,Makanan & Minuman,minuman probiotik,DKI Jakarta,Jakarta Pusat,227850
01-04-2022,PHI Mini Market - Jakarta Pusat 01,Erman Margo,P,Makanan & Minuman,nasi goreng instant (1 ons),DKI Jakarta,Jakarta Pusat,1848180
01-04-2022,PHI Mini Market - Jakarta Pusat 01,Erman Margo,P,Makanan & Minuman,snack gurih 1 ons,DKI Jakarta,Jakarta Pusat,1932000
01-04-2022,PHI Mini Market - Jakarta Pusat 01,Erman Margo,P,Makanan & Minuman,susu kotak (800 ml),DKI Jakarta,Jakarta Pusat,4242230
01-04-2022,PHI Mini Market - Jakarta Pusat 01,Erman Margo,P,Makanan & Minuman,susu kotak 1 l,DKI Jakarta,Jakarta Pusat,3136730
01-04-2022,PHI Mini Market - Jakarta Pusat 01,Erman Margo,P,Makanan & Minuman,telur ayam kampung 1 kg,DKI Jakarta,Jakarta Pusat,5131230
01-04-2022,PHI Mini Market - Jakarta Pusat 01,Erman Margo,P,Makanan & Minuman,telur ayam ras 1 kg,DKI Jakarta,Jakarta Pusat,2079310
01-04-2022,PHI Mini Market - Jakarta Pusat 01,Erman Margo,P,Sayur-Sayuran,bawang merah 1 kg,DKI Jakarta,Jakarta Pusat,3304910
01-04-2022,PHI Mini Market - Jakarta Pusat 01,Erman Margo,P,Sayur-Sayuran,bawang putih 1 kg,DKI Jakarta,Jakarta Pusat,1360160
01-04-2022,PHI Mini Market - Jakarta Pusat 01,Erman Margo,P,Sayur-Sayuran,buncis 1 kg,DKI Jakarta,Jakarta Pusat,1710040
01-04-2022,PHI Mini Market - Jakarta Pusat 01,Erman Margo,P,Sayur-Sayuran,kacang hijau 1 kg,DKI Jakarta,Jakarta Pusat,2355680
01-04-2022,PHI Mini Market - Jakarta Pusat 01,Erman Margo,P,Sayur-Sayuran,kacang panjang 1 kg,DKI Jakarta,Jakarta Pusat,2101370
01-04-2022,PHI Mini Market - Jakarta Pusat 01,Erman Margo,P,Sayur-Sayuran,kentang 1 kg,DKI Jakarta,Jakarta Pusat,2609850
01-04-2022,PHI Mini Market - Jakarta Pusat 01,Erman Margo,P,Sayur-Sayuran,ketimun 1 kg,DKI Jakarta,Jakarta Pusat,1082840
01-04-2022,PHI Mini Market - Jakarta Pusat 01,Erman Margo,P,Sayur-Sayuran,kobis 1 kg,DKI Jakarta,Jakarta Pusat,332520
01-04-2022,PHI Mini Market - Jakarta Pusat 01,Erman Margo,P,Sayur-Sayuran,tomat 1 kg,DKI Jakarta,Jakarta Pusat,1808290
01-04-2022,PHI Mini Market - Jakarta Pusat 01,Erman Margo,P,Sayur-Sayuran,ubi jalar 1 kg,DKI Jakarta,Jakarta Pusat,289420
01-04-2022,PHI Mini Market - Jakarta Pusat 01,Erman Margo,P,Sayur-Sayuran,ubi kayu basah 1 kg,DKI Jakarta,Jakarta Pusat,296140
01-04-2022,PHI Mini Market - Jakarta Pusat 01,Erman Margo,P,Sayur-Sayuran,wortel 1 kg,DKI Jakarta,Jakarta Pusat,1144790
01-04-2022,PHI Mini Market - Jakarta Pusat 01,Harum Maven,W,Buah,alpukat 1 kg,DKI Jakarta,Jakarta Pusat,2272290
01-04-2022,PHI Mini Market - Jakarta Pusat 01,Harum Maven,W,Buah,apel 1 kg,DKI Jakarta,Jakarta Pusat,16915380
01-04-2022,PHI Mini Market - Jakarta Pusat 01,Harum Maven,W,Buah,belimbing 1 kg,DKI Jakarta,Jakarta Pusat,1191410
01-04-2022,PHI Mini Market - Jakarta Pusat 01,Harum Maven,W,Buah,durian 1 kg,DKI Jakarta,Jakarta Pusat,4334330
01-04-2022,PHI Mini Market - Jakarta Pusat 01,Harum Maven,W,Buah,jeruk 1 kg,DKI Jakarta,Jakarta Pusat,3808200
01-04-2022,PHI Mini Market - Jakarta Pusat 01,Harum Maven,W,Buah,kelapa muda,DKI Jakarta,Jakarta Pusat,1155550
01-04-2022,PHI Mini Market - Jakarta Pusat 01,Harum Maven,W,Buah,mangga 1 kg,DKI Jakarta,Jakarta Pusat,5484680
01-04-2022,PHI Mini Market - Jakarta Pusat 01,Harum Maven,W,Makanan & Minuman,air mineral 600 ml,DKI Jakarta,Jakarta Pusat,458590
01-04-2022,PHI Mini Market - Jakarta Pusat 01,Harum Maven,W,Makanan & Minuman,bumbu fried chicken,DKI Jakarta,Jakarta Pusat,4813090
01-04-2022,PHI Mini Market - Jakarta Pusat 01,Harum Maven,W,Makanan & Minuman,jus kesehatan 600 ml,DKI Jakarta,Jakarta Pusat,2749160
01-04-2022,PHI Mini Market - Jakarta Pusat 01,Harum Maven,W,Makanan & Minuman,kacang goreng 1 kg,DKI Jakarta,Jakarta Pusat,2686900
01-04-2022,PHI Mini Market - Jakarta Pusat 01,Harum Maven,W,Makanan & Minuman,kacang mete 1 kg,DKI Jakarta,Jakarta Pusat,21377100
01-04-2022,PHI Mini Market - Jakarta Pusat 01,Harum Maven,W,Makanan & Minuman,markisa 600 ml,DKI Jakarta,Jakarta Pusat,4086910
01-04-2022,PHI Mini Market - Jakarta Pusat 01,Harum Maven,W,Makanan & Minuman,mie instant 1 kotak (40 bungkus),DKI Jakarta,Jakarta Pusat,34944380
01-04-2022,PHI Mini Market - Jakarta Pusat 01,Harum Maven,W,Makanan & Minuman,minuman probiotik,DKI Jakarta,Jakarta Pusat,316960
01-04-2022,PHI Mini Market - Jakarta Pusat 01,Harum Maven,W,Makanan & Minuman,nasi goreng instant (1 ons),DKI Jakarta,Jakarta Pusat,1613220
01-04-2022,PHI Mini Market - Jakarta Pusat 01,Harum Maven,W,Makanan & Minuman,snack gurih 1 ons,DKI Jakarta,Jakarta Pusat,1623950
01-04-2022,PHI Mini Market - Jakarta Pusat 01,Harum Maven,W,Makanan & Minuman,susu kotak (800 ml),DKI Jakarta,Jakarta Pusat,3591300
01-04-2022,PHI Mini Market - Jakarta Pusat 01,Harum Maven,W,Makanan & Minuman,susu kotak 1 l,DKI Jakarta,Jakarta Pusat,3065140
01-04-2022,PHI Mini Market - Jakarta Pusat 01,Harum Maven,W,Makanan & Minuman,telur ayam kampung 1 kg,DKI Jakarta,Jakarta Pusat,2656530
01-04-2022,PHI Mini Market - Jakarta Pusat 01,Harum Maven,W,Makanan & Minuman,telur ayam ras 1 kg,DKI Jakarta,Jakarta Pusat,5160160
01-04-2022,PHI Mini Market - Jakarta Pusat 01,Harum Maven,W,Sayur-Sayuran,bawang merah 1 kg,DKI Jakarta,Jakarta Pusat,4561180
01-04-2022,PHI Mini Market - Jakarta Pusat 01,Harum Maven,W,Sayur-Sayuran,bawang putih 1 kg,DKI Jakarta,Jakarta Pusat,1476020
01-04-2022,PHI Mini Market - Jakarta Pusat 01,Harum Maven,W,Sayur-Sayuran,buncis 1 kg,DKI Jakarta,Jakarta Pusat,1472590
01-04-2022,PHI Mini Market - Jakarta Pusat 01,Harum Maven,W,Sayur-Sayuran,kacang hijau 1 kg,DKI Jakarta,Jakarta Pusat,1997720
01-04-2022,PHI Mini Market - Jakarta Pusat 01,Harum Maven,W,Sayur-Sayuran,kacang panjang 1 kg,DKI Jakarta,Jakarta Pusat,2800200
01-04-2022,PHI Mini Market - Jakarta Pusat 01,Harum Maven,W,Sayur-Sayuran,kentang 1 kg,DKI Jakarta,Jakarta Pusat,2831450
01-04-2022,PHI Mini Market - Jakarta Pusat 01,Harum Maven,W,Sayur-Sayuran,ketimun 1 kg,DKI Jakarta,Jakarta Pusat,1535080
01-04-2022,PHI Mini Market - Jakarta Pusat 01,Harum Maven,W,Sayur-Sayuran,kobis 1 kg,DKI Jakarta,Jakarta Pusat,371530
01-04-2022,PHI Mini Market - Jakarta Pusat 01,Harum Maven,W,Sayur-Sayuran,tomat 1 kg,DKI Jakarta,Jakarta Pusat,1684290
01-04-2022,PHI Mini Market - Jakarta Pusat 01,Harum Maven,W,Sayur-Sayuran,ubi jalar 1 kg,DKI Jakarta,Jakarta Pusat,323970
01-04-2022,PHI Mini Market - Jakarta Pusat 01,Harum Maven,W,Sayur-Sayuran,ubi kayu basah 1 kg,DKI Jakarta,Jakarta Pusat,483280
01-04-2022,PHI Mini Market - Jakarta Pusat 01,Harum Maven,W,Sayur-Sayuran,wortel 1 kg,DKI Jakarta,Jakarta Pusat,842740
01-04-2022,PHI Mini Market - Jakarta Pusat 01,Kristina Damai,W,Buah,alpukat 1 kg,DKI Jakarta,Jakarta Pusat,3269040
01-04-2022,PHI Mini Market - Jakarta Pusat 01,Kristina Damai,W,Buah,apel 1 kg,DKI Jakarta,Jakarta Pusat,12779400
01-04-2022,PHI Mini Market - Jakarta Pusat 01,Kristina Damai,W,Buah,belimbing 1 kg,DKI Jakarta,Jakarta Pusat,1566990
01-04-2022,PHI Mini Market - Jakarta Pusat 01,Kristina Damai,W,Buah,durian 1 kg,DKI Jakarta,Jakarta Pusat,8233900
01-04-2022,PHI Mini Market - Jakarta Pusat 01,Kristina Damai,W,Buah,jeruk 1 kg,DKI Jakarta,Jakarta Pusat,4749780
01-04-2022,PHI Mini Market - Jakarta Pusat 01,Kristina Damai,W,Buah,kelapa muda,DKI Jakarta,Jakarta Pusat,1472090
01-04-2022,PHI Mini Market - Jakarta Pusat 01,Kristina Damai,W,Buah,mangga 1 kg,DKI Jakarta,Jakarta Pusat,5902790
01-04-2022,PHI Mini Market - Jakarta Pusat 01,Kristina Damai,W,Makanan & Minuman,air mineral 600 ml,DKI Jakarta,Jakarta Pusat,337400
01-04-2022,PHI Mini Market - Jakarta Pusat 01,Kristina Damai,W,Makanan & Minuman,bumbu fried chicken,DKI Jakarta,Jakarta Pusat,5281890
01-04-2022,PHI Mini Market - Jakarta Pusat 01,Kristina Damai,W,Makanan & Minuman,jus kesehatan 600 ml,DKI Jakarta,Jakarta Pusat,4007440
01-04-2022,PHI Mini Market - Jakarta Pusat 01,Kristina Damai,W,Makanan & Minuman,kacang goreng 1 kg,DKI Jakarta,Jakarta Pusat,5395500
01-04-2022,PHI Mini Market - Jakarta Pusat 01,Kristina Damai,W,Makanan & Minuman,kacang mete 1 kg,DKI Jakarta,Jakarta Pusat,19533420
01-04-2022,PHI Mini Market - Jakarta Pusat 01,Kristina Damai,W,Makanan & Minuman,markisa 600 ml,DKI Jakarta,Jakarta Pusat,5372950
01-04-2022,PHI Mini Market - Jakarta Pusat 01,Kristina Damai,W,Makanan & Minuman,mie instant 1 kotak (40 bungkus),DKI Jakarta,Jakarta Pusat,25712570
01-04-2022,PHI Mini Market - Jakarta Pusat 01,Kristina Damai,W,Makanan & Minuman,minuman probiotik,DKI Jakarta,Jakarta Pusat,296020
01-04-2022,PHI Mini Market - Jakarta Pusat 01,Kristina Damai,W,Makanan & Minuman,nasi goreng instant (1 ons),DKI Jakarta,Jakarta Pusat,1921460
01-04-2022,PHI Mini Market - Jakarta Pusat 01,Kristina Damai,W,Makanan & Minuman,snack gurih 1 ons,DKI Jakarta,Jakarta Pusat,1736470
01-04-2022,PHI Mini Market - Jakarta Pusat 01,Kristina Damai,W,Makanan & Minuman,susu kotak (800 ml),DKI Jakarta,Jakarta Pusat,5986720
01-04-2022,PHI Mini Market - Jakarta Pusat 01,Kristina Damai,W,Makanan & Minuman,susu kotak 1 l,DKI Jakarta,Jakarta Pusat,1993980
01-04-2022,PHI Mini Market - Jakarta Pusat 01,Kristina Damai,W,Makanan & Minuman,telur ayam kampung 1 kg,DKI Jakarta,Jakarta Pusat,7030900
01-04-2022,PHI Mini Market - Jakarta Pusat 01,Kristina Damai,W,Makanan & Minuman,telur ayam ras 1 kg,DKI Jakarta,Jakarta Pusat,3965300
01-04-2022,PHI Mini Market - Jakarta Pusat 01,Kristina Damai,W,Sayur-Sayuran,bawang merah 1 kg,DKI Jakarta,Jakarta Pusat,4305790
01-04-2022,PHI Mini Market - Jakarta Pusat 01,Kristina Damai,W,Sayur-Sayuran,bawang putih 1 kg,DKI Jakarta,Jakarta Pusat,1089190
01-04-2022,PHI Mini Market - Jakarta Pusat 01,Kristina Damai,W,Sayur-Sayuran,buncis 1 kg,DKI Jakarta,Jakarta Pusat,1615510
01-04-2022,PHI Mini Market - Jakarta Pusat 01,Kristina Damai,W,Sayur-Sayuran,kacang hijau 1 kg,DKI Jakarta,Jakarta Pusat,2415840
01-04-2022,PHI Mini Market - Jakarta Pusat 01,Kristina Damai,W,Sayur-Sayuran,kacang panjang 1 kg,DKI Jakarta,Jakarta Pusat,2617950
01-04-2022,PHI Mini Market - Jakarta Pusat 01,Kristina Damai,W,Sayur-Sayuran,kentang 1 kg,DKI Jakarta,Jakarta Pusat,2845230
01-04-2022,PHI Mini Market - Jakarta Pusat 01,Kristina Damai,W,Sayur-Sayuran,ketimun 1 kg,DKI Jakarta,Jakarta Pusat,1672020
01-04-2022,PHI Mini Market - Jakarta Pusat 01,Kristina Damai,W,Sayur-Sayuran,kobis 1 kg,DKI Jakarta,Jakarta Pusat,423900
01-04-2022,PHI Mini Market - Jakarta Pusat 01,Kristina Damai,W,Sayur-Sayuran,tomat 1 kg,DKI Jakarta,Jakarta Pusat,1609740
01-04-2022,PHI Mini Market - Jakarta Pusat 01,Kristina Damai,W,Sayur-Sayuran,ubi jalar 1 kg,DKI Jakarta,Jakarta Pusat,355940
01-04-2022,PHI Mini Market - Jakarta Pusat 01,Kristina Damai,W,Sayur-Sayuran,ubi kayu basah 1 kg,DKI Jakarta,Jakarta Pusat,258630
01-04-2022,PHI Mini Market - Jakarta Pusat 01,Kristina Damai,W,Sayur-Sayuran,wortel 1 kg,DKI Jakarta,Jakarta Pusat,1091890
01-04-2022,PHI Mini Market - Jakarta Pusat 01,Kusuma Dominik,P,Buah,alpukat 1 kg,DKI Jakarta,Jakarta Pusat,1632570
01-04-2022,PHI Mini Market - Jakarta Pusat 01,Kusuma Dominik,P,Buah,apel 1 kg,DKI Jakarta,Jakarta Pusat,22742180
01-04-2022,PHI Mini Market - Jakarta Pusat 01,Kusuma Dominik,P,Buah,belimbing 1 kg,DKI Jakarta,Jakarta Pusat,990750
01-04-2022,PHI Mini Market - Jakarta Pusat 01,Kusuma Dominik,P,Buah,durian 1 kg,DKI Jakarta,Jakarta Pusat,4326670
01-04-2022,PHI Mini Market - Jakarta Pusat 01,Kusuma Dominik,P,Buah,jeruk 1 kg,DKI Jakarta,Jakarta Pusat,2397530
01-04-2022,PHI Mini Market - Jakarta Pusat 01,Kusuma Dominik,P,Buah,kelapa muda,DKI Jakarta,Jakarta Pusat,2104000
01-04-2022,PHI Mini Market - Jakarta Pusat 01,Kusuma Dominik,P,Makanan & Minuman,air mineral 600 ml,DKI Jakarta,Jakarta Pusat,296320
01-04-2022,PHI Mini Market - Jakarta Pusat 01,Kusuma Dominik,P,Makanan & Minuman,bumbu fried chicken,DKI Jakarta,Jakarta Pusat,5468860
01-04-2022,PHI Mini Market - Jakarta Pusat 01,Kusuma Dominik,P,Makanan & Minuman,jus kesehatan 600 ml,DKI Jakarta,Jakarta Pusat,2378190
01-04-2022,PHI Mini Market - Jakarta Pusat 01,Kusuma Dominik,P,Makanan & Minuman,kacang goreng 1 kg,DKI Jakarta,Jakarta Pusat,3784960
01-04-2022,PHI Mini Market - Jakarta Pusat 01,Kusuma Dominik,P,Makanan & Minuman,kacang mete 1 kg,DKI Jakarta,Jakarta Pusat,28617650
01-04-2022,PHI Mini Market - Jakarta Pusat 01,Kusuma Dominik,P,Makanan & Minuman,markisa 600 ml,DKI Jakarta,Jakarta Pusat,4326870
01-04-2022,PHI Mini Market - Jakarta Pusat 01,Kusuma Dominik,P,Makanan & Minuman,mie instant 1 kotak (40 bungkus),DKI Jakarta,Jakarta Pusat,21875010
01-04-2022,PHI Mini Market - Jakarta Pusat 01,Kusuma Dominik,P,Makanan & Minuman,minuman probiotik,DKI Jakarta,Jakarta Pusat,287930
01-04-2022,PHI Mini Market - Jakarta Pusat 01,Kusuma Dominik,P,Makanan & Minuman,nasi goreng instant (1 ons),DKI Jakarta,Jakarta Pusat,1516270
01-04-2022,PHI Mini Market - Jakarta Pusat 01,Kusuma Dominik,P,Makanan & Minuman,snack gurih 1 ons,DKI Jakarta,Jakarta Pusat,1364910
01-04-2022,PHI Mini Market - Jakarta Pusat 01,Kusuma Dominik,P,Makanan & Minuman,susu kotak (800 ml),DKI Jakarta,Jakarta Pusat,4185910
01-04-2022,PHI Mini Market - Jakarta Pusat 01,Kusuma Dominik,P,Makanan & Minuman,susu kotak 1 l,DKI Jakarta,Jakarta Pusat,4561190
01-04-2022,PHI Mini Market - Jakarta Pusat 01,Kusuma Dominik,P,Makanan & Minuman,telur ayam kampung 1 kg,DKI Jakarta,Jakarta Pusat,5910400
01-04-2022,PHI Mini Market - Jakarta Pusat 01,Kusuma Dominik,P,Makanan & Minuman,telur ayam ras 1 kg,DKI Jakarta,Jakarta Pusat,3699160
01-04-2022,PHI Mini Market - Jakarta Pusat 01,Kusuma Dominik,P,Sayur-Sayuran,bawang merah 1 kg,DKI Jakarta,Jakarta Pusat,2925880
01-04-2022,PHI Mini Market - Jakarta Pusat 01,Kusuma Dominik,P,Sayur-Sayuran,bawang putih 1 kg,DKI Jakarta,Jakarta Pusat,1098130
01-04-2022,PHI Mini Market - Jakarta Pusat 01,Kusuma Dominik,P,Sayur-Sayuran,buncis 1 kg,DKI Jakarta,Jakarta Pusat,1374640
01-04-2022,PHI Mini Market - Jakarta Pusat 01,Kusuma Dominik,P,Sayur-Sayuran,kacang hijau 1 kg,DKI Jakarta,Jakarta Pusat,2614270
01-04-2022,PHI Mini Market - Jakarta Pusat 01,Kusuma Dominik,P,Sayur-Sayuran,kacang panjang 1 kg,DKI Jakarta,Jakarta Pusat,2009670
01-04-2022,PHI Mini Market - Jakarta Pusat 01,Kusuma Dominik,P,Sayur-Sayuran,kentang 1 kg,DKI Jakarta,Jakarta Pusat,3383120
01-04-2022,PHI Mini Market - Jakarta Pusat 01,Kusuma Dominik,P,Sayur-Sayuran,ketimun 1 kg,DKI Jakarta,Jakarta Pusat,1335600
01-04-2022,PHI Mini Market - Jakarta Pusat 01,Kusuma Dominik,P,Sayur-Sayuran,kobis 1 kg,DKI Jakarta,Jakarta Pusat,382810
01-04-2022,PHI Mini Market - Jakarta Pusat 01,Kusuma Dominik,P,Sayur-Sayuran,tomat 1 kg,DKI Jakarta,Jakarta Pusat,1716190
01-04-2022,PHI Mini Market - Jakarta Pusat 01,Kusuma Dominik,P,Sayur-Sayuran,ubi jalar 1 kg,DKI Jakarta,Jakarta Pusat,287570
01-04-2022,PHI Mini Market - Jakarta Pusat 01,Kusuma Dominik,P,Sayur-Sayuran,ubi kayu basah 1 kg,DKI Jakarta,Jakarta Pusat,359270
01-04-2022,PHI Mini Market - Jakarta Pusat 01,Kusuma Dominik,P,Sayur-Sayuran,wortel 1 kg,DKI Jakarta,Jakarta Pusat,812060
01-04-2022,PHI Mini Market - Jakarta Pusat 01,Sentosa Indrawan,P,Buah,alpukat 1 kg,DKI Jakarta,Jakarta Pusat,2526730
01-04-2022,PHI Mini Market - Jakarta Pusat 01,Sentosa Indrawan,P,Buah,apel 1 kg,DKI Jakarta,Jakarta Pusat,11363990
01-04-2022,PHI Mini Market - Jakarta Pusat 01,Sentosa Indrawan,P,Buah,belimbing 1 kg,DKI Jakarta,Jakarta Pusat,1264400
01-04-2022,PHI Mini Market - Jakarta Pusat 01,Sentosa Indrawan,P,Buah,durian 1 kg,DKI Jakarta,Jakarta Pusat,4978910
01-04-2022,PHI Mini Market - Jakarta Pusat 01,Sentosa Indrawan,P,Buah,jeruk 1 kg,DKI Jakarta,Jakarta Pusat,3393370
01-04-2022,PHI Mini Market - Jakarta Pusat 01,Sentosa Indrawan,P,Buah,kelapa muda,DKI Jakarta,Jakarta Pusat,2239360
01-04-2022,PHI Mini Market - Jakarta Pusat 01,Sentosa Indrawan,P,Makanan & Minuman,air mineral 600 ml,DKI Jakarta,Jakarta Pusat,396990
01-04-2022,PHI Mini Market - Jakarta Pusat 01,Sentosa Indrawan,P,Makanan & Minuman,bumbu fried chicken,DKI Jakarta,Jakarta Pusat,5565440
01-04-2022,PHI Mini Market - Jakarta Pusat 01,Sentosa Indrawan,P,Makanan & Minuman,jus kesehatan 600 ml,DKI Jakarta,Jakarta Pusat,3591660
01-04-2022,PHI Mini Market - Jakarta Pusat 01,Sentosa Indrawan,P,Makanan & Minuman,kacang goreng 1 kg,DKI Jakarta,Jakarta Pusat,3767170
01-04-2022,PHI Mini Market - Jakarta Pusat 01,Sentosa Indrawan,P,Makanan & Minuman,kacang mete 1 kg,DKI Jakarta,Jakarta Pusat,25931980
01-04-2022,PHI Mini Market - Jakarta Pusat 01,Sentosa Indrawan,P,Makanan & Minuman,markisa 600 ml,DKI Jakarta,Jakarta Pusat,3255600
01-04-2022,PHI Mini Market - Jakarta Pusat 01,Sentosa Indrawan,P,Makanan & Minuman,mie instant 1 kotak (40 bungkus),DKI Jakarta,Jakarta Pusat,24674960
01-04-2022,PHI Mini Market - Jakarta Pusat 01,Sentosa Indrawan,P,Makanan & Minuman,minuman probiotik,DKI Jakarta,Jakarta Pusat,267610
01-04-2022,PHI Mini Market - Jakarta Pusat 01,Sentosa Indrawan,P,Makanan & Minuman,nasi goreng instant (1 ons),DKI Jakarta,Jakarta Pusat,2104190
01-04-2022,PHI Mini Market - Jakarta Pusat 01,Sentosa Indrawan,P,Makanan & Minuman,snack gurih 1 ons,DKI Jakarta,Jakarta Pusat,1781600
01-04-2022,PHI Mini Market - Jakarta Pusat 01,Sentosa Indrawan,P,Makanan & Minuman,susu kotak (800 ml),DKI Jakarta,Jakarta Pusat,3704900
01-04-2022,PHI Mini Market - Jakarta Pusat 01,Sentosa Indrawan,P,Makanan & Minuman,susu kotak 1 l,DKI Jakarta,Jakarta Pusat,3124560
01-04-2022,PHI Mini Market - Jakarta Pusat 01,Sentosa Indrawan,P,Makanan & Minuman,telur ayam kampung 1 kg,DKI Jakarta,Jakarta Pusat,6753170
01-04-2022,PHI Mini Market - Jakarta Pusat 01,Sentosa Indrawan,P,Makanan & Minuman,telur ayam ras 1 kg,DKI Jakarta,Jakarta Pusat,3150820
01-04-2022,PHI Mini Market - Jakarta Pusat 01,Sentosa Indrawan,P,Sayur-Sayuran,bawang merah 1 kg,DKI Jakarta,Jakarta Pusat,2120330
01-04-2022,PHI Mini Market - Jakarta Pusat 01,Sentosa Indrawan,P,Sayur-Sayuran,bawang putih 1 kg,DKI Jakarta,Jakarta Pusat,1713700
01-04-2022,PHI Mini Market - Jakarta Pusat 01,Sentosa Indrawan,P,Sayur-Sayuran,buncis 1 kg,DKI Jakarta,Jakarta Pusat,1596580
01-04-2022,PHI Mini Market - Jakarta Pusat 01,Sentosa Indrawan,P,Sayur-Sayuran,kacang hijau 1 kg,DKI Jakarta,Jakarta Pusat,3130330
01-04-2022,PHI Mini Market - Jakarta Pusat 01,Sentosa Indrawan,P,Sayur-Sayuran,kacang panjang 1 kg,DKI Jakarta,Jakarta Pusat,2312640
01-04-2022,PHI Mini Market - Jakarta Pusat 01,Sentosa Indrawan,P,Sayur-Sayuran,kentang 1 kg,DKI Jakarta,Jakarta Pusat,3122990
01-04-2022,PHI Mini Market - Jakarta Pusat 01,Sentosa Indrawan,P,Sayur-Sayuran,ketimun 1 kg,DKI Jakarta,Jakarta Pusat,1559660
01-04-2022,PHI Mini Market - Jakarta Pusat 01,Sentosa Indrawan,P,Sayur-Sayuran,kobis 1 kg,DKI Jakarta,Jakarta Pusat,300460
01-04-2022,PHI Mini Market - Jakarta Pusat 01,Sentosa Indrawan,P,Sayur-Sayuran,tomat 1 kg,DKI Jakarta,Jakarta Pusat,1727810
01-04-2022,PHI Mini Market - Jakarta Pusat 01,Sentosa Indrawan,P,Sayur-Sayuran,ubi jalar 1 kg,DKI Jakarta,Jakarta Pusat,362250
01-04-2022,PHI Mini Market - Jakarta Pusat 01,Sentosa Indrawan,P,Sayur-Sayuran,ubi kayu basah 1 kg,DKI Jakarta,Jakarta Pusat,360160
01-04-2022,PHI Mini Market - Jakarta Pusat 01,Sentosa Indrawan,P,Sayur-Sayuran,wortel 1 kg,DKI Jakarta,Jakarta Pusat,891280
01-04-2022,PHI Mini Market - Makassar 01,Agus Dewangga,P,Buah,alpukat 1 kg,Sulawesi Selatan,Makassar,2637490
01-04-2022,PHI Mini Market - Makassar 01,Agus Dewangga,P,Buah,apel 1 kg,Sulawesi Selatan,Makassar,10842630
01-04-2022,PHI Mini Market - Makassar 01,Agus Dewangga,P,Buah,belimbing 1 kg,Sulawesi Selatan,Makassar,1021380
01-04-2022,PHI Mini Market - Makassar 01,Agus Dewangga,P,Buah,durian 1 kg,Sulawesi Selatan,Makassar,6151920
01-04-2022,PHI Mini Market - Makassar 01,Agus Dewangga,P,Buah,jeruk 1 kg,Sulawesi Selatan,Makassar,4166910
01-04-2022,PHI Mini Market - Makassar 01,Agus Dewangga,P,Buah,kelapa muda,Sulawesi Selatan,Makassar,1492270
01-04-2022,PHI Mini Market - Makassar 01,Agus Dewangga,P,Buah,mangga 1 kg,Sulawesi Selatan,Makassar,3739370
01-04-2022,PHI Mini Market - Makassar 01,Agus Dewangga,P,Makanan & Minuman,air mineral 600 ml,Sulawesi Selatan,Makassar,275500
01-04-2022,PHI Mini Market - Makassar 01,Agus Dewangga,P,Makanan & Minuman,bumbu fried chicken,Sulawesi Selatan,Makassar,3711030
01-04-2022,PHI Mini Market - Makassar 01,Agus Dewangga,P,Makanan & Minuman,jus kesehatan 600 ml,Sulawesi Selatan,Makassar,2528570
01-04-2022,PHI Mini Market - Makassar 01,Agus Dewangga,P,Makanan & Minuman,kacang goreng 1 kg,Sulawesi Selatan,Makassar,1992750
01-04-2022,PHI Mini Market - Makassar 01,Agus Dewangga,P,Makanan & Minuman,kacang mete 1 kg,Sulawesi Selatan,Makassar,21522330
01-04-2022,PHI Mini Market - Makassar 01,Agus Dewangga,P,Makanan & Minuman,markisa 600 ml,Sulawesi Selatan,Makassar,6264840
01-04-2022,PHI Mini Market - Makassar 01,Agus Dewangga,P,Makanan & Minuman,mie instant 1 kotak (40 bungkus),Sulawesi Selatan,Makassar,34721100
01-04-2022,PHI Mini Market - Makassar 01,Agus Dewangga,P,Makanan & Minuman,minuman probiotik,Sulawesi Selatan,Makassar,379190
01-04-2022,PHI Mini Market - Makassar 01,Agus Dewangga,P,Makanan & Minuman,nasi goreng instant (1 ons),Sulawesi Selatan,Makassar,1945460
01-04-2022,PHI Mini Market - Makassar 01,Agus Dewangga,P,Makanan & Minuman,snack gurih 1 ons,Sulawesi Selatan,Makassar,1630620
01-04-2022,PHI Mini Market - Makassar 01,Agus Dewangga,P,Makanan & Minuman,susu kotak (800 ml),Sulawesi Selatan,Makassar,5683000
01-04-2022,PHI Mini Market - Makassar 01,Agus Dewangga,P,Makanan & Minuman,susu kotak 1 l,Sulawesi Selatan,Makassar,4144870
01-04-2022,PHI Mini Market - Makassar 01,Agus Dewangga,P,Makanan & Minuman,telur ayam kampung 1 kg,Sulawesi Selatan,Makassar,6725550
01-04-2022,PHI Mini Market - Makassar 01,Agus Dewangga,P,Makanan & Minuman,telur ayam ras 1 kg,Sulawesi Selatan,Makassar,3881300
01-04-2022,PHI Mini Market - Makassar 01,Agus Dewangga,P,Sayur-Sayuran,bawang merah 1 kg,Sulawesi Selatan,Makassar,3827080
01-04-2022,PHI Mini Market - Makassar 01,Agus Dewangga,P,Sayur-Sayuran,bawang putih 1 kg,Sulawesi Selatan,Makassar,1444390
01-04-2022,PHI Mini Market - Makassar 01,Agus Dewangga,P,Sayur-Sayuran,buncis 1 kg,Sulawesi Selatan,Makassar,1913440
01-04-2022,PHI Mini Market - Makassar 01,Agus Dewangga,P,Sayur-Sayuran,kacang hijau 1 kg,Sulawesi Selatan,Makassar,2933120
01-04-2022,PHI Mini Market - Makassar 01,Agus Dewangga,P,Sayur-Sayuran,kacang panjang 1 kg,Sulawesi Selatan,Makassar,1658000
01-04-2022,PHI Mini Market - Makassar 01,Agus Dewangga,P,Sayur-Sayuran,kentang 1 kg,Sulawesi Selatan,Makassar,2177880
01-04-2022,PHI Mini Market - Makassar 01,Agus Dewangga,P,Sayur-Sayuran,ketimun 1 kg,Sulawesi Selatan,Makassar,1419930
01-04-2022,PHI Mini Market - Makassar 01,Agus Dewangga,P,Sayur-Sayuran,kobis 1 kg,Sulawesi Selatan,Makassar,435970
01-04-2022,PHI Mini Market - Makassar 01,Agus Dewangga,P,Sayur-Sayuran,tomat 1 kg,Sulawesi Selatan,Makassar,967580
01-04-2022,PHI Mini Market - Makassar 01,Agus Dewangga,P,Sayur-Sayuran,ubi jalar 1 kg,Sulawesi Selatan,Makassar,424560
01-04-2022,PHI Mini Market - Makassar 01,Agus Dewangga,P,Sayur-Sayuran,ubi kayu basah 1 kg,Sulawesi Selatan,Makassar,353700
01-04-2022,PHI Mini Market - Makassar 01,Agus Dewangga,P,Sayur-Sayuran,wortel 1 kg,Sulawesi Selatan,Makassar,1019750
01-04-2022,PHI Mini Market - Makassar 01,Bintang Maven,W,Buah,alpukat 1 kg,Sulawesi Selatan,Makassar,2333030
01-04-2022,PHI Mini Market - Makassar 01,Bintang Maven,W,Buah,apel 1 kg,Sulawesi Selatan,Makassar,16956250
01-04-2022,PHI Mini Market - Makassar 01,Bintang Maven,W,Buah,belimbing 1 kg,Sulawesi Selatan,Makassar,1152100
01-04-2022,PHI Mini Market - Makassar 01,Bintang Maven,W,Buah,durian 1 kg,Sulawesi Selatan,Makassar,5766460
01-04-2022,PHI Mini Market - Makassar 01,Bintang Maven,W,Buah,jeruk 1 kg,Sulawesi Selatan,Makassar,2286840
01-04-2022,PHI Mini Market - Makassar 01,Bintang Maven,W,Buah,kelapa muda,Sulawesi Selatan,Makassar,1759020
01-04-2022,PHI Mini Market - Makassar 01,Bintang Maven,W,Buah,mangga 1 kg,Sulawesi Selatan,Makassar,4653580
01-04-2022,PHI Mini Market - Makassar 01,Bintang Maven,W,Makanan & Minuman,air mineral 600 ml,Sulawesi Selatan,Makassar,357460
01-04-2022,PHI Mini Market - Makassar 01,Bintang Maven,W,Makanan & Minuman,bumbu fried chicken,Sulawesi Selatan,Makassar,4973720
01-04-2022,PHI Mini Market - Makassar 01,Bintang Maven,W,Makanan & Minuman,jus kesehatan 600 ml,Sulawesi Selatan,Makassar,1967050
01-04-2022,PHI Mini Market - Makassar 01,Bintang Maven,W,Makanan & Minuman,kacang goreng 1 kg,Sulawesi Selatan,Makassar,3046320
01-04-2022,PHI Mini Market - Makassar 01,Bintang Maven,W,Makanan & Minuman,kacang mete 1 kg,Sulawesi Selatan,Makassar,26836330
01-04-2022,PHI Mini Market - Makassar 01,Bintang Maven,W,Makanan & Minuman,markisa 600 ml,Sulawesi Selatan,Makassar,4849870
01-04-2022,PHI Mini Market - Makassar 01,Bintang Maven,W,Makanan & Minuman,mie instant 1 kotak (40 bungkus),Sulawesi Selatan,Makassar,27168640
01-04-2022,PHI Mini Market - Makassar 01,Bintang Maven,W,Makanan & Minuman,minuman probiotik,Sulawesi Selatan,Makassar,317580
01-04-2022,PHI Mini Market - Makassar 01,Bintang Maven,W,Makanan & Minuman,nasi goreng instant (1 ons),Sulawesi Selatan,Makassar,2025470
01-04-2022,PHI Mini Market - Makassar 01,Bintang Maven,W,Makanan & Minuman,snack gurih 1 ons,Sulawesi Selatan,Makassar,1138930
01-04-2022,PHI Mini Market - Makassar 01,Bintang Maven,W,Makanan & Minuman,susu kotak (800 ml),Sulawesi Selatan,Makassar,3873180
01-04-2022,PHI Mini Market - Makassar 01,Bintang Maven,W,Makanan & Minuman,susu kotak 1 l,Sulawesi Selatan,Makassar,2566790
01-04-2022,PHI Mini Market - Makassar 01,Bintang Maven,W,Makanan & Minuman,telur ayam kampung 1 kg,Sulawesi Selatan,Makassar,5722230
01-04-2022,PHI Mini Market - Makassar 01,Bintang Maven,W,Makanan & Minuman,telur ayam ras 1 kg,Sulawesi Selatan,Makassar,2702060
01-04-2022,PHI Mini Market - Makassar 01,Bintang Maven,W,Sayur-Sayuran,bawang merah 1 kg,Sulawesi Selatan,Makassar,5079720
01-04-2022,PHI Mini Market - Makassar 01,Bintang Maven,W,Sayur-Sayuran,bawang putih 1 kg,Sulawesi Selatan,Makassar,1094770
01-04-2022,PHI Mini Market - Makassar 01,Bintang Maven,W,Sayur-Sayuran,buncis 1 kg,Sulawesi Selatan,Makassar,1928300
01-04-2022,PHI Mini Market - Makassar 01,Bintang Maven,W,Sayur-Sayuran,kacang hijau 1 kg,Sulawesi Selatan,Makassar,2555060
01-04-2022,PHI Mini Market - Makassar 01,Bintang Maven,W,Sayur-Sayuran,kacang panjang 1 kg,Sulawesi Selatan,Makassar,2498200
01-04-2022,PHI Mini Market - Makassar 01,Bintang Maven,W,Sayur-Sayuran,kentang 1 kg,Sulawesi Selatan,Makassar,3277540
01-04-2022,PHI Mini Market - Makassar 01,Bintang Maven,W,Sayur-Sayuran,ketimun 1 kg,Sulawesi Selatan,Makassar,1678600
01-04-2022,PHI Mini Market - Makassar 01,Bintang Maven,W,Sayur-Sayuran,kobis 1 kg,Sulawesi Selatan,Makassar,367500
01-04-2022,PHI Mini Market - Makassar 01,Bintang Maven,W,Sayur-Sayuran,tomat 1 kg,Sulawesi Selatan,Makassar,1907890
01-04-2022,PHI Mini Market - Makassar 01,Bintang Maven,W,Sayur-Sayuran,ubi jalar 1 kg,Sulawesi Selatan,Makassar,299520
01-04-2022,PHI Mini Market - Makassar 01,Bintang Maven,W,Sayur-Sayuran,ubi kayu basah 1 kg,Sulawesi Selatan,Makassar,445690
01-04-2022,PHI Mini Market - Makassar 01,Bintang Maven,W,Sayur-Sayuran,wortel 1 kg,Sulawesi Selatan,Makassar,828080
01-04-2022,PHI Mini Market - Makassar 01,Eriq Jagat,P,Buah,alpukat 1 kg,Sulawesi Selatan,Makassar,1509160
01-04-2022,PHI Mini Market - Makassar 01,Eriq Jagat,P,Buah,apel 1 kg,Sulawesi Selatan,Makassar,15685920
01-04-2022,PHI Mini Market - Makassar 01,Eriq Jagat,P,Buah,belimbing 1 kg,Sulawesi Selatan,Makassar,1732180
01-04-2022,PHI Mini Market - Makassar 01,Eriq Jagat,P,Buah,durian 1 kg,Sulawesi Selatan,Makassar,5139950
01-04-2022,PHI Mini Market - Makassar 01,Eriq Jagat,P,Buah,jeruk 1 kg,Sulawesi Selatan,Makassar,4021090
01-04-2022,PHI Mini Market - Makassar 01,Eriq Jagat,P,Buah,kelapa muda,Sulawesi Selatan,Makassar,1069440
01-04-2022,PHI Mini Market - Makassar 01,Eriq Jagat,P,Makanan & Minuman,air mineral 600 ml,Sulawesi Selatan,Makassar,402320
01-04-2022,PHI Mini Market - Makassar 01,Eriq Jagat,P,Makanan & Minuman,bumbu fried chicken,Sulawesi Selatan,Makassar,4032570
01-04-2022,PHI Mini Market - Makassar 01,Eriq Jagat,P,Makanan & Minuman,jus kesehatan 600 ml,Sulawesi Selatan,Makassar,2095610
01-04-2022,PHI Mini Market - Makassar 01,Eriq Jagat,P,Makanan & Minuman,kacang goreng 1 kg,Sulawesi Selatan,Makassar,3734070
01-04-2022,PHI Mini Market - Makassar 01,Eriq Jagat,P,Makanan & Minuman,kacang mete 1 kg,Sulawesi Selatan,Makassar,26549920
01-04-2022,PHI Mini Market - Makassar 01,Eriq Jagat,P,Makanan & Minuman,markisa 600 ml,Sulawesi Selatan,Makassar,3553600
01-04-2022,PHI Mini Market - Makassar 01,Eriq Jagat,P,Makanan & Minuman,mie instant 1 kotak (40 bungkus),Sulawesi Selatan,Makassar,30103170
01-04-2022,PHI Mini Market - Makassar 01,Eriq Jagat,P,Makanan & Minuman,minuman probiotik,Sulawesi Selatan,Makassar,316820
01-04-2022,PHI Mini Market - Makassar 01,Eriq Jagat,P,Makanan & Minuman,nasi goreng instant (1 ons),Sulawesi Selatan,Makassar,1658950
01-04-2022,PHI Mini Market - Makassar 01,Eriq Jagat,P,Makanan & Minuman,snack gurih 1 ons,Sulawesi Selatan,Makassar,1944640
01-04-2022,PHI Mini Market - Makassar 01,Eriq Jagat,P,Makanan & Minuman,susu kotak (800 ml),Sulawesi Selatan,Makassar,4376750
01-04-2022,PHI Mini Market - Makassar 01,Eriq Jagat,P,Makanan & Minuman,susu kotak 1 l,Sulawesi Selatan,Makassar,2664690
01-04-2022,PHI Mini Market - Makassar 01,Eriq Jagat,P,Makanan & Minuman,telur ayam kampung 1 kg,Sulawesi Selatan,Makassar,5854720
01-04-2022,PHI Mini Market - Makassar 01,Eriq Jagat,P,Makanan & Minuman,telur ayam ras 1 kg,Sulawesi Selatan,Makassar,2969650
01-04-2022,PHI Mini Market - Makassar 01,Eriq Jagat,P,Sayur-Sayuran,bawang merah 1 kg,Sulawesi Selatan,Makassar,2928510
01-04-2022,PHI Mini Market - Makassar 01,Eriq Jagat,P,Sayur-Sayuran,bawang putih 1 kg,Sulawesi Selatan,Makassar,1257830
01-04-2022,PHI Mini Market - Makassar 01,Eriq Jagat,P,Sayur-Sayuran,buncis 1 kg,Sulawesi Selatan,Makassar,2419690
01-04-2022,PHI Mini Market - Makassar 01,Eriq Jagat,P,Sayur-Sayuran,kacang hijau 1 kg,Sulawesi Selatan,Makassar,2185910
01-04-2022,PHI Mini Market - Makassar 01,Eriq Jagat,P,Sayur-Sayuran,kacang panjang 1 kg,Sulawesi Selatan,Makassar,2581730
01-04-2022,PHI Mini Market - Makassar 01,Eriq Jagat,P,Sayur-Sayuran,kentang 1 kg,Sulawesi Selatan,Makassar,2434970
01-04-2022,PHI Mini Market - Makassar 01,Eriq Jagat,P,Sayur-Sayuran,ketimun 1 kg,Sulawesi Selatan,Makassar,1488100
01-04-2022,PHI Mini Market - Makassar 01,Eriq Jagat,P,Sayur-Sayuran,kobis 1 kg,Sulawesi Selatan,Makassar,175610
01-04-2022,PHI Mini Market - Makassar 01,Eriq Jagat,P,Sayur-Sayuran,tomat 1 kg,Sulawesi Selatan,Makassar,1330930
01-04-2022,PHI Mini Market - Makassar 01,Eriq Jagat,P,Sayur-Sayuran,ubi jalar 1 kg,Sulawesi Selatan,Makassar,240350
01-04-2022,PHI Mini Market - Makassar 01,Eriq Jagat,P,Sayur-Sayuran,ubi kayu basah 1 kg,Sulawesi Selatan,Makassar,465140
01-04-2022,PHI Mini Market - Makassar 01,Eriq Jagat,P,Sayur-Sayuran,wortel 1 kg,Sulawesi Selatan,Makassar,732860
01-04-2022,PHI Mini Market - Makassar 01,Eriq Menawan,P,Buah,alpukat 1 kg,Sulawesi Selatan,Makassar,2736890
01-04-2022,PHI Mini Market - Makassar 01,Eriq Menawan,P,Buah,apel 1 kg,Sulawesi Selatan,Makassar,15808180
01-04-2022,PHI Mini Market - Makassar 01,Eriq Menawan,P,Buah,belimbing 1 kg,Sulawesi Selatan,Makassar,1490560
01-04-2022,PHI Mini Market - Makassar 01,Eriq Menawan,P,Buah,durian 1 kg,Sulawesi Selatan,Makassar,7606090
01-04-2022,PHI Mini Market - Makassar 01,Eriq Menawan,P,Buah,jeruk 1 kg,Sulawesi Selatan,Makassar,4031050
01-04-2022,PHI Mini Market - Makassar 01,Eriq Menawan,P,Buah,kelapa muda,Sulawesi Selatan,Makassar,1600420
01-04-2022,PHI Mini Market - Makassar 01,Eriq Menawan,P,Makanan & Minuman,air mineral 600 ml,Sulawesi Selatan,Makassar,402960
01-04-2022,PHI Mini Market - Makassar 01,Eriq Menawan,P,Makanan & Minuman,bumbu fried chicken,Sulawesi Selatan,Makassar,4593650
01-04-2022,PHI Mini Market - Makassar 01,Eriq Menawan,P,Makanan & Minuman,jus kesehatan 600 ml,Sulawesi Selatan,Makassar,2581200
01-04-2022,PHI Mini Market - Makassar 01,Eriq Menawan,P,Makanan & Minuman,kacang goreng 1 kg,Sulawesi Selatan,Makassar,2832100
01-04-2022,PHI Mini Market - Makassar 01,Eriq Menawan,P,Makanan & Minuman,kacang mete 1 kg,Sulawesi Selatan,Makassar,20174000
01-04-2022,PHI Mini Market - Makassar 01,Eriq Menawan,P,Makanan & Minuman,markisa 600 ml,Sulawesi Selatan,Makassar,5165480
01-04-2022,PHI Mini Market - Makassar 01,Eriq Menawan,P,Makanan & Minuman,mie instant 1 kotak (40 bungkus),Sulawesi Selatan,Makassar,37651380
01-04-2022,PHI Mini Market - Makassar 01,Eriq Menawan,P,Makanan & Minuman,minuman probiotik,Sulawesi Selatan,Makassar,331360
01-04-2022,PHI Mini Market - Makassar 01,Eriq Menawan,P,Makanan & Minuman,nasi goreng instant (1 ons),Sulawesi Selatan,Makassar,1558640
01-04-2022,PHI Mini Market - Makassar 01,Eriq Menawan,P,Makanan & Minuman,snack gurih 1 ons,Sulawesi Selatan,Makassar,1593130
01-04-2022,PHI Mini Market - Makassar 01,Eriq Menawan,P,Makanan & Minuman,susu kotak (800 ml),Sulawesi Selatan,Makassar,4071050
01-04-2022,PHI Mini Market - Makassar 01,Eriq Menawan,P,Makanan & Minuman,susu kotak 1 l,Sulawesi Selatan,Makassar,2648910
01-04-2022,PHI Mini Market - Makassar 01,Eriq Menawan,P,Makanan & Minuman,telur ayam kampung 1 kg,Sulawesi Selatan,Makassar,3393340
01-04-2022,PHI Mini Market - Makassar 01,Eriq Menawan,P,Makanan & Minuman,telur ayam ras 1 kg,Sulawesi Selatan,Makassar,3449350
01-04-2022,PHI Mini Market - Makassar 01,Eriq Menawan,P,Sayur-Sayuran,bawang merah 1 kg,Sulawesi Selatan,Makassar,5105320
01-04-2022,PHI Mini Market - Makassar 01,Eriq Menawan,P,Sayur-Sayuran,bawang putih 1 kg,Sulawesi Selatan,Makassar,1433120
01-04-2022,PHI Mini Market - Makassar 01,Eriq Menawan,P,Sayur-Sayuran,buncis 1 kg,Sulawesi Selatan,Makassar,1370150
01-04-2022,PHI Mini Market - Makassar 01,Eriq Menawan,P,Sayur-Sayuran,kacang hijau 1 kg,Sulawesi Selatan,Makassar,2431340
01-04-2022,PHI Mini Market - Makassar 01,Eriq Menawan,P,Sayur-Sayuran,kacang panjang 1 kg,Sulawesi Selatan,Makassar,2643160
01-04-2022,PHI Mini Market - Makassar 01,Eriq Menawan,P,Sayur-Sayuran,kentang 1 kg,Sulawesi Selatan,Makassar,2731470
01-04-2022,PHI Mini Market - Makassar 01,Eriq Menawan,P,Sayur-Sayuran,ketimun 1 kg,Sulawesi Selatan,Makassar,1160280
01-04-2022,PHI Mini Market - Makassar 01,Eriq Menawan,P,Sayur-Sayuran,kobis 1 kg,Sulawesi Selatan,Makassar,372580
01-04-2022,PHI Mini Market - Makassar 01,Eriq Menawan,P,Sayur-Sayuran,tomat 1 kg,Sulawesi Selatan,Makassar,1407530
01-04-2022,PHI Mini Market - Makassar 01,Eriq Menawan,P,Sayur-Sayuran,ubi jalar 1 kg,Sulawesi Selatan,Makassar,301900
01-04-2022,PHI Mini Market - Makassar 01,Eriq Menawan,P,Sayur-Sayuran,ubi kayu basah 1 kg,Sulawesi Selatan,Makassar,324750
01-04-2022,PHI Mini Market - Makassar 01,Eriq Menawan,P,Sayur-Sayuran,wortel 1 kg,Sulawesi Selatan,Makassar,1423050
01-04-2022,PHI Mini Market - Makassar 01,Ferdy Tenteram,P,Buah,alpukat 1 kg,Sulawesi Selatan,Makassar,2663130
01-04-2022,PHI Mini Market - Makassar 01,Ferdy Tenteram,P,Buah,apel 1 kg,Sulawesi Selatan,Makassar,21299930
01-04-2022,PHI Mini Market - Makassar 01,Ferdy Tenteram,P,Buah,belimbing 1 kg,Sulawesi Selatan,Makassar,1376650
01-04-2022,PHI Mini Market - Makassar 01,Ferdy Tenteram,P,Buah,durian 1 kg,Sulawesi Selatan,Makassar,5664950
01-04-2022,PHI Mini Market - Makassar 01,Ferdy Tenteram,P,Buah,jeruk 1 kg,Sulawesi Selatan,Makassar,3539140
01-04-2022,PHI Mini Market - Makassar 01,Ferdy Tenteram,P,Buah,kelapa muda,Sulawesi Selatan,Makassar,1709020
01-04-2022,PHI Mini Market - Makassar 01,Ferdy Tenteram,P,Buah,mangga 1 kg,Sulawesi Selatan,Makassar,4406200
01-04-2022,PHI Mini Market - Makassar 01,Ferdy Tenteram,P,Makanan & Minuman,air mineral 600 ml,Sulawesi Selatan,Makassar,272860
01-04-2022,PHI Mini Market - Makassar 01,Ferdy Tenteram,P,Makanan & Minuman,bumbu fried chicken,Sulawesi Selatan,Makassar,4178060
01-04-2022,PHI Mini Market - Makassar 01,Ferdy Tenteram,P,Makanan & Minuman,jus kesehatan 600 ml,Sulawesi Selatan,Makassar,2886650
01-04-2022,PHI Mini Market - Makassar 01,Ferdy Tenteram,P,Makanan & Minuman,kacang goreng 1 kg,Sulawesi Selatan,Makassar,4315740
01-04-2022,PHI Mini Market - Makassar 01,Ferdy Tenteram,P,Makanan & Minuman,kacang mete 1 kg,Sulawesi Selatan,Makassar,23560160
01-04-2022,PHI Mini Market - Makassar 01,Ferdy Tenteram,P,Makanan & Minuman,markisa 600 ml,Sulawesi Selatan,Makassar,5062500
01-04-2022,PHI Mini Market - Makassar 01,Ferdy Tenteram,P,Makanan & Minuman,mie instant 1 kotak (40 bungkus),Sulawesi Selatan,Makassar,27546800
01-04-2022,PHI Mini Market - Makassar 01,Ferdy Tenteram,P,Makanan & Minuman,minuman probiotik,Sulawesi Selatan,Makassar,351850
01-04-2022,PHI Mini Market - Makassar 01,Ferdy Tenteram,P,Makanan & Minuman,nasi goreng instant (1 ons),Sulawesi Selatan,Makassar,1544950
01-04-2022,PHI Mini Market - Makassar 01,Ferdy Tenteram,P,Makanan & Minuman,snack gurih 1 ons,Sulawesi Selatan,Makassar,1454920
01-04-2022,PHI Mini Market - Makassar 01,Ferdy Tenteram,P,Makanan & Minuman,susu kotak (800 ml),Sulawesi Selatan,Makassar,3501830
01-04-2022,PHI Mini Market - Makassar 01,Ferdy Tenteram,P,Makanan & Minuman,susu kotak 1 l,Sulawesi Selatan,Makassar,4141390
01-04-2022,PHI Mini Market - Makassar 01,Ferdy Tenteram,P,Makanan & Minuman,telur ayam kampung 1 kg,Sulawesi Selatan,Makassar,4833350
01-04-2022,PHI Mini Market - Makassar 01,Ferdy Tenteram,P,Makanan & Minuman,telur ayam ras 1 kg,Sulawesi Selatan,Makassar,2883460
01-04-2022,PHI Mini Market - Makassar 01,Ferdy Tenteram,P,Sayur-Sayuran,bawang merah 1 kg,Sulawesi Selatan,Makassar,3215770
01-04-2022,PHI Mini Market - Makassar 01,Ferdy Tenteram,P,Sayur-Sayuran,bawang putih 1 kg,Sulawesi Selatan,Makassar,1307110
01-04-2022,PHI Mini Market - Makassar 01,Ferdy Tenteram,P,Sayur-Sayuran,buncis 1 kg,Sulawesi Selatan,Makassar,1898320
01-04-2022,PHI Mini Market - Makassar 01,Ferdy Tenteram,P,Sayur-Sayuran,kacang hijau 1 kg,Sulawesi Selatan,Makassar,2544220
01-04-2022,PHI Mini Market - Makassar 01,Ferdy Tenteram,P,Sayur-Sayuran,kacang panjang 1 kg,Sulawesi Selatan,Makassar,1515860
01-04-2022,PHI Mini Market - Makassar 01,Ferdy Tenteram,P,Sayur-Sayuran,kentang 1 kg,Sulawesi Selatan,Makassar,2980300
01-04-2022,PHI Mini Market - Makassar 01,Ferdy Tenteram,P,Sayur-Sayuran,ketimun 1 kg,Sulawesi Selatan,Makassar,1405840
01-04-2022,PHI Mini Market - Makassar 01,Ferdy Tenteram,P,Sayur-Sayuran,kobis 1 kg,Sulawesi Selatan,Makassar,332480
01-04-2022,PHI Mini Market - Makassar 01,Ferdy Tenteram,P,Sayur-Sayuran,tomat 1 kg,Sulawesi Selatan,Makassar,2142510
01-04-2022,PHI Mini Market - Makassar 01,Ferdy Tenteram,P,Sayur-Sayuran,ubi jalar 1 kg,Sulawesi Selatan,Makassar,575240
01-04-2022,PHI Mini Market - Makassar 01,Ferdy Tenteram,P,Sayur-Sayuran,ubi kayu basah 1 kg,Sulawesi Selatan,Makassar,301570
01-04-2022,PHI Mini Market - Makassar 01,Ferdy Tenteram,P,Sayur-Sayuran,wortel 1 kg,Sulawesi Selatan,Makassar,1358650
01-04-2022,PHI Mini Market - Makassar 01,Galang Terang,P,Buah,alpukat 1 kg,Sulawesi Selatan,Makassar,1983630
01-04-2022,PHI Mini Market - Makassar 01,Galang Terang,P,Buah,apel 1 kg,Sulawesi Selatan,Makassar,16796880
01-04-2022,PHI Mini Market - Makassar 01,Galang Terang,P,Buah,belimbing 1 kg,Sulawesi Selatan,Makassar,1518330
01-04-2022,PHI Mini Market - Makassar 01,Galang Terang,P,Buah,durian 1 kg,Sulawesi Selatan,Makassar,4895300
01-04-2022,PHI Mini Market - Makassar 01,Galang Terang,P,Buah,jeruk 1 kg,Sulawesi Selatan,Makassar,2602060
01-04-2022,PHI Mini Market - Makassar 01,Galang Terang,P,Buah,kelapa muda,Sulawesi Selatan,Makassar,1847600
01-04-2022,PHI Mini Market - Makassar 01,Galang Terang,P,Buah,mangga 1 kg,Sulawesi Selatan,Makassar,4799360
01-04-2022,PHI Mini Market - Makassar 01,Galang Terang,P,Makanan & Minuman,air mineral 600 ml,Sulawesi Selatan,Makassar,350210
01-04-2022,PHI Mini Market - Makassar 01,Galang Terang,P,Makanan & Minuman,bumbu fried chicken,Sulawesi Selatan,Makassar,6282380
01-04-2022,PHI Mini Market - Makassar 01,Galang Terang,P,Makanan & Minuman,jus kesehatan 600 ml,Sulawesi Selatan,Makassar,2475930
01-04-2022,PHI Mini Market - Makassar 01,Galang Terang,P,Makanan & Minuman,kacang goreng 1 kg,Sulawesi Selatan,Makassar,3525900
01-04-2022,PHI Mini Market - Makassar 01,Galang Terang,P,Makanan & Minuman,kacang mete 1 kg,Sulawesi Selatan,Makassar,23041060
01-04-2022,PHI Mini Market - Makassar 01,Galang Terang,P,Makanan & Minuman,markisa 600 ml,Sulawesi Selatan,Makassar,3976980
01-04-2022,PHI Mini Market - Makassar 01,Galang Terang,P,Makanan & Minuman,mie instant 1 kotak (40 bungkus),Sulawesi Selatan,Makassar,34950610
01-04-2022,PHI Mini Market - Makassar 01,Galang Terang,P,Makanan & Minuman,minuman probiotik,Sulawesi Selatan,Makassar,435200
01-04-2022,PHI Mini Market - Makassar 01,Galang Terang,P,Makanan & Minuman,nasi goreng instant (1 ons),Sulawesi Selatan,Makassar,1556240
01-04-2022,PHI Mini Market - Makassar 01,Galang Terang,P,Makanan & Minuman,snack gurih 1 ons,Sulawesi Selatan,Makassar,1567740
01-04-2022,PHI Mini Market - Makassar 01,Galang Terang,P,Makanan & Minuman,susu kotak (800 ml),Sulawesi Selatan,Makassar,4440500
01-04-2022,PHI Mini Market - Makassar 01,Galang Terang,P,Makanan & Minuman,susu kotak 1 l,Sulawesi Selatan,Makassar,3073930
01-04-2022,PHI Mini Market - Makassar 01,Galang Terang,P,Makanan & Minuman,telur ayam kampung 1 kg,Sulawesi Selatan,Makassar,4257390
01-04-2022,PHI Mini Market - Makassar 01,Galang Terang,P,Makanan & Minuman,telur ayam ras 1 kg,Sulawesi Selatan,Makassar,3723830
01-04-2022,PHI Mini Market - Makassar 01,Galang Terang,P,Sayur-Sayuran,bawang merah 1 kg,Sulawesi Selatan,Makassar,3146690
01-04-2022,PHI Mini Market - Makassar 01,Galang Terang,P,Sayur-Sayuran,bawang putih 1 kg,Sulawesi Selatan,Makassar,1381210
01-04-2022,PHI Mini Market - Makassar 01,Galang Terang,P,Sayur-Sayuran,buncis 1 kg,Sulawesi Selatan,Makassar,2106010
01-04-2022,PHI Mini Market - Makassar 01,Galang Terang,P,Sayur-Sayuran,kacang hijau 1 kg,Sulawesi Selatan,Makassar,3162900
01-04-2022,PHI Mini Market - Makassar 01,Galang Terang,P,Sayur-Sayuran,kacang panjang 1 kg,Sulawesi Selatan,Makassar,1584250
01-04-2022,PHI Mini Market - Makassar 01,Galang Terang,P,Sayur-Sayuran,kentang 1 kg,Sulawesi Selatan,Makassar,3575370
01-04-2022,PHI Mini Market - Makassar 01,Galang Terang,P,Sayur-Sayuran,ketimun 1 kg,Sulawesi Selatan,Makassar,1341040
01-04-2022,PHI Mini Market - Makassar 01,Galang Terang,P,Sayur-Sayuran,kobis 1 kg,Sulawesi Selatan,Makassar,280820
01-04-2022,PHI Mini Market - Makassar 01,Galang Terang,P,Sayur-Sayuran,tomat 1 kg,Sulawesi Selatan,Makassar,1554170
01-04-2022,PHI Mini Market - Makassar 01,Galang Terang,P,Sayur-Sayuran,ubi jalar 1 kg,Sulawesi Selatan,Makassar,366670
01-04-2022,PHI Mini Market - Makassar 01,Galang Terang,P,Sayur-Sayuran,ubi kayu basah 1 kg,Sulawesi Selatan,Makassar,412040
01-04-2022,PHI Mini Market - Makassar 01,Galang Terang,P,Sayur-Sayuran,wortel 1 kg,Sulawesi Selatan,Makassar,1276990
01-04-2022,PHI Mini Market - Makassar 01,Kristina Damai,W,Buah,alpukat 1 kg,Sulawesi Selatan,Makassar,1584850
01-04-2022,PHI Mini Market - Makassar 01,Kristina Damai,W,Buah,apel 1 kg,Sulawesi Selatan,Makassar,14127540
01-04-2022,PHI Mini Market - Makassar 01,Kristina Damai,W,Buah,belimbing 1 kg,Sulawesi Selatan,Makassar,1015220
01-04-2022,PHI Mini Market - Makassar 01,Kristina Damai,W,Buah,durian 1 kg,Sulawesi Selatan,Makassar,3407950
01-04-2022,PHI Mini Market - Makassar 01,Kristina Damai,W,Buah,jeruk 1 kg,Sulawesi Selatan,Makassar,3024700
01-04-2022,PHI Mini Market - Makassar 01,Kristina Damai,W,Buah,kelapa muda,Sulawesi Selatan,Makassar,1726040
01-04-2022,PHI Mini Market - Makassar 01,Kristina Damai,W,Buah,mangga 1 kg,Sulawesi Selatan,Makassar,3851760
01-04-2022,PHI Mini Market - Makassar 01,Kristina Damai,W,Makanan & Minuman,air mineral 600 ml,Sulawesi Selatan,Makassar,580710
01-04-2022,PHI Mini Market - Makassar 01,Kristina Damai,W,Makanan & Minuman,bumbu fried chicken,Sulawesi Selatan,Makassar,5985480
01-04-2022,PHI Mini Market - Makassar 01,Kristina Damai,W,Makanan & Minuman,jus kesehatan 600 ml,Sulawesi Selatan,Makassar,2532750
01-04-2022,PHI Mini Market - Makassar 01,Kristina Damai,W,Makanan & Minuman,kacang goreng 1 kg,Sulawesi Selatan,Makassar,4354560
01-04-2022,PHI Mini Market - Makassar 01,Kristina Damai,W,Makanan & Minuman,kacang mete 1 kg,Sulawesi Selatan,Makassar,22973310
01-04-2022,PHI Mini Market - Makassar 01,Kristina Damai,W,Makanan & Minuman,markisa 600 ml,Sulawesi Selatan,Makassar,5044910
01-04-2022,PHI Mini Market - Makassar 01,Kristina Damai,W,Makanan & Minuman,mie instant 1 kotak (40 bungkus),Sulawesi Selatan,Makassar,30457250
01-04-2022,PHI Mini Market - Makassar 01,Kristina Damai,W,Makanan & Minuman,minuman probiotik,Sulawesi Selatan,Makassar,261150
01-04-2022,PHI Mini Market - Makassar 01,Kristina Damai,W,Makanan & Minuman,nasi goreng instant (1 ons),Sulawesi Selatan,Makassar,1921320
01-04-2022,PHI Mini Market - Makassar 01,Kristina Damai,W,Makanan & Minuman,snack gurih 1 ons,Sulawesi Selatan,Makassar,1986940
01-04-2022,PHI Mini Market - Makassar 01,Kristina Damai,W,Makanan & Minuman,susu kotak (800 ml),Sulawesi Selatan,Makassar,3756780
01-04-2022,PHI Mini Market - Makassar 01,Kristina Damai,W,Makanan & Minuman,susu kotak 1 l,Sulawesi Selatan,Makassar,3478690
01-04-2022,PHI Mini Market - Makassar 01,Kristina Damai,W,Makanan & Minuman,telur ayam kampung 1 kg,Sulawesi Selatan,Makassar,4758170
01-04-2022,PHI Mini Market - Makassar 01,Kristina Damai,W,Makanan & Minuman,telur ayam ras 1 kg,Sulawesi Selatan,Makassar,3468970
01-04-2022,PHI Mini Market - Makassar 01,Kristina Damai,W,Sayur-Sayuran,bawang merah 1 kg,Sulawesi Selatan,Makassar,2959600
01-04-2022,PHI Mini Market - Makassar 01,Kristina Damai,W,Sayur-Sayuran,bawang putih 1 kg,Sulawesi Selatan,Makassar,1159940
01-04-2022,PHI Mini Market - Makassar 01,Kristina Damai,W,Sayur-Sayuran,buncis 1 kg,Sulawesi Selatan,Makassar,1671990
01-04-2022,PHI Mini Market - Makassar 01,Kristina Damai,W,Sayur-Sayuran,kacang hijau 1 kg,Sulawesi Selatan,Makassar,2107240
01-04-2022,PHI Mini Market - Makassar 01,Kristina Damai,W,Sayur-Sayuran,kacang panjang 1 kg,Sulawesi Selatan,Makassar,2630250
01-04-2022,PHI Mini Market - Makassar 01,Kristina Damai,W,Sayur-Sayuran,kentang 1 kg,Sulawesi Selatan,Makassar,2515010
01-04-2022,PHI Mini Market - Makassar 01,Kristina Damai,W,Sayur-Sayuran,ketimun 1 kg,Sulawesi Selatan,Makassar,1613980
01-04-2022,PHI Mini Market - Makassar 01,Kristina Damai,W,Sayur-Sayuran,kobis 1 kg,Sulawesi Selatan,Makassar,411670
01-04-2022,PHI Mini Market - Makassar 01,Kristina Damai,W,Sayur-Sayuran,tomat 1 kg,Sulawesi Selatan,Makassar,1247870
01-04-2022,PHI Mini Market - Makassar 01,Kristina Damai,W,Sayur-Sayuran,ubi jalar 1 kg,Sulawesi Selatan,Makassar,234330
01-04-2022,PHI Mini Market - Makassar 01,Kristina Damai,W,Sayur-Sayuran,ubi kayu basah 1 kg,Sulawesi Selatan,Makassar,303370
01-04-2022,PHI Mini Market - Makassar 01,Kristina Damai,W,Sayur-Sayuran,wortel 1 kg,Sulawesi Selatan,Makassar,1023420
01-04-2022,PHI Mini Market - Makassar 01,Lastri Mardi,W,Buah,alpukat 1 kg,Sulawesi Selatan,Makassar,2912120
01-04-2022,PHI Mini Market - Makassar 01,Lastri Mardi,W,Buah,apel 1 kg,Sulawesi Selatan,Makassar,17963630
01-04-2022,PHI Mini Market - Makassar 01,Lastri Mardi,W,Buah,belimbing 1 kg,Sulawesi Selatan,Makassar,1337170
01-04-2022,PHI Mini Market - Makassar 01,Lastri Mardi,W,Buah,durian 1 kg,Sulawesi Selatan,Makassar,5296810
01-04-2022,PHI Mini Market - Makassar 01,Lastri Mardi,W,Buah,jeruk 1 kg,Sulawesi Selatan,Makassar,4582630
01-04-2022,PHI Mini Market - Makassar 01,Lastri Mardi,W,Buah,kelapa muda,Sulawesi Selatan,Makassar,2041570
01-04-2022,PHI Mini Market - Makassar 01,Lastri Mardi,W,Makanan & Minuman,air mineral 600 ml,Sulawesi Selatan,Makassar,388390
01-04-2022,PHI Mini Market - Makassar 01,Lastri Mardi,W,Makanan & Minuman,bumbu fried chicken,Sulawesi Selatan,Makassar,4956190
01-04-2022,PHI Mini Market - Makassar 01,Lastri Mardi,W,Makanan & Minuman,jus kesehatan 600 ml,Sulawesi Selatan,Makassar,2896740
01-04-2022,PHI Mini Market - Makassar 01,Lastri Mardi,W,Makanan & Minuman,kacang goreng 1 kg,Sulawesi Selatan,Makassar,3555120
01-04-2022,PHI Mini Market - Makassar 01,Lastri Mardi,W,Makanan & Minuman,kacang mete 1 kg,Sulawesi Selatan,Makassar,33699560
01-04-2022,PHI Mini Market - Makassar 01,Lastri Mardi,W,Makanan & Minuman,markisa 600 ml,Sulawesi Selatan,Makassar,4604160
01-04-2022,PHI Mini Market - Makassar 01,Lastri Mardi,W,Makanan & Minuman,mie instant 1 kotak (40 bungkus),Sulawesi Selatan,Makassar,13425690
01-04-2022,PHI Mini Market - Makassar 01,Lastri Mardi,W,Makanan & Minuman,minuman probiotik,Sulawesi Selatan,Makassar,275560
01-04-2022,PHI Mini Market - Makassar 01,Lastri Mardi,W,Makanan & Minuman,nasi goreng instant (1 ons),Sulawesi Selatan,Makassar,1575320
01-04-2022,PHI Mini Market - Makassar 01,Lastri Mardi,W,Makanan & Minuman,snack gurih 1 ons,Sulawesi Selatan,Makassar,1363450
01-04-2022,PHI Mini Market - Makassar 01,Lastri Mardi,W,Makanan & Minuman,susu kotak (800 ml),Sulawesi Selatan,Makassar,6165220
01-04-2022,PHI Mini Market - Makassar 01,Lastri Mardi,W,Makanan & Minuman,susu kotak 1 l,Sulawesi Selatan,Makassar,2502610
01-04-2022,PHI Mini Market - Makassar 01,Lastri Mardi,W,Makanan & Minuman,telur ayam kampung 1 kg,Sulawesi Selatan,Makassar,6639070
01-04-2022,PHI Mini Market - Makassar 01,Lastri Mardi,W,Makanan & Minuman,telur ayam ras 1 kg,Sulawesi Selatan,Makassar,3140060
01-04-2022,PHI Mini Market - Makassar 01,Lastri Mardi,W,Sayur-Sayuran,bawang merah 1 kg,Sulawesi Selatan,Makassar,4627800
01-04-2022,PHI Mini Market - Makassar 01,Lastri Mardi,W,Sayur-Sayuran,bawang putih 1 kg,Sulawesi Selatan,Makassar,1440890
01-04-2022,PHI Mini Market - Makassar 01,Lastri Mardi,W,Sayur-Sayuran,buncis 1 kg,Sulawesi Selatan,Makassar,2603020
01-04-2022,PHI Mini Market - Makassar 01,Lastri Mardi,W,Sayur-Sayuran,kacang hijau 1 kg,Sulawesi Selatan,Makassar,2116990
01-04-2022,PHI Mini Market - Makassar 01,Lastri Mardi,W,Sayur-Sayuran,kacang panjang 1 kg,Sulawesi Selatan,Makassar,2530310
01-04-2022,PHI Mini Market - Makassar 01,Lastri Mardi,W,Sayur-Sayuran,kentang 1 kg,Sulawesi Selatan,Makassar,3899090
01-04-2022,PHI Mini Market - Makassar 01,Lastri Mardi,W,Sayur-Sayuran,ketimun 1 kg,Sulawesi Selatan,Makassar,1513580
01-04-2022,PHI Mini Market - Makassar 01,Lastri Mardi,W,Sayur-Sayuran,kobis 1 kg,Sulawesi Selatan,Makassar,252330
01-04-2022,PHI Mini Market - Makassar 01,Lastri Mardi,W,Sayur-Sayuran,tomat 1 kg,Sulawesi Selatan,Makassar,1403490
01-04-2022,PHI Mini Market - Makassar 01,Lastri Mardi,W,Sayur-Sayuran,ubi jalar 1 kg,Sulawesi Selatan,Makassar,281950
01-04-2022,PHI Mini Market - Makassar 01,Lastri Mardi,W,Sayur-Sayuran,ubi kayu basah 1 kg,Sulawesi Selatan,Makassar,280880
01-04-2022,PHI Mini Market - Makassar 01,Lastri Mardi,W,Sayur-Sayuran,wortel 1 kg,Sulawesi Selatan,Makassar,950790
01-04-2022,PHI Mini Market - Makassar 01,Mawar Mardi,W,Buah,alpukat 1 kg,Sulawesi Selatan,Makassar,1463770
01-04-2022,PHI Mini Market - Makassar 01,Mawar Mardi,W,Buah,apel 1 kg,Sulawesi Selatan,Makassar,14414670
01-04-2022,PHI Mini Market - Makassar 01,Mawar Mardi,W,Buah,belimbing 1 kg,Sulawesi Selatan,Makassar,1245280
01-04-2022,PHI Mini Market - Makassar 01,Mawar Mardi,W,Buah,durian 1 kg,Sulawesi Selatan,Makassar,6714590
01-04-2022,PHI Mini Market - Makassar 01,Mawar Mardi,W,Buah,jeruk 1 kg,Sulawesi Selatan,Makassar,3523800
01-04-2022,PHI Mini Market - Makassar 01,Mawar Mardi,W,Buah,kelapa muda,Sulawesi Selatan,Makassar,1173930
01-04-2022,PHI Mini Market - Makassar 01,Mawar Mardi,W,Buah,mangga 1 kg,Sulawesi Selatan,Makassar,2611840
01-04-2022,PHI Mini Market - Makassar 01,Mawar Mardi,W,Makanan & Minuman,air mineral 600 ml,Sulawesi Selatan,Makassar,422740
01-04-2022,PHI Mini Market - Makassar 01,Mawar Mardi,W,Makanan & Minuman,bumbu fried chicken,Sulawesi Selatan,Makassar,4002880
01-04-2022,PHI Mini Market - Makassar 01,Mawar Mardi,W,Makanan & Minuman,jus kesehatan 600 ml,Sulawesi Selatan,Makassar,1861960
01-04-2022,PHI Mini Market - Makassar 01,Mawar Mardi,W,Makanan & Minuman,kacang goreng 1 kg,Sulawesi Selatan,Makassar,3311110
01-04-2022,PHI Mini Market - Makassar 01,Mawar Mardi,W,Makanan & Minuman,kacang mete 1 kg,Sulawesi Selatan,Makassar,22933380
01-04-2022,PHI Mini Market - Makassar 01,Mawar Mardi,W,Makanan & Minuman,markisa 600 ml,Sulawesi Selatan,Makassar,3402260
01-04-2022,PHI Mini Market - Makassar 01,Mawar Mardi,W,Makanan & Minuman,mie instant 1 kotak (40 bungkus),Sulawesi Selatan,Makassar,28072610
01-04-2022,PHI Mini Market - Makassar 01,Mawar Mardi,W,Makanan & Minuman,minuman probiotik,Sulawesi Selatan,Makassar,291600
01-04-2022,PHI Mini Market - Makassar 01,Mawar Mardi,W,Makanan & Minuman,nasi goreng instant (1 ons),Sulawesi Selatan,Makassar,2213950
01-04-2022,PHI Mini Market - Makassar 01,Mawar Mardi,W,Makanan & Minuman,snack gurih 1 ons,Sulawesi Selatan,Makassar,2145790
01-04-2022,PHI Mini Market - Makassar 01,Mawar Mardi,W,Makanan & Minuman,susu kotak (800 ml),Sulawesi Selatan,Makassar,3753950
01-04-2022,PHI Mini Market - Makassar 01,Mawar Mardi,W,Makanan & Minuman,susu kotak 1 l,Sulawesi Selatan,Makassar,3658450
01-04-2022,PHI Mini Market - Makassar 01,Mawar Mardi,W,Makanan & Minuman,telur ayam kampung 1 kg,Sulawesi Selatan,Makassar,6004830
01-04-2022,PHI Mini Market - Makassar 01,Mawar Mardi,W,Makanan & Minuman,telur ayam ras 1 kg,Sulawesi Selatan,Makassar,3747960
01-04-2022,PHI Mini Market - Makassar 01,Mawar Mardi,W,Sayur-Sayuran,bawang merah 1 kg,Sulawesi Selatan,Makassar,3980680
01-04-2022,PHI Mini Market - Makassar 01,Mawar Mardi,W,Sayur-Sayuran,bawang putih 1 kg,Sulawesi Selatan,Makassar,993610
01-04-2022,PHI Mini Market - Makassar 01,Mawar Mardi,W,Sayur-Sayuran,buncis 1 kg,Sulawesi Selatan,Makassar,1405890
01-04-2022,PHI Mini Market - Makassar 01,Mawar Mardi,W,Sayur-Sayuran,kacang hijau 1 kg,Sulawesi Selatan,Makassar,2112260
01-04-2022,PHI Mini Market - Makassar 01,Mawar Mardi,W,Sayur-Sayuran,kacang panjang 1 kg,Sulawesi Selatan,Makassar,2455860
01-04-2022,PHI Mini Market - Makassar 01,Mawar Mardi,W,Sayur-Sayuran,kentang 1 kg,Sulawesi Selatan,Makassar,2812980
01-04-2022,PHI Mini Market - Makassar 01,Mawar Mardi,W,Sayur-Sayuran,ketimun 1 kg,Sulawesi Selatan,Makassar,1063060
01-04-2022,PHI Mini Market - Makassar 01,Mawar Mardi,W,Sayur-Sayuran,kobis 1 kg,Sulawesi Selatan,Makassar,273500
01-04-2022,PHI Mini Market - Makassar 01,Mawar Mardi,W,Sayur-Sayuran,tomat 1 kg,Sulawesi Selatan,Makassar,1203490
01-04-2022,PHI Mini Market - Makassar 01,Mawar Mardi,W,Sayur-Sayuran,ubi jalar 1 kg,Sulawesi Selatan,Makassar,457160
01-04-2022,PHI Mini Market - Makassar 01,Mawar Mardi,W,Sayur-Sayuran,ubi kayu basah 1 kg,Sulawesi Selatan,Makassar,441030
01-04-2022,PHI Mini Market - Makassar 01,Mawar Mardi,W,Sayur-Sayuran,wortel 1 kg,Sulawesi Selatan,Makassar,1079790
01-04-2022,PHI Mini Market - Makassar 01,Niken Setiawan,W,Buah,alpukat 1 kg,Sulawesi Selatan,Makassar,1090270
01-04-2022,PHI Mini Market - Makassar 01,Niken Setiawan,W,Buah,apel 1 kg,Sulawesi Selatan,Makassar,20186400
01-04-2022,PHI Mini Market - Makassar 01,Niken Setiawan,W,Buah,belimbing 1 kg,Sulawesi Selatan,Makassar,1117250
01-04-2022,PHI Mini Market - Makassar 01,Niken Setiawan,W,Buah,durian 1 kg,Sulawesi Selatan,Makassar,4823800
01-04-2022,PHI Mini Market - Makassar 01,Niken Setiawan,W,Buah,jeruk 1 kg,Sulawesi Selatan,Makassar,4639630
01-04-2022,PHI Mini Market - Makassar 01,Niken Setiawan,W,Buah,kelapa muda,Sulawesi Selatan,Makassar,805190
01-04-2022,PHI Mini Market - Makassar 01,Niken Setiawan,W,Makanan & Minuman,air mineral 600 ml,Sulawesi Selatan,Makassar,374630
01-04-2022,PHI Mini Market - Makassar 01,Niken Setiawan,W,Makanan & Minuman,bumbu fried chicken,Sulawesi Selatan,Makassar,5454520
01-04-2022,PHI Mini Market - Makassar 01,Niken Setiawan,W,Makanan & Minuman,jus kesehatan 600 ml,Sulawesi Selatan,Makassar,2322570
01-04-2022,PHI Mini Market - Makassar 01,Niken Setiawan,W,Makanan & Minuman,kacang goreng 1 kg,Sulawesi Selatan,Makassar,3009600
01-04-2022,PHI Mini Market - Makassar 01,Niken Setiawan,W,Makanan & Minuman,kacang mete 1 kg,Sulawesi Selatan,Makassar,22565020
01-04-2022,PHI Mini Market - Makassar 01,Niken Setiawan,W,Makanan & Minuman,markisa 600 ml,Sulawesi Selatan,Makassar,3492770
01-04-2022,PHI Mini Market - Makassar 01,Niken Setiawan,W,Makanan & Minuman,mie instant 1 kotak (40 bungkus),Sulawesi Selatan,Makassar,24421070
01-04-2022,PHI Mini Market - Makassar 01,Niken Setiawan,W,Makanan & Minuman,minuman probiotik,Sulawesi Selatan,Makassar,213740
01-04-2022,PHI Mini Market - Makassar 01,Niken Setiawan,W,Makanan & Minuman,nasi goreng instant (1 ons),Sulawesi Selatan,Makassar,1964690
01-04-2022,PHI Mini Market - Makassar 01,Niken Setiawan,W,Makanan & Minuman,snack gurih 1 ons,Sulawesi Selatan,Makassar,1202980
01-04-2022,PHI Mini Market - Makassar 01,Niken Setiawan,W,Makanan & Minuman,susu kotak (800 ml),Sulawesi Selatan,Makassar,2442580
01-04-2022,PHI Mini Market - Makassar 01,Niken Setiawan,W,Makanan & Minuman,susu kotak 1 l,Sulawesi Selatan,Makassar,2407850
01-04-2022,PHI Mini Market - Makassar 01,Niken Setiawan,W,Makanan & Minuman,telur ayam kampung 1 kg,Sulawesi Selatan,Makassar,8145740
01-04-2022,PHI Mini Market - Makassar 01,Niken Setiawan,W,Makanan & Minuman,telur ayam ras 1 kg,Sulawesi Selatan,Makassar,3786380
01-04-2022,PHI Mini Market - Makassar 01,Niken Setiawan,W,Sayur-Sayuran,bawang merah 1 kg,Sulawesi Selatan,Makassar,3060650
01-04-2022,PHI Mini Market - Makassar 01,Niken Setiawan,W,Sayur-Sayuran,bawang putih 1 kg,Sulawesi Selatan,Makassar,1419770
01-04-2022,PHI Mini Market - Makassar 01,Niken Setiawan,W,Sayur-Sayuran,buncis 1 kg,Sulawesi Selatan,Makassar,1917170
01-04-2022,PHI Mini Market - Makassar 01,Niken Setiawan,W,Sayur-Sayuran,kacang hijau 1 kg,Sulawesi Selatan,Makassar,2770140
01-04-2022,PHI Mini Market - Makassar 01,Niken Setiawan,W,Sayur-Sayuran,kacang panjang 1 kg,Sulawesi Selatan,Makassar,2281080
01-04-2022,PHI Mini Market - Makassar 01,Niken Setiawan,W,Sayur-Sayuran,kentang 1 kg,Sulawesi Selatan,Makassar,2249090
01-04-2022,PHI Mini Market - Makassar 01,Niken Setiawan,W,Sayur-Sayuran,ketimun 1 kg,Sulawesi Selatan,Makassar,1310330
01-04-2022,PHI Mini Market - Makassar 01,Niken Setiawan,W,Sayur-Sayuran,kobis 1 kg,Sulawesi Selatan,Makassar,340350
01-04-2022,PHI Mini Market - Makassar 01,Niken Setiawan,W,Sayur-Sayuran,tomat 1 kg,Sulawesi Selatan,Makassar,1933940
01-04-2022,PHI Mini Market - Makassar 01,Niken Setiawan,W,Sayur-Sayuran,ubi jalar 1 kg,Sulawesi Selatan,Makassar,371050
01-04-2022,PHI Mini Market - Makassar 01,Niken Setiawan,W,Sayur-Sayuran,ubi kayu basah 1 kg,Sulawesi Selatan,Makassar,367140
01-04-2022,PHI Mini Market - Makassar 01,Niken Setiawan,W,Sayur-Sayuran,wortel 1 kg,Sulawesi Selatan,Makassar,1343120
01-04-2022,PHI Mini Market - Surabaya 01,Aris Siberut,P,Buah,alpukat 1 kg,Jawa Timur,Surabaya,2713900
01-04-2022,PHI Mini Market - Surabaya 01,Aris Siberut,P,Buah,apel 1 kg,Jawa Timur,Surabaya,15362220
01-04-2022,PHI Mini Market - Surabaya 01,Aris Siberut,P,Buah,belimbing 1 kg,Jawa Timur,Surabaya,1141130
01-04-2022,PHI Mini Market - Surabaya 01,Aris Siberut,P,Buah,durian 1 kg,Jawa Timur,Surabaya,5030810
01-04-2022,PHI Mini Market - Surabaya 01,Aris Siberut,P,Buah,jeruk 1 kg,Jawa Timur,Surabaya,2721720
01-04-2022,PHI Mini Market - Surabaya 01,Aris Siberut,P,Buah,kelapa muda,Jawa Timur,Surabaya,1601000
01-04-2022,PHI Mini Market - Surabaya 01,Aris Siberut,P,Makanan & Minuman,air mineral 600 ml,Jawa Timur,Surabaya,298440
01-04-2022,PHI Mini Market - Surabaya 01,Aris Siberut,P,Makanan & Minuman,bumbu fried chicken,Jawa Timur,Surabaya,4693360
01-04-2022,PHI Mini Market - Surabaya 01,Aris Siberut,P,Makanan & Minuman,jus kesehatan 600 ml,Jawa Timur,Surabaya,2619620
01-04-2022,PHI Mini Market - Surabaya 01,Aris Siberut,P,Makanan & Minuman,kacang goreng 1 kg,Jawa Timur,Surabaya,4478470
01-04-2022,PHI Mini Market - Surabaya 01,Aris Siberut,P,Makanan & Minuman,kacang mete 1 kg,Jawa Timur,Surabaya,28660430
01-04-2022,PHI Mini Market - Surabaya 01,Aris Siberut,P,Makanan & Minuman,markisa 600 ml,Jawa Timur,Surabaya,5190050
01-04-2022,PHI Mini Market - Surabaya 01,Aris Siberut,P,Makanan & Minuman,mie instant 1 kotak (40 bungkus),Jawa Timur,Surabaya,32785570
01-04-2022,PHI Mini Market - Surabaya 01,Aris Siberut,P,Makanan & Minuman,minuman probiotik,Jawa Timur,Surabaya,300260
01-04-2022,PHI Mini Market - Surabaya 01,Aris Siberut,P,Makanan & Minuman,nasi goreng instant (1 ons),Jawa Timur,Surabaya,1404120
01-04-2022,PHI Mini Market - Surabaya 01,Aris Siberut,P,Makanan & Minuman,snack gurih 1 ons,Jawa Timur,Surabaya,1934810
01-04-2022,PHI Mini Market - Surabaya 01,Aris Siberut,P,Makanan & Minuman,susu kotak (800 ml),Jawa Timur,Surabaya,3309740
01-04-2022,PHI Mini Market - Surabaya 01,Aris Siberut,P,Makanan & Minuman,susu kotak 1 l,Jawa Timur,Surabaya,2848100
01-04-2022,PHI Mini Market - Surabaya 01,Aris Siberut,P,Makanan & Minuman,telur ayam kampung 1 kg,Jawa Timur,Surabaya,4955490
01-04-2022,PHI Mini Market - Surabaya 01,Aris Siberut,P,Makanan & Minuman,telur ayam ras 1 kg,Jawa Timur,Surabaya,3503220
01-04-2022,PHI Mini Market - Surabaya 01,Aris Siberut,P,Sayur-Sayuran,bawang merah 1 kg,Jawa Timur,Surabaya,1876830
01-04-2022,PHI Mini Market - Surabaya 01,Aris Siberut,P,Sayur-Sayuran,bawang putih 1 kg,Jawa Timur,Surabaya,1548800
01-04-2022,PHI Mini Market - Surabaya 01,Aris Siberut,P,Sayur-Sayuran,buncis 1 kg,Jawa Timur,Surabaya,1412190
01-04-2022,PHI Mini Market - Surabaya 01,Aris Siberut,P,Sayur-Sayuran,kacang hijau 1 kg,Jawa Timur,Surabaya,1977980
01-04-2022,PHI Mini Market - Surabaya 01,Aris Siberut,P,Sayur-Sayuran,kacang panjang 1 kg,Jawa Timur,Surabaya,2368630
01-04-2022,PHI Mini Market - Surabaya 01,Aris Siberut,P,Sayur-Sayuran,kentang 1 kg,Jawa Timur,Surabaya,2541920
01-04-2022,PHI Mini Market - Surabaya 01,Aris Siberut,P,Sayur-Sayuran,ketimun 1 kg,Jawa Timur,Surabaya,1447970
01-04-2022,PHI Mini Market - Surabaya 01,Aris Siberut,P,Sayur-Sayuran,kobis 1 kg,Jawa Timur,Surabaya,359770
01-04-2022,PHI Mini Market - Surabaya 01,Aris Siberut,P,Sayur-Sayuran,tomat 1 kg,Jawa Timur,Surabaya,1397170
01-04-2022,PHI Mini Market - Surabaya 01,Aris Siberut,P,Sayur-Sayuran,ubi jalar 1 kg,Jawa Timur,Surabaya,482740
01-04-2022,PHI Mini Market - Surabaya 01,Aris Siberut,P,Sayur-Sayuran,ubi kayu basah 1 kg,Jawa Timur,Surabaya,316760
01-04-2022,PHI Mini Market - Surabaya 01,Aris Siberut,P,Sayur-Sayuran,wortel 1 kg,Jawa Timur,Surabaya,1161740
01-04-2022,PHI Mini Market - Surabaya 01,Ayu Pekerti,W,Buah,alpukat 1 kg,Jawa Timur,Surabaya,1617440
01-04-2022,PHI Mini Market - Surabaya 01,Ayu Pekerti,W,Buah,apel 1 kg,Jawa Timur,Surabaya,13751580
01-04-2022,PHI Mini Market - Surabaya 01,Ayu Pekerti,W,Buah,belimbing 1 kg,Jawa Timur,Surabaya,1391520
01-04-2022,PHI Mini Market - Surabaya 01,Ayu Pekerti,W,Buah,durian 1 kg,Jawa Timur,Surabaya,5725910
01-04-2022,PHI Mini Market - Surabaya 01,Ayu Pekerti,W,Buah,jeruk 1 kg,Jawa Timur,Surabaya,3117220
01-04-2022,PHI Mini Market - Surabaya 01,Ayu Pekerti,W,Buah,kelapa muda,Jawa Timur,Surabaya,1625370
01-04-2022,PHI Mini Market - Surabaya 01,Ayu Pekerti,W,Buah,mangga 1 kg,Jawa Timur,Surabaya,5041730
01-04-2022,PHI Mini Market - Surabaya 01,Ayu Pekerti,W,Makanan & Minuman,air mineral 600 ml,Jawa Timur,Surabaya,266890
01-04-2022,PHI Mini Market - Surabaya 01,Ayu Pekerti,W,Makanan & Minuman,bumbu fried chicken,Jawa Timur,Surabaya,3859710
01-04-2022,PHI Mini Market - Surabaya 01,Ayu Pekerti,W,Makanan & Minuman,jus kesehatan 600 ml,Jawa Timur,Surabaya,2982040
01-04-2022,PHI Mini Market - Surabaya 01,Ayu Pekerti,W,Makanan & Minuman,kacang goreng 1 kg,Jawa Timur,Surabaya,4656150
01-04-2022,PHI Mini Market - Surabaya 01,Ayu Pekerti,W,Makanan & Minuman,kacang mete 1 kg,Jawa Timur,Surabaya,24704350
01-04-2022,PHI Mini Market - Surabaya 01,Ayu Pekerti,W,Makanan & Minuman,markisa 600 ml,Jawa Timur,Surabaya,5431080
01-04-2022,PHI Mini Market - Surabaya 01,Ayu Pekerti,W,Makanan & Minuman,mie instant 1 kotak (40 bungkus),Jawa Timur,Surabaya,27903760
01-04-2022,PHI Mini Market - Surabaya 01,Ayu Pekerti,W,Makanan & Minuman,minuman probiotik,Jawa Timur,Surabaya,192610
01-04-2022,PHI Mini Market - Surabaya 01,Ayu Pekerti,W,Makanan & Minuman,nasi goreng instant (1 ons),Jawa Timur,Surabaya,2258250
01-04-2022,PHI Mini Market - Surabaya 01,Ayu Pekerti,W,Makanan & Minuman,snack gurih 1 ons,Jawa Timur,Surabaya,1207830
01-04-2022,PHI Mini Market - Surabaya 01,Ayu Pekerti,W,Makanan & Minuman,susu kotak (800 ml),Jawa Timur,Surabaya,3029020
01-04-2022,PHI Mini Market - Surabaya 01,Ayu Pekerti,W,Makanan & Minuman,susu kotak 1 l,Jawa Timur,Surabaya,3953660
01-04-2022,PHI Mini Market - Surabaya 01,Ayu Pekerti,W,Makanan & Minuman,telur ayam kampung 1 kg,Jawa Timur,Surabaya,4002620
01-04-2022,PHI Mini Market - Surabaya 01,Ayu Pekerti,W,Makanan & Minuman,telur ayam ras 1 kg,Jawa Timur,Surabaya,3042520
01-04-2022,PHI Mini Market - Surabaya 01,Ayu Pekerti,W,Sayur-Sayuran,bawang merah 1 kg,Jawa Timur,Surabaya,2417300
01-04-2022,PHI Mini Market - Surabaya 01,Ayu Pekerti,W,Sayur-Sayuran,bawang putih 1 kg,Jawa Timur,Surabaya,1443520
01-04-2022,PHI Mini Market - Surabaya 01,Ayu Pekerti,W,Sayur-Sayuran,buncis 1 kg,Jawa Timur,Surabaya,1508300
01-04-2022,PHI Mini Market - Surabaya 01,Ayu Pekerti,W,Sayur-Sayuran,kacang hijau 1 kg,Jawa Timur,Surabaya,2770740
01-04-2022,PHI Mini Market - Surabaya 01,Ayu Pekerti,W,Sayur-Sayuran,kacang panjang 1 kg,Jawa Timur,Surabaya,1869750
01-04-2022,PHI Mini Market - Surabaya 01,Ayu Pekerti,W,Sayur-Sayuran,kentang 1 kg,Jawa Timur,Surabaya,1540870
01-04-2022,PHI Mini Market - Surabaya 01,Ayu Pekerti,W,Sayur-Sayuran,ketimun 1 kg,Jawa Timur,Surabaya,1601760
01-04-2022,PHI Mini Market - Surabaya 01,Ayu Pekerti,W,Sayur-Sayuran,kobis 1 kg,Jawa Timur,Surabaya,382430
01-04-2022,PHI Mini Market - Surabaya 01,Ayu Pekerti,W,Sayur-Sayuran,tomat 1 kg,Jawa Timur,Surabaya,1321820
01-04-2022,PHI Mini Market - Surabaya 01,Ayu Pekerti,W,Sayur-Sayuran,ubi jalar 1 kg,Jawa Timur,Surabaya,298980
01-04-2022,PHI Mini Market - Surabaya 01,Ayu Pekerti,W,Sayur-Sayuran,ubi kayu basah 1 kg,Jawa Timur,Surabaya,334200
01-04-2022,PHI Mini Market - Surabaya 01,Ayu Pekerti,W,Sayur-Sayuran,wortel 1 kg,Jawa Timur,Surabaya,804400
01-04-2022,PHI Mini Market - Surabaya 01,Budi Tenteram,P,Buah,alpukat 1 kg,Jawa Timur,Surabaya,1988160
01-04-2022,PHI Mini Market - Surabaya 01,Budi Tenteram,P,Buah,apel 1 kg,Jawa Timur,Surabaya,13069480
01-04-2022,PHI Mini Market - Surabaya 01,Budi Tenteram,P,Buah,belimbing 1 kg,Jawa Timur,Surabaya,1194130
01-04-2022,PHI Mini Market - Surabaya 01,Budi Tenteram,P,Buah,durian 1 kg,Jawa Timur,Surabaya,5440620
01-04-2022,PHI Mini Market - Surabaya 01,Budi Tenteram,P,Buah,jeruk 1 kg,Jawa Timur,Surabaya,2593500
01-04-2022,PHI Mini Market - Surabaya 01,Budi Tenteram,P,Buah,kelapa muda,Jawa Timur,Surabaya,1578190
01-04-2022,PHI Mini Market - Surabaya 01,Budi Tenteram,P,Buah,mangga 1 kg,Jawa Timur,Surabaya,5269120
01-04-2022,PHI Mini Market - Surabaya 01,Budi Tenteram,P,Makanan & Minuman,air mineral 600 ml,Jawa Timur,Surabaya,363490
01-04-2022,PHI Mini Market - Surabaya 01,Budi Tenteram,P,Makanan & Minuman,bumbu fried chicken,Jawa Timur,Surabaya,3761460
01-04-2022,PHI Mini Market - Surabaya 01,Budi Tenteram,P,Makanan & Minuman,jus kesehatan 600 ml,Jawa Timur,Surabaya,3096800
01-04-2022,PHI Mini Market - Surabaya 01,Budi Tenteram,P,Makanan & Minuman,kacang goreng 1 kg,Jawa Timur,Surabaya,4766300
01-04-2022,PHI Mini Market - Surabaya 01,Budi Tenteram,P,Makanan & Minuman,kacang mete 1 kg,Jawa Timur,Surabaya,23959270
01-04-2022,PHI Mini Market - Surabaya 01,Budi Tenteram,P,Makanan & Minuman,markisa 600 ml,Jawa Timur,Surabaya,6756100
01-04-2022,PHI Mini Market - Surabaya 01,Budi Tenteram,P,Makanan & Minuman,mie instant 1 kotak (40 bungkus),Jawa Timur,Surabaya,38902630
01-04-2022,PHI Mini Market - Surabaya 01,Budi Tenteram,P,Makanan & Minuman,minuman probiotik,Jawa Timur,Surabaya,309710
01-04-2022,PHI Mini Market - Surabaya 01,Budi Tenteram,P,Makanan & Minuman,nasi goreng instant (1 ons),Jawa Timur,Surabaya,1744710
01-04-2022,PHI Mini Market - Surabaya 01,Budi Tenteram,P,Makanan & Minuman,snack gurih 1 ons,Jawa Timur,Surabaya,1608880
01-04-2022,PHI Mini Market - Surabaya 01,Budi Tenteram,P,Makanan & Minuman,susu kotak (800 ml),Jawa Timur,Surabaya,4842010
01-04-2022,PHI Mini Market - Surabaya 01,Budi Tenteram,P,Makanan & Minuman,susu kotak 1 l,Jawa Timur,Surabaya,2502530
01-04-2022,PHI Mini Market - Surabaya 01,Budi Tenteram,P,Makanan & Minuman,telur ayam kampung 1 kg,Jawa Timur,Surabaya,7897600
01-04-2022,PHI Mini Market - Surabaya 01,Budi Tenteram,P,Makanan & Minuman,telur ayam ras 1 kg,Jawa Timur,Surabaya,3279050
01-04-2022,PHI Mini Market - Surabaya 01,Budi Tenteram,P,Sayur-Sayuran,bawang merah 1 kg,Jawa Timur,Surabaya,3813310
01-04-2022,PHI Mini Market - Surabaya 01,Budi Tenteram,P,Sayur-Sayuran,bawang putih 1 kg,Jawa Timur,Surabaya,1315740
01-04-2022,PHI Mini Market - Surabaya 01,Budi Tenteram,P,Sayur-Sayuran,buncis 1 kg,Jawa Timur,Surabaya,1788600
01-04-2022,PHI Mini Market - Surabaya 01,Budi Tenteram,P,Sayur-Sayuran,kacang hijau 1 kg,Jawa Timur,Surabaya,2659810
01-04-2022,PHI Mini Market - Surabaya 01,Budi Tenteram,P,Sayur-Sayuran,kacang panjang 1 kg,Jawa Timur,Surabaya,2676890
01-04-2022,PHI Mini Market - Surabaya 01,Budi Tenteram,P,Sayur-Sayuran,kentang 1 kg,Jawa Timur,Surabaya,2053510
01-04-2022,PHI Mini Market - Surabaya 01,Budi Tenteram,P,Sayur-Sayuran,ketimun 1 kg,Jawa Timur,Surabaya,1534990
01-04-2022,PHI Mini Market - Surabaya 01,Budi Tenteram,P,Sayur-Sayuran,kobis 1 kg,Jawa Timur,Surabaya,216960
01-04-2022,PHI Mini Market - Surabaya 01,Budi Tenteram,P,Sayur-Sayuran,tomat 1 kg,Jawa Timur,Surabaya,1590870
01-04-2022,PHI Mini Market - Surabaya 01,Budi Tenteram,P,Sayur-Sayuran,ubi jalar 1 kg,Jawa Timur,Surabaya,335720
01-04-2022,PHI Mini Market - Surabaya 01,Budi Tenteram,P,Sayur-Sayuran,ubi kayu basah 1 kg,Jawa Timur,Surabaya,390710
01-04-2022,PHI Mini Market - Surabaya 01,Budi Tenteram,P,Sayur-Sayuran,wortel 1 kg,Jawa Timur,Surabaya,842590
01-04-2022,PHI Mini Market - Surabaya 01,Galang Setiawan,P,Buah,alpukat 1 kg,Jawa Timur,Surabaya,2878280
01-04-2022,PHI Mini Market - Surabaya 01,Galang Setiawan,P,Buah,apel 1 kg,Jawa Timur,Surabaya,15804910
01-04-2022,PHI Mini Market - Surabaya 01,Galang Setiawan,P,Buah,belimbing 1 kg,Jawa Timur,Surabaya,1325120
01-04-2022,PHI Mini Market - Surabaya 01,Galang Setiawan,P,Buah,durian 1 kg,Jawa Timur,Surabaya,7837120
01-04-2022,PHI Mini Market - Surabaya 01,Galang Setiawan,P,Buah,jeruk 1 kg,Jawa Timur,Surabaya,3620350
01-04-2022,PHI Mini Market - Surabaya 01,Galang Setiawan,P,Buah,kelapa muda,Jawa Timur,Surabaya,1636350
01-04-2022,PHI Mini Market - Surabaya 01,Galang Setiawan,P,Buah,mangga 1 kg,Jawa Timur,Surabaya,3415290
01-04-2022,PHI Mini Market - Surabaya 01,Galang Setiawan,P,Makanan & Minuman,air mineral 600 ml,Jawa Timur,Surabaya,334380
01-04-2022,PHI Mini Market - Surabaya 01,Galang Setiawan,P,Makanan & Minuman,bumbu fried chicken,Jawa Timur,Surabaya,5575320
01-04-2022,PHI Mini Market - Surabaya 01,Galang Setiawan,P,Makanan & Minuman,jus kesehatan 600 ml,Jawa Timur,Surabaya,3535410
01-04-2022,PHI Mini Market - Surabaya 01,Galang Setiawan,P,Makanan & Minuman,kacang goreng 1 kg,Jawa Timur,Surabaya,4416590
01-04-2022,PHI Mini Market - Surabaya 01,Galang Setiawan,P,Makanan & Minuman,kacang mete 1 kg,Jawa Timur,Surabaya,8891820
01-04-2022,PHI Mini Market - Surabaya 01,Galang Setiawan,P,Makanan & Minuman,markisa 600 ml,Jawa Timur,Surabaya,4038560
01-04-2022,PHI Mini Market - Surabaya 01,Galang Setiawan,P,Makanan & Minuman,mie instant 1 kotak (40 bungkus),Jawa Timur,Surabaya,27653350
01-04-2022,PHI Mini Market - Surabaya 01,Galang Setiawan,P,Makanan & Minuman,minuman probiotik,Jawa Timur,Surabaya,315900
01-04-2022,PHI Mini Market - Surabaya 01,Galang Setiawan,P,Makanan & Minuman,nasi goreng instant (1 ons),Jawa Timur,Surabaya,1838380
01-04-2022,PHI Mini Market - Surabaya 01,Galang Setiawan,P,Makanan & Minuman,snack gurih 1 ons,Jawa Timur,Surabaya,2419930
01-04-2022,PHI Mini Market - Surabaya 01,Galang Setiawan,P,Makanan & Minuman,susu kotak (800 ml),Jawa Timur,Surabaya,4717390
01-04-2022,PHI Mini Market - Surabaya 01,Galang Setiawan,P,Makanan & Minuman,susu kotak 1 l,Jawa Timur,Surabaya,3432930
01-04-2022,PHI Mini Market - Surabaya 01,Galang Setiawan,P,Makanan & Minuman,telur ayam kampung 1 kg,Jawa Timur,Surabaya,5052580
01-04-2022,PHI Mini Market - Surabaya 01,Galang Setiawan,P,Makanan & Minuman,telur ayam ras 1 kg,Jawa Timur,Surabaya,4538230
01-04-2022,PHI Mini Market - Surabaya 01,Galang Setiawan,P,Sayur-Sayuran,bawang merah 1 kg,Jawa Timur,Surabaya,3326060
01-04-2022,PHI Mini Market - Surabaya 01,Galang Setiawan,P,Sayur-Sayuran,bawang putih 1 kg,Jawa Timur,Surabaya,759590
01-04-2022,PHI Mini Market - Surabaya 01,Galang Setiawan,P,Sayur-Sayuran,buncis 1 kg,Jawa Timur,Surabaya,1568580
01-04-2022,PHI Mini Market - Surabaya 01,Galang Setiawan,P,Sayur-Sayuran,kacang hijau 1 kg,Jawa Timur,Surabaya,2716840
01-04-2022,PHI Mini Market - Surabaya 01,Galang Setiawan,P,Sayur-Sayuran,kacang panjang 1 kg,Jawa Timur,Surabaya,2659550
01-04-2022,PHI Mini Market - Surabaya 01,Galang Setiawan,P,Sayur-Sayuran,kentang 1 kg,Jawa Timur,Surabaya,2637780
01-04-2022,PHI Mini Market - Surabaya 01,Galang Setiawan,P,Sayur-Sayuran,ketimun 1 kg,Jawa Timur,Surabaya,1242100
01-04-2022,PHI Mini Market - Surabaya 01,Galang Setiawan,P,Sayur-Sayuran,kobis 1 kg,Jawa Timur,Surabaya,316160
01-04-2022,PHI Mini Market - Surabaya 01,Galang Setiawan,P,Sayur-Sayuran,tomat 1 kg,Jawa Timur,Surabaya,1228610
01-04-2022,PHI Mini Market - Surabaya 01,Galang Setiawan,P,Sayur-Sayuran,ubi jalar 1 kg,Jawa Timur,Surabaya,295370
01-04-2022,PHI Mini Market - Surabaya 01,Galang Setiawan,P,Sayur-Sayuran,ubi kayu basah 1 kg,Jawa Timur,Surabaya,267610
01-04-2022,PHI Mini Market - Surabaya 01,Galang Setiawan,P,Sayur-Sayuran,wortel 1 kg,Jawa Timur,Surabaya,1249220
01-04-2022,PHI Mini Market - Surabaya 01,Harum Selangit,W,Buah,alpukat 1 kg,Jawa Timur,Surabaya,1625590
01-04-2022,PHI Mini Market - Surabaya 01,Harum Selangit,W,Buah,apel 1 kg,Jawa Timur,Surabaya,19059420
01-04-2022,PHI Mini Market - Surabaya 01,Harum Selangit,W,Buah,belimbing 1 kg,Jawa Timur,Surabaya,1084190
01-04-2022,PHI Mini Market - Surabaya 01,Harum Selangit,W,Buah,durian 1 kg,Jawa Timur,Surabaya,8255840
01-04-2022,PHI Mini Market - Surabaya 01,Harum Selangit,W,Buah,jeruk 1 kg,Jawa Timur,Surabaya,3542540
01-04-2022,PHI Mini Market - Surabaya 01,Harum Selangit,W,Buah,kelapa muda,Jawa Timur,Surabaya,1512470
01-04-2022,PHI Mini Market - Surabaya 01,Harum Selangit,W,Buah,mangga 1 kg,Jawa Timur,Surabaya,3720360
01-04-2022,PHI Mini Market - Surabaya 01,Harum Selangit,W,Makanan & Minuman,air mineral 600 ml,Jawa Timur,Surabaya,362630
01-04-2022,PHI Mini Market - Surabaya 01,Harum Selangit,W,Makanan & Minuman,bumbu fried chicken,Jawa Timur,Surabaya,3905340
01-04-2022,PHI Mini Market - Surabaya 01,Harum Selangit,W,Makanan & Minuman,jus kesehatan 600 ml,Jawa Timur,Surabaya,2321770
01-04-2022,PHI Mini Market - Surabaya 01,Harum Selangit,W,Makanan & Minuman,kacang goreng 1 kg,Jawa Timur,Surabaya,3088880
01-04-2022,PHI Mini Market - Surabaya 01,Harum Selangit,W,Makanan & Minuman,kacang mete 1 kg,Jawa Timur,Surabaya,22531340
01-04-2022,PHI Mini Market - Surabaya 01,Harum Selangit,W,Makanan & Minuman,markisa 600 ml,Jawa Timur,Surabaya,4690490
01-04-2022,PHI Mini Market - Surabaya 01,Harum Selangit,W,Makanan & Minuman,mie instant 1 kotak (40 bungkus),Jawa Timur,Surabaya,40887240
01-04-2022,PHI Mini Market - Surabaya 01,Harum Selangit,W,Makanan & Minuman,minuman probiotik,Jawa Timur,Surabaya,207380
01-04-2022,PHI Mini Market - Surabaya 01,Harum Selangit,W,Makanan & Minuman,nasi goreng instant (1 ons),Jawa Timur,Surabaya,1059890
01-04-2022,PHI Mini Market - Surabaya 01,Harum Selangit,W,Makanan & Minuman,snack gurih 1 ons,Jawa Timur,Surabaya,1551340
01-04-2022,PHI Mini Market - Surabaya 01,Harum Selangit,W,Makanan & Minuman,susu kotak (800 ml),Jawa Timur,Surabaya,3089670
01-04-2022,PHI Mini Market - Surabaya 01,Harum Selangit,W,Makanan & Minuman,susu kotak 1 l,Jawa Timur,Surabaya,3070100
01-04-2022,PHI Mini Market - Surabaya 01,Harum Selangit,W,Makanan & Minuman,telur ayam kampung 1 kg,Jawa Timur,Surabaya,5824290
01-04-2022,PHI Mini Market - Surabaya 01,Harum Selangit,W,Makanan & Minuman,telur ayam ras 1 kg,Jawa Timur,Surabaya,3240890
01-04-2022,PHI Mini Market - Surabaya 01,Harum Selangit,W,Sayur-Sayuran,bawang merah 1 kg,Jawa Timur,Surabaya,2566110
01-04-2022,PHI Mini Market - Surabaya 01,Harum Selangit,W,Sayur-Sayuran,bawang putih 1 kg,Jawa Timur,Surabaya,997400
01-04-2022,PHI Mini Market - Surabaya 01,Harum Selangit,W,Sayur-Sayuran,buncis 1 kg,Jawa Timur,Surabaya,1408070
01-04-2022,PHI Mini Market - Surabaya 01,Harum Selangit,W,Sayur-Sayuran,kacang hijau 1 kg,Jawa Timur,Surabaya,2089630
01-04-2022,PHI Mini Market - Surabaya 01,Harum Selangit,W,Sayur-Sayuran,kacang panjang 1 kg,Jawa Timur,Surabaya,2772610
01-04-2022,PHI Mini Market - Surabaya 01,Harum Selangit,W,Sayur-Sayuran,kentang 1 kg,Jawa Timur,Surabaya,1543980
01-04-2022,PHI Mini Market - Surabaya 01,Harum Selangit,W,Sayur-Sayuran,ketimun 1 kg,Jawa Timur,Surabaya,1477320
01-04-2022,PHI Mini Market - Surabaya 01,Harum Selangit,W,Sayur-Sayuran,kobis 1 kg,Jawa Timur,Surabaya,500480
01-04-2022,PHI Mini Market - Surabaya 01,Harum Selangit,W,Sayur-Sayuran,tomat 1 kg,Jawa Timur,Surabaya,1504930
01-04-2022,PHI Mini Market - Surabaya 01,Harum Selangit,W,Sayur-Sayuran,ubi jalar 1 kg,Jawa Timur,Surabaya,483370
01-04-2022,PHI Mini Market - Surabaya 01,Harum Selangit,W,Sayur-Sayuran,ubi kayu basah 1 kg,Jawa Timur,Surabaya,347480
01-04-2022,PHI Mini Market - Surabaya 01,Harum Selangit,W,Sayur-Sayuran,wortel 1 kg,Jawa Timur,Surabaya,1027510
01-04-2022,PHI Mini Market - Surabaya 01,Mariani Damai,W,Buah,alpukat 1 kg,Jawa Timur,Surabaya,2306760
01-04-2022,PHI Mini Market - Surabaya 01,Mariani Damai,W,Buah,apel 1 kg,Jawa Timur,Surabaya,14779040
01-04-2022,PHI Mini Market - Surabaya 01,Mariani Damai,W,Buah,belimbing 1 kg,Jawa Timur,Surabaya,1051790
01-04-2022,PHI Mini Market - Surabaya 01,Mariani Damai,W,Buah,durian 1 kg,Jawa Timur,Surabaya,5831670
01-04-2022,PHI Mini Market - Surabaya 01,Mariani Damai,W,Buah,jeruk 1 kg,Jawa Timur,Surabaya,3392290
01-04-2022,PHI Mini Market - Surabaya 01,Mariani Damai,W,Buah,kelapa muda,Jawa Timur,Surabaya,1192990
01-04-2022,PHI Mini Market - Surabaya 01,Mariani Damai,W,Makanan & Minuman,air mineral 600 ml,Jawa Timur,Surabaya,496090
01-04-2022,PHI Mini Market - Surabaya 01,Mariani Damai,W,Makanan & Minuman,bumbu fried chicken,Jawa Timur,Surabaya,6298770
01-04-2022,PHI Mini Market - Surabaya 01,Mariani Damai,W,Makanan & Minuman,jus kesehatan 600 ml,Jawa Timur,Surabaya,2966430
01-04-2022,PHI Mini Market - Surabaya 01,Mariani Damai,W,Makanan & Minuman,kacang goreng 1 kg,Jawa Timur,Surabaya,4159780
01-04-2022,PHI Mini Market - Surabaya 01,Mariani Damai,W,Makanan & Minuman,kacang mete 1 kg,Jawa Timur,Surabaya,21417840
01-04-2022,PHI Mini Market - Surabaya 01,Mariani Damai,W,Makanan & Minuman,markisa 600 ml,Jawa Timur,Surabaya,2996400
01-04-2022,PHI Mini Market - Surabaya 01,Mariani Damai,W,Makanan & Minuman,mie instant 1 kotak (40 bungkus),Jawa Timur,Surabaya,28872520
01-04-2022,PHI Mini Market - Surabaya 01,Mariani Damai,W,Makanan & Minuman,minuman probiotik,Jawa Timur,Surabaya,421610
01-04-2022,PHI Mini Market - Surabaya 01,Mariani Damai,W,Makanan & Minuman,nasi goreng instant (1 ons),Jawa Timur,Surabaya,1919900
01-04-2022,PHI Mini Market - Surabaya 01,Mariani Damai,W,Makanan & Minuman,snack gurih 1 ons,Jawa Timur,Surabaya,1664460
01-04-2022,PHI Mini Market - Surabaya 01,Mariani Damai,W,Makanan & Minuman,susu kotak (800 ml),Jawa Timur,Surabaya,4314830
01-04-2022,PHI Mini Market - Surabaya 01,Mariani Damai,W,Makanan & Minuman,susu kotak 1 l,Jawa Timur,Surabaya,3350570
01-04-2022,PHI Mini Market - Surabaya 01,Mariani Damai,W,Makanan & Minuman,telur ayam kampung 1 kg,Jawa Timur,Surabaya,3784530
01-04-2022,PHI Mini Market - Surabaya 01,Mariani Damai,W,Makanan & Minuman,telur ayam ras 1 kg,Jawa Timur,Surabaya,4010490
01-04-2022,PHI Mini Market - Surabaya 01,Mariani Damai,W,Sayur-Sayuran,bawang merah 1 kg,Jawa Timur,Surabaya,3765680
01-04-2022,PHI Mini Market - Surabaya 01,Mariani Damai,W,Sayur-Sayuran,bawang putih 1 kg,Jawa Timur,Surabaya,1379880
01-04-2022,PHI Mini Market - Surabaya 01,Mariani Damai,W,Sayur-Sayuran,buncis 1 kg,Jawa Timur,Surabaya,1639190
01-04-2022,PHI Mini Market - Surabaya 01,Mariani Damai,W,Sayur-Sayuran,kacang hijau 1 kg,Jawa Timur,Surabaya,1620650
01-04-2022,PHI Mini Market - Surabaya 01,Mariani Damai,W,Sayur-Sayuran,kacang panjang 1 kg,Jawa Timur,Surabaya,1945310
01-04-2022,PHI Mini Market - Surabaya 01,Mariani Damai,W,Sayur-Sayuran,kentang 1 kg,Jawa Timur,Surabaya,1399960
01-04-2022,PHI Mini Market - Surabaya 01,Mariani Damai,W,Sayur-Sayuran,ketimun 1 kg,Jawa Timur,Surabaya,1384010
01-04-2022,PHI Mini Market - Surabaya 01,Mariani Damai,W,Sayur-Sayuran,kobis 1 kg,Jawa Timur,Surabaya,318190
01-04-2022,PHI Mini Market - Surabaya 01,Mariani Damai,W,Sayur-Sayuran,tomat 1 kg,Jawa Timur,Surabaya,1776480
01-04-2022,PHI Mini Market - Surabaya 01,Mariani Damai,W,Sayur-Sayuran,ubi jalar 1 kg,Jawa Timur,Surabaya,300180
01-04-2022,PHI Mini Market - Surabaya 01,Mariani Damai,W,Sayur-Sayuran,ubi kayu basah 1 kg,Jawa Timur,Surabaya,240050
01-04-2022,PHI Mini Market - Surabaya 01,Mariani Damai,W,Sayur-Sayuran,wortel 1 kg,Jawa Timur,Surabaya,882440
01-04-2022,PHI Mini Market - Surabaya 01,Mulia Setiawan,P,Buah,alpukat 1 kg,Jawa Timur,Surabaya,1814390
01-04-2022,PHI Mini Market - Surabaya 01,Mulia Setiawan,P,Buah,apel 1 kg,Jawa Timur,Surabaya,16837200
01-04-2022,PHI Mini Market - Surabaya 01,Mulia Setiawan,P,Buah,belimbing 1 kg,Jawa Timur,Surabaya,908560
01-04-2022,PHI Mini Market - Surabaya 01,Mulia Setiawan,P,Buah,durian 1 kg,Jawa Timur,Surabaya,4894760
01-04-2022,PHI Mini Market - Surabaya 01,Mulia Setiawan,P,Buah,jeruk 1 kg,Jawa Timur,Surabaya,3046820
01-04-2022,PHI Mini Market - Surabaya 01,Mulia Setiawan,P,Buah,kelapa muda,Jawa Timur,Surabaya,1406650
01-04-2022,PHI Mini Market - Surabaya 01,Mulia Setiawan,P,Buah,mangga 1 kg,Jawa Timur,Surabaya,5693820
01-04-2022,PHI Mini Market - Surabaya 01,Mulia Setiawan,P,Makanan & Minuman,air mineral 600 ml,Jawa Timur,Surabaya,342870
01-04-2022,PHI Mini Market - Surabaya 01,Mulia Setiawan,P,Makanan & Minuman,bumbu fried chicken,Jawa Timur,Surabaya,3412930
01-04-2022,PHI Mini Market - Surabaya 01,Mulia Setiawan,P,Makanan & Minuman,jus kesehatan 600 ml,Jawa Timur,Surabaya,3386670
01-04-2022,PHI Mini Market - Surabaya 01,Mulia Setiawan,P,Makanan & Minuman,kacang goreng 1 kg,Jawa Timur,Surabaya,4287640
01-04-2022,PHI Mini Market - Surabaya 01,Mulia Setiawan,P,Makanan & Minuman,kacang mete 1 kg,Jawa Timur,Surabaya,22796450
01-04-2022,PHI Mini Market - Surabaya 01,Mulia Setiawan,P,Makanan & Minuman,markisa 600 ml,Jawa Timur,Surabaya,3702100
01-04-2022,PHI Mini Market - Surabaya 01,Mulia Setiawan,P,Makanan & Minuman,mie instant 1 kotak (40 bungkus),Jawa Timur,Surabaya,33520260
01-04-2022,PHI Mini Market - Surabaya 01,Mulia Setiawan,P,Makanan & Minuman,minuman probiotik,Jawa Timur,Surabaya,242620
01-04-2022,PHI Mini Market - Surabaya 01,Mulia Setiawan,P,Makanan & Minuman,nasi goreng instant (1 ons),Jawa Timur,Surabaya,1975240
01-04-2022,PHI Mini Market - Surabaya 01,Mulia Setiawan,P,Makanan & Minuman,snack gurih 1 ons,Jawa Timur,Surabaya,1931530
01-04-2022,PHI Mini Market - Surabaya 01,Mulia Setiawan,P,Makanan & Minuman,susu kotak (800 ml),Jawa Timur,Surabaya,5839090
01-04-2022,PHI Mini Market - Surabaya 01,Mulia Setiawan,P,Makanan & Minuman,susu kotak 1 l,Jawa Timur,Surabaya,2898890
01-04-2022,PHI Mini Market - Surabaya 01,Mulia Setiawan,P,Makanan & Minuman,telur ayam kampung 1 kg,Jawa Timur,Surabaya,5449190
01-04-2022,PHI Mini Market - Surabaya 01,Mulia Setiawan,P,Makanan & Minuman,telur ayam ras 1 kg,Jawa Timur,Surabaya,3744060
01-04-2022,PHI Mini Market - Surabaya 01,Mulia Setiawan,P,Sayur-Sayuran,bawang merah 1 kg,Jawa Timur,Surabaya,3474190
01-04-2022,PHI Mini Market - Surabaya 01,Mulia Setiawan,P,Sayur-Sayuran,bawang putih 1 kg,Jawa Timur,Surabaya,1815750
01-04-2022,PHI Mini Market - Surabaya 01,Mulia Setiawan,P,Sayur-Sayuran,buncis 1 kg,Jawa Timur,Surabaya,1950020
01-04-2022,PHI Mini Market - Surabaya 01,Mulia Setiawan,P,Sayur-Sayuran,kacang hijau 1 kg,Jawa Timur,Surabaya,3040370
01-04-2022,PHI Mini Market - Surabaya 01,Mulia Setiawan,P,Sayur-Sayuran,kacang panjang 1 kg,Jawa Timur,Surabaya,2754240
01-04-2022,PHI Mini Market - Surabaya 01,Mulia Setiawan,P,Sayur-Sayuran,kentang 1 kg,Jawa Timur,Surabaya,2166990
01-04-2022,PHI Mini Market - Surabaya 01,Mulia Setiawan,P,Sayur-Sayuran,ketimun 1 kg,Jawa Timur,Surabaya,1468560
01-04-2022,PHI Mini Market - Surabaya 01,Mulia Setiawan,P,Sayur-Sayuran,kobis 1 kg,Jawa Timur,Surabaya,510080
01-04-2022,PHI Mini Market - Surabaya 01,Mulia Setiawan,P,Sayur-Sayuran,tomat 1 kg,Jawa Timur,Surabaya,1156690
01-04-2022,PHI Mini Market - Surabaya 01,Mulia Setiawan,P,Sayur-Sayuran,ubi jalar 1 kg,Jawa Timur,Surabaya,333080
01-04-2022,PHI Mini Market - Surabaya 01,Mulia Setiawan,P,Sayur-Sayuran,ubi kayu basah 1 kg,Jawa Timur,Surabaya,408540
01-04-2022,PHI Mini Market - Surabaya 01,Mulia Setiawan,P,Sayur-Sayuran,wortel 1 kg,Jawa Timur,Surabaya,713860
01-04-2022,PHI Mini Market - Surabaya 01,Mulyo Damai,P,Buah,alpukat 1 kg,Jawa Timur,Surabaya,1964910
01-04-2022,PHI Mini Market - Surabaya 01,Mulyo Damai,P,Buah,apel 1 kg,Jawa Timur,Surabaya,18604590
01-04-2022,PHI Mini Market - Surabaya 01,Mulyo Damai,P,Buah,belimbing 1 kg,Jawa Timur,Surabaya,1065740
01-04-2022,PHI Mini Market - Surabaya 01,Mulyo Damai,P,Buah,durian 1 kg,Jawa Timur,Surabaya,5772080
01-04-2022,PHI Mini Market - Surabaya 01,Mulyo Damai,P,Buah,jeruk 1 kg,Jawa Timur,Surabaya,3371830
01-04-2022,PHI Mini Market - Surabaya 01,Mulyo Damai,P,Buah,kelapa muda,Jawa Timur,Surabaya,1804170
01-04-2022,PHI Mini Market - Surabaya 01,Mulyo Damai,P,Makanan & Minuman,air mineral 600 ml,Jawa Timur,Surabaya,430880
01-04-2022,PHI Mini Market - Surabaya 01,Mulyo Damai,P,Makanan & Minuman,bumbu fried chicken,Jawa Timur,Surabaya,5080240
01-04-2022,PHI Mini Market - Surabaya 01,Mulyo Damai,P,Makanan & Minuman,jus kesehatan 600 ml,Jawa Timur,Surabaya,1750430
01-04-2022,PHI Mini Market - Surabaya 01,Mulyo Damai,P,Makanan & Minuman,kacang goreng 1 kg,Jawa Timur,Surabaya,3052020
01-04-2022,PHI Mini Market - Surabaya 01,Mulyo Damai,P,Makanan & Minuman,kacang mete 1 kg,Jawa Timur,Surabaya,18380090
01-04-2022,PHI Mini Market - Surabaya 01,Mulyo Damai,P,Makanan & Minuman,markisa 600 ml,Jawa Timur,Surabaya,5862530
01-04-2022,PHI Mini Market - Surabaya 01,Mulyo Damai,P,Makanan & Minuman,mie instant 1 kotak (40 bungkus),Jawa Timur,Surabaya,33995100
01-04-2022,PHI Mini Market - Surabaya 01,Mulyo Damai,P,Makanan & Minuman,minuman probiotik,Jawa Timur,Surabaya,247940
01-04-2022,PHI Mini Market - Surabaya 01,Mulyo Damai,P,Makanan & Minuman,nasi goreng instant (1 ons),Jawa Timur,Surabaya,2184040
01-04-2022,PHI Mini Market - Surabaya 01,Mulyo Damai,P,Makanan & Minuman,snack gurih 1 ons,Jawa Timur,Surabaya,1405980
01-04-2022,PHI Mini Market - Surabaya 01,Mulyo Damai,P,Makanan & Minuman,susu kotak (800 ml),Jawa Timur,Surabaya,4246760
01-04-2022,PHI Mini Market - Surabaya 01,Mulyo Damai,P,Makanan & Minuman,susu kotak 1 l,Jawa Timur,Surabaya,3254390
01-04-2022,PHI Mini Market - Surabaya 01,Mulyo Damai,P,Makanan & Minuman,telur ayam kampung 1 kg,Jawa Timur,Surabaya,5183090
01-04-2022,PHI Mini Market - Surabaya 01,Mulyo Damai,P,Makanan & Minuman,telur ayam ras 1 kg,Jawa Timur,Surabaya,3902930
01-04-2022,PHI Mini Market - Surabaya 01,Mulyo Damai,P,Sayur-Sayuran,bawang merah 1 kg,Jawa Timur,Surabaya,3943330
01-04-2022,PHI Mini Market - Surabaya 01,Mulyo Damai,P,Sayur-Sayuran,bawang putih 1 kg,Jawa Timur,Surabaya,1021980
01-04-2022,PHI Mini Market - Surabaya 01,Mulyo Damai,P,Sayur-Sayuran,buncis 1 kg,Jawa Timur,Surabaya,1828250
01-04-2022,PHI Mini Market - Surabaya 01,Mulyo Damai,P,Sayur-Sayuran,kacang hijau 1 kg,Jawa Timur,Surabaya,2107690
01-04-2022,PHI Mini Market - Surabaya 01,Mulyo Damai,P,Sayur-Sayuran,kacang panjang 1 kg,Jawa Timur,Surabaya,2077230
01-04-2022,PHI Mini Market - Surabaya 01,Mulyo Damai,P,Sayur-Sayuran,kentang 1 kg,Jawa Timur,Surabaya,2708230
01-04-2022,PHI Mini Market - Surabaya 01,Mulyo Damai,P,Sayur-Sayuran,ketimun 1 kg,Jawa Timur,Surabaya,2095710
01-04-2022,PHI Mini Market - Surabaya 01,Mulyo Damai,P,Sayur-Sayuran,kobis 1 kg,Jawa Timur,Surabaya,376290
01-04-2022,PHI Mini Market - Surabaya 01,Mulyo Damai,P,Sayur-Sayuran,tomat 1 kg,Jawa Timur,Surabaya,1424570
01-04-2022,PHI Mini Market - Surabaya 01,Mulyo Damai,P,Sayur-Sayuran,ubi jalar 1 kg,Jawa Timur,Surabaya,305780
01-04-2022,PHI Mini Market - Surabaya 01,Mulyo Damai,P,Sayur-Sayuran,ubi kayu basah 1 kg,Jawa Timur,Surabaya,319090
01-04-2022,PHI Mini Market - Surabaya 01,Mulyo Damai,P,Sayur-Sayuran,wortel 1 kg,Jawa Timur,Surabaya,1318290
01-04-2022,PHI Mini Market - Surabaya 01,Natali Menawan,W,Buah,alpukat 1 kg,Jawa Timur,Surabaya,4159560
01-04-2022,PHI Mini Market - Surabaya 01,Natali Menawan,W,Buah,apel 1 kg,Jawa Timur,Surabaya,39097890
01-04-2022,PHI Mini Market - Surabaya 01,Natali Menawan,W,Buah,belimbing 1 kg,Jawa Timur,Surabaya,2726040
01-04-2022,PHI Mini Market - Surabaya 01,Natali Menawan,W,Buah,durian 1 kg,Jawa Timur,Surabaya,12685440
01-04-2022,PHI Mini Market - Surabaya 01,Natali Menawan,W,Buah,jeruk 1 kg,Jawa Timur,Surabaya,7394860
01-04-2022,PHI Mini Market - Surabaya 01,Natali Menawan,W,Buah,kelapa muda,Jawa Timur,Surabaya,3116410
01-04-2022,PHI Mini Market - Surabaya 01,Natali Menawan,W,Buah,mangga 1 kg,Jawa Timur,Surabaya,10503620
01-04-2022,PHI Mini Market - Surabaya 01,Natali Menawan,W,Makanan & Minuman,air mineral 600 ml,Jawa Timur,Surabaya,732050
01-04-2022,PHI Mini Market - Surabaya 01,Natali Menawan,W,Makanan & Minuman,bumbu fried chicken,Jawa Timur,Surabaya,9124780
01-04-2022,PHI Mini Market - Surabaya 01,Natali Menawan,W,Makanan & Minuman,jus kesehatan 600 ml,Jawa Timur,Surabaya,6999180
01-04-2022,PHI Mini Market - Surabaya 01,Natali Menawan,W,Makanan & Minuman,kacang goreng 1 kg,Jawa Timur,Surabaya,7798950
01-04-2022,PHI Mini Market - Surabaya 01,Natali Menawan,W,Makanan & Minuman,kacang mete 1 kg,Jawa Timur,Surabaya,51782960
01-04-2022,PHI Mini Market - Surabaya 01,Natali Menawan,W,Makanan & Minuman,markisa 600 ml,Jawa Timur,Surabaya,8318620
01-04-2022,PHI Mini Market - Surabaya 01,Natali Menawan,W,Makanan & Minuman,mie instant 1 kotak (40 bungkus),Jawa Timur,Surabaya,58603780
01-04-2022,PHI Mini Market - Surabaya 01,Natali Menawan,W,Makanan & Minuman,minuman probiotik,Jawa Timur,Surabaya,480650
01-04-2022,PHI Mini Market - Surabaya 01,Natali Menawan,W,Makanan & Minuman,nasi goreng instant (1 ons),Jawa Timur,Surabaya,4207160
01-04-2022,PHI Mini Market - Surabaya 01,Natali Menawan,W,Makanan & Minuman,snack gurih 1 ons,Jawa Timur,Surabaya,3243020
01-04-2022,PHI Mini Market - Surabaya 01,Natali Menawan,W,Makanan & Minuman,susu kotak (800 ml),Jawa Timur,Surabaya,6845930
01-04-2022,PHI Mini Market - Surabaya 01,Natali Menawan,W,Makanan & Minuman,susu kotak 1 l,Jawa Timur,Surabaya,6409950
01-04-2022,PHI Mini Market - Surabaya 01,Natali Menawan,W,Makanan & Minuman,telur ayam kampung 1 kg,Jawa Timur,Surabaya,14356430
01-04-2022,PHI Mini Market - Surabaya 01,Natali Menawan,W,Makanan & Minuman,telur ayam ras 1 kg,Jawa Timur,Surabaya,7625990
01-04-2022,PHI Mini Market - Surabaya 01,Natali Menawan,W,Sayur-Sayuran,bawang merah 1 kg,Jawa Timur,Surabaya,8141470
01-04-2022,PHI Mini Market - Surabaya 01,Natali Menawan,W,Sayur-Sayuran,bawang putih 1 kg,Jawa Timur,Surabaya,1997450
01-04-2022,PHI Mini Market - Surabaya 01,Natali Menawan,W,Sayur-Sayuran,buncis 1 kg,Jawa Timur,Surabaya,3980370
01-04-2022,PHI Mini Market - Surabaya 01,Natali Menawan,W,Sayur-Sayuran,kacang hijau 1 kg,Jawa Timur,Surabaya,4100960
01-04-2022,PHI Mini Market - Surabaya 01,Natali Menawan,W,Sayur-Sayuran,kacang panjang 1 kg,Jawa Timur,Surabaya,5750360
01-04-2022,PHI Mini Market - Surabaya 01,Natali Menawan,W,Sayur-Sayuran,kentang 1 kg,Jawa Timur,Surabaya,5683370
01-04-2022,PHI Mini Market - Surabaya 01,Natali Menawan,W,Sayur-Sayuran,ketimun 1 kg,Jawa Timur,Surabaya,3618670
01-04-2022,PHI Mini Market - Surabaya 01,Natali Menawan,W,Sayur-Sayuran,kobis 1 kg,Jawa Timur,Surabaya,662880
01-04-2022,PHI Mini Market - Surabaya 01,Natali Menawan,W,Sayur-Sayuran,tomat 1 kg,Jawa Timur,Surabaya,3487050
01-04-2022,PHI Mini Market - Surabaya 01,Natali Menawan,W,Sayur-Sayuran,ubi jalar 1 kg,Jawa Timur,Surabaya,732630
01-04-2022,PHI Mini Market - Surabaya 01,Natali Menawan,W,Sayur-Sayuran,ubi kayu basah 1 kg,Jawa Timur,Surabaya,772240
01-04-2022,PHI Mini Market - Surabaya 01,Natali Menawan,W,Sayur-Sayuran,wortel 1 kg,Jawa Timur,Surabaya,1952280
01-05-2022,PHI Mini Market - Jakarta Pusat 01,Agung Alexander,P,Buah,alpukat 1 kg,DKI Jakarta,Jakarta Pusat,1595950
01-05-2022,PHI Mini Market - Jakarta Pusat 01,Agung Alexander,P,Buah,apel 1 kg,DKI Jakarta,Jakarta Pusat,17525230
01-05-2022,PHI Mini Market - Jakarta Pusat 01,Agung Alexander,P,Buah,belimbing 1 kg,DKI Jakarta,Jakarta Pusat,1453180
01-05-2022,PHI Mini Market - Jakarta Pusat 01,Agung Alexander,P,Buah,durian 1 kg,DKI Jakarta,Jakarta Pusat,5488650
01-05-2022,PHI Mini Market - Jakarta Pusat 01,Agung Alexander,P,Buah,jeruk 1 kg,DKI Jakarta,Jakarta Pusat,3169580
01-05-2022,PHI Mini Market - Jakarta Pusat 01,Agung Alexander,P,Buah,kelapa muda,DKI Jakarta,Jakarta Pusat,1562960
01-05-2022,PHI Mini Market - Jakarta Pusat 01,Agung Alexander,P,Makanan & Minuman,air mineral 600 ml,DKI Jakarta,Jakarta Pusat,408980
01-05-2022,PHI Mini Market - Jakarta Pusat 01,Agung Alexander,P,Makanan & Minuman,bumbu fried chicken,DKI Jakarta,Jakarta Pusat,5988570
01-05-2022,PHI Mini Market - Jakarta Pusat 01,Agung Alexander,P,Makanan & Minuman,jus kesehatan 600 ml,DKI Jakarta,Jakarta Pusat,2310390
01-05-2022,PHI Mini Market - Jakarta Pusat 01,Agung Alexander,P,Makanan & Minuman,kacang goreng 1 kg,DKI Jakarta,Jakarta Pusat,3366250
01-05-2022,PHI Mini Market - Jakarta Pusat 01,Agung Alexander,P,Makanan & Minuman,kacang mete 1 kg,DKI Jakarta,Jakarta Pusat,14409270
01-05-2022,PHI Mini Market - Jakarta Pusat 01,Agung Alexander,P,Makanan & Minuman,markisa 600 ml,DKI Jakarta,Jakarta Pusat,4663230
01-05-2022,PHI Mini Market - Jakarta Pusat 01,Agung Alexander,P,Makanan & Minuman,mie instant 1 kotak (40 bungkus),DKI Jakarta,Jakarta Pusat,29464430
01-05-2022,PHI Mini Market - Jakarta Pusat 01,Agung Alexander,P,Makanan & Minuman,minuman probiotik,DKI Jakarta,Jakarta Pusat,262380
01-05-2022,PHI Mini Market - Jakarta Pusat 01,Agung Alexander,P,Makanan & Minuman,nasi goreng instant (1 ons),DKI Jakarta,Jakarta Pusat,2703800
01-05-2022,PHI Mini Market - Jakarta Pusat 01,Agung Alexander,P,Makanan & Minuman,snack gurih 1 ons,DKI Jakarta,Jakarta Pusat,1667970
01-05-2022,PHI Mini Market - Jakarta Pusat 01,Agung Alexander,P,Makanan & Minuman,susu kotak (800 ml),DKI Jakarta,Jakarta Pusat,3357240
01-05-2022,PHI Mini Market - Jakarta Pusat 01,Agung Alexander,P,Makanan & Minuman,susu kotak 1 l,DKI Jakarta,Jakarta Pusat,3320420
01-05-2022,PHI Mini Market - Jakarta Pusat 01,Agung Alexander,P,Makanan & Minuman,telur ayam kampung 1 kg,DKI Jakarta,Jakarta Pusat,7820850
01-05-2022,PHI Mini Market - Jakarta Pusat 01,Agung Alexander,P,Makanan & Minuman,telur ayam ras 1 kg,DKI Jakarta,Jakarta Pusat,4337850
01-05-2022,PHI Mini Market - Jakarta Pusat 01,Agung Alexander,P,Sayur-Sayuran,bawang merah 1 kg,DKI Jakarta,Jakarta Pusat,2882120
01-05-2022,PHI Mini Market - Jakarta Pusat 01,Agung Alexander,P,Sayur-Sayuran,bawang putih 1 kg,DKI Jakarta,Jakarta Pusat,1101030
01-05-2022,PHI Mini Market - Jakarta Pusat 01,Agung Alexander,P,Sayur-Sayuran,buncis 1 kg,DKI Jakarta,Jakarta Pusat,2096230
01-05-2022,PHI Mini Market - Jakarta Pusat 01,Agung Alexander,P,Sayur-Sayuran,kacang hijau 1 kg,DKI Jakarta,Jakarta Pusat,1956630
01-05-2022,PHI Mini Market - Jakarta Pusat 01,Agung Alexander,P,Sayur-Sayuran,kacang panjang 1 kg,DKI Jakarta,Jakarta Pusat,2828560
01-05-2022,PHI Mini Market - Jakarta Pusat 01,Agung Alexander,P,Sayur-Sayuran,kentang 1 kg,DKI Jakarta,Jakarta Pusat,2701810
01-05-2022,PHI Mini Market - Jakarta Pusat 01,Agung Alexander,P,Sayur-Sayuran,ketimun 1 kg,DKI Jakarta,Jakarta Pusat,1868900
01-05-2022,PHI Mini Market - Jakarta Pusat 01,Agung Alexander,P,Sayur-Sayuran,kobis 1 kg,DKI Jakarta,Jakarta Pusat,313740
01-05-2022,PHI Mini Market - Jakarta Pusat 01,Agung Alexander,P,Sayur-Sayuran,tomat 1 kg,DKI Jakarta,Jakarta Pusat,1254720
01-05-2022,PHI Mini Market - Jakarta Pusat 01,Agung Alexander,P,Sayur-Sayuran,ubi jalar 1 kg,DKI Jakarta,Jakarta Pusat,536700
01-05-2022,PHI Mini Market - Jakarta Pusat 01,Agung Alexander,P,Sayur-Sayuran,ubi kayu basah 1 kg,DKI Jakarta,Jakarta Pusat,330020
01-05-2022,PHI Mini Market - Jakarta Pusat 01,Agung Alexander,P,Sayur-Sayuran,wortel 1 kg,DKI Jakarta,Jakarta Pusat,929160
01-05-2022,PHI Mini Market - Jakarta Pusat 01,Budiwati Ramah,W,Buah,alpukat 1 kg,DKI Jakarta,Jakarta Pusat,2165630
01-05-2022,PHI Mini Market - Jakarta Pusat 01,Budiwati Ramah,W,Buah,apel 1 kg,DKI Jakarta,Jakarta Pusat,10517980
01-05-2022,PHI Mini Market - Jakarta Pusat 01,Budiwati Ramah,W,Buah,belimbing 1 kg,DKI Jakarta,Jakarta Pusat,863440
01-05-2022,PHI Mini Market - Jakarta Pusat 01,Budiwati Ramah,W,Buah,durian 1 kg,DKI Jakarta,Jakarta Pusat,5862940
01-05-2022,PHI Mini Market - Jakarta Pusat 01,Budiwati Ramah,W,Buah,jeruk 1 kg,DKI Jakarta,Jakarta Pusat,3000830
01-05-2022,PHI Mini Market - Jakarta Pusat 01,Budiwati Ramah,W,Buah,kelapa muda,DKI Jakarta,Jakarta Pusat,1336290
01-05-2022,PHI Mini Market - Jakarta Pusat 01,Budiwati Ramah,W,Buah,mangga 1 kg,DKI Jakarta,Jakarta Pusat,5130750
01-05-2022,PHI Mini Market - Jakarta Pusat 01,Budiwati Ramah,W,Makanan & Minuman,air mineral 600 ml,DKI Jakarta,Jakarta Pusat,307820
01-05-2022,PHI Mini Market - Jakarta Pusat 01,Budiwati Ramah,W,Makanan & Minuman,bumbu fried chicken,DKI Jakarta,Jakarta Pusat,6194550
01-05-2022,PHI Mini Market - Jakarta Pusat 01,Budiwati Ramah,W,Makanan & Minuman,jus kesehatan 600 ml,DKI Jakarta,Jakarta Pusat,2677710
01-05-2022,PHI Mini Market - Jakarta Pusat 01,Budiwati Ramah,W,Makanan & Minuman,kacang goreng 1 kg,DKI Jakarta,Jakarta Pusat,3752180
01-05-2022,PHI Mini Market - Jakarta Pusat 01,Budiwati Ramah,W,Makanan & Minuman,kacang mete 1 kg,DKI Jakarta,Jakarta Pusat,29223890
01-05-2022,PHI Mini Market - Jakarta Pusat 01,Budiwati Ramah,W,Makanan & Minuman,markisa 600 ml,DKI Jakarta,Jakarta Pusat,3352630
01-05-2022,PHI Mini Market - Jakarta Pusat 01,Budiwati Ramah,W,Makanan & Minuman,mie instant 1 kotak (40 bungkus),DKI Jakarta,Jakarta Pusat,39095390
01-05-2022,PHI Mini Market - Jakarta Pusat 01,Budiwati Ramah,W,Makanan & Minuman,minuman probiotik,DKI Jakarta,Jakarta Pusat,312780
01-05-2022,PHI Mini Market - Jakarta Pusat 01,Budiwati Ramah,W,Makanan & Minuman,nasi goreng instant (1 ons),DKI Jakarta,Jakarta Pusat,1538690
01-05-2022,PHI Mini Market - Jakarta Pusat 01,Budiwati Ramah,W,Makanan & Minuman,snack gurih 1 ons,DKI Jakarta,Jakarta Pusat,849310
01-05-2022,PHI Mini Market - Jakarta Pusat 01,Budiwati Ramah,W,Makanan & Minuman,susu kotak (800 ml),DKI Jakarta,Jakarta Pusat,4396940
01-05-2022,PHI Mini Market - Jakarta Pusat 01,Budiwati Ramah,W,Makanan & Minuman,susu kotak 1 l,DKI Jakarta,Jakarta Pusat,3526640
01-05-2022,PHI Mini Market - Jakarta Pusat 01,Budiwati Ramah,W,Makanan & Minuman,telur ayam kampung 1 kg,DKI Jakarta,Jakarta Pusat,7296220
01-05-2022,PHI Mini Market - Jakarta Pusat 01,Budiwati Ramah,W,Makanan & Minuman,telur ayam ras 1 kg,DKI Jakarta,Jakarta Pusat,3526170
01-05-2022,PHI Mini Market - Jakarta Pusat 01,Budiwati Ramah,W,Sayur-Sayuran,bawang merah 1 kg,DKI Jakarta,Jakarta Pusat,3775120
01-05-2022,PHI Mini Market - Jakarta Pusat 01,Budiwati Ramah,W,Sayur-Sayuran,bawang putih 1 kg,DKI Jakarta,Jakarta Pusat,1306300
01-05-2022,PHI Mini Market - Jakarta Pusat 01,Budiwati Ramah,W,Sayur-Sayuran,buncis 1 kg,DKI Jakarta,Jakarta Pusat,2689340
01-05-2022,PHI Mini Market - Jakarta Pusat 01,Budiwati Ramah,W,Sayur-Sayuran,kacang hijau 1 kg,DKI Jakarta,Jakarta Pusat,1696550
01-05-2022,PHI Mini Market - Jakarta Pusat 01,Budiwati Ramah,W,Sayur-Sayuran,kacang panjang 1 kg,DKI Jakarta,Jakarta Pusat,2192740
01-05-2022,PHI Mini Market - Jakarta Pusat 01,Budiwati Ramah,W,Sayur-Sayuran,kentang 1 kg,DKI Jakarta,Jakarta Pusat,3601140
01-05-2022,PHI Mini Market - Jakarta Pusat 01,Budiwati Ramah,W,Sayur-Sayuran,ketimun 1 kg,DKI Jakarta,Jakarta Pusat,1254500
01-05-2022,PHI Mini Market - Jakarta Pusat 01,Budiwati Ramah,W,Sayur-Sayuran,kobis 1 kg,DKI Jakarta,Jakarta Pusat,343850
01-05-2022,PHI Mini Market - Jakarta Pusat 01,Budiwati Ramah,W,Sayur-Sayuran,tomat 1 kg,DKI Jakarta,Jakarta Pusat,1344360
01-05-2022,PHI Mini Market - Jakarta Pusat 01,Budiwati Ramah,W,Sayur-Sayuran,ubi jalar 1 kg,DKI Jakarta,Jakarta Pusat,350840
01-05-2022,PHI Mini Market - Jakarta Pusat 01,Budiwati Ramah,W,Sayur-Sayuran,ubi kayu basah 1 kg,DKI Jakarta,Jakarta Pusat,411640
01-05-2022,PHI Mini Market - Jakarta Pusat 01,Budiwati Ramah,W,Sayur-Sayuran,wortel 1 kg,DKI Jakarta,Jakarta Pusat,844380
01-05-2022,PHI Mini Market - Jakarta Pusat 01,Cahya Terang,W,Buah,alpukat 1 kg,DKI Jakarta,Jakarta Pusat,2581590
01-05-2022,PHI Mini Market - Jakarta Pusat 01,Cahya Terang,W,Buah,apel 1 kg,DKI Jakarta,Jakarta Pusat,16384370
01-05-2022,PHI Mini Market - Jakarta Pusat 01,Cahya Terang,W,Buah,belimbing 1 kg,DKI Jakarta,Jakarta Pusat,1854270
01-05-2022,PHI Mini Market - Jakarta Pusat 01,Cahya Terang,W,Buah,durian 1 kg,DKI Jakarta,Jakarta Pusat,4912060
01-05-2022,PHI Mini Market - Jakarta Pusat 01,Cahya Terang,W,Buah,jeruk 1 kg,DKI Jakarta,Jakarta Pusat,4301050
01-05-2022,PHI Mini Market - Jakarta Pusat 01,Cahya Terang,W,Buah,kelapa muda,DKI Jakarta,Jakarta Pusat,1730000
01-05-2022,PHI Mini Market - Jakarta Pusat 01,Cahya Terang,W,Makanan & Minuman,air mineral 600 ml,DKI Jakarta,Jakarta Pusat,303490
01-05-2022,PHI Mini Market - Jakarta Pusat 01,Cahya Terang,W,Makanan & Minuman,bumbu fried chicken,DKI Jakarta,Jakarta Pusat,4599960
01-05-2022,PHI Mini Market - Jakarta Pusat 01,Cahya Terang,W,Makanan & Minuman,jus kesehatan 600 ml,DKI Jakarta,Jakarta Pusat,2712040
01-05-2022,PHI Mini Market - Jakarta Pusat 01,Cahya Terang,W,Makanan & Minuman,kacang goreng 1 kg,DKI Jakarta,Jakarta Pusat,3775940
01-05-2022,PHI Mini Market - Jakarta Pusat 01,Cahya Terang,W,Makanan & Minuman,kacang mete 1 kg,DKI Jakarta,Jakarta Pusat,26769620
01-05-2022,PHI Mini Market - Jakarta Pusat 01,Cahya Terang,W,Makanan & Minuman,markisa 600 ml,DKI Jakarta,Jakarta Pusat,4523570
01-05-2022,PHI Mini Market - Jakarta Pusat 01,Cahya Terang,W,Makanan & Minuman,mie instant 1 kotak (40 bungkus),DKI Jakarta,Jakarta Pusat,38217450
01-05-2022,PHI Mini Market - Jakarta Pusat 01,Cahya Terang,W,Makanan & Minuman,minuman probiotik,DKI Jakarta,Jakarta Pusat,278520
01-05-2022,PHI Mini Market - Jakarta Pusat 01,Cahya Terang,W,Makanan & Minuman,nasi goreng instant (1 ons),DKI Jakarta,Jakarta Pusat,2376260
01-05-2022,PHI Mini Market - Jakarta Pusat 01,Cahya Terang,W,Makanan & Minuman,snack gurih 1 ons,DKI Jakarta,Jakarta Pusat,1766110
01-05-2022,PHI Mini Market - Jakarta Pusat 01,Cahya Terang,W,Makanan & Minuman,susu kotak (800 ml),DKI Jakarta,Jakarta Pusat,2279980
01-05-2022,PHI Mini Market - Jakarta Pusat 01,Cahya Terang,W,Makanan & Minuman,susu kotak 1 l,DKI Jakarta,Jakarta Pusat,2301900
01-05-2022,PHI Mini Market - Jakarta Pusat 01,Cahya Terang,W,Makanan & Minuman,telur ayam kampung 1 kg,DKI Jakarta,Jakarta Pusat,4654270
01-05-2022,PHI Mini Market - Jakarta Pusat 01,Cahya Terang,W,Makanan & Minuman,telur ayam ras 1 kg,DKI Jakarta,Jakarta Pusat,4453050
01-05-2022,PHI Mini Market - Jakarta Pusat 01,Cahya Terang,W,Sayur-Sayuran,bawang merah 1 kg,DKI Jakarta,Jakarta Pusat,2932410
01-05-2022,PHI Mini Market - Jakarta Pusat 01,Cahya Terang,W,Sayur-Sayuran,bawang putih 1 kg,DKI Jakarta,Jakarta Pusat,1178410
01-05-2022,PHI Mini Market - Jakarta Pusat 01,Cahya Terang,W,Sayur-Sayuran,buncis 1 kg,DKI Jakarta,Jakarta Pusat,2122580
01-05-2022,PHI Mini Market - Jakarta Pusat 01,Cahya Terang,W,Sayur-Sayuran,kacang hijau 1 kg,DKI Jakarta,Jakarta Pusat,1684790
01-05-2022,PHI Mini Market - Jakarta Pusat 01,Cahya Terang,W,Sayur-Sayuran,kacang panjang 1 kg,DKI Jakarta,Jakarta Pusat,2034210
01-05-2022,PHI Mini Market - Jakarta Pusat 01,Cahya Terang,W,Sayur-Sayuran,kentang 1 kg,DKI Jakarta,Jakarta Pusat,2582440
01-05-2022,PHI Mini Market - Jakarta Pusat 01,Cahya Terang,W,Sayur-Sayuran,ketimun 1 kg,DKI Jakarta,Jakarta Pusat,1270790
01-05-2022,PHI Mini Market - Jakarta Pusat 01,Cahya Terang,W,Sayur-Sayuran,kobis 1 kg,DKI Jakarta,Jakarta Pusat,322060
01-05-2022,PHI Mini Market - Jakarta Pusat 01,Cahya Terang,W,Sayur-Sayuran,tomat 1 kg,DKI Jakarta,Jakarta Pusat,1387530
01-05-2022,PHI Mini Market - Jakarta Pusat 01,Cahya Terang,W,Sayur-Sayuran,ubi jalar 1 kg,DKI Jakarta,Jakarta Pusat,522940
01-05-2022,PHI Mini Market - Jakarta Pusat 01,Cahya Terang,W,Sayur-Sayuran,ubi kayu basah 1 kg,DKI Jakarta,Jakarta Pusat,312170
01-05-2022,PHI Mini Market - Jakarta Pusat 01,Cahya Terang,W,Sayur-Sayuran,wortel 1 kg,DKI Jakarta,Jakarta Pusat,1118030
01-05-2022,PHI Mini Market - Jakarta Pusat 01,Eko Rukun,P,Buah,alpukat 1 kg,DKI Jakarta,Jakarta Pusat,2226400
01-05-2022,PHI Mini Market - Jakarta Pusat 01,Eko Rukun,P,Buah,apel 1 kg,DKI Jakarta,Jakarta Pusat,16440580
01-05-2022,PHI Mini Market - Jakarta Pusat 01,Eko Rukun,P,Buah,belimbing 1 kg,DKI Jakarta,Jakarta Pusat,1121340
01-05-2022,PHI Mini Market - Jakarta Pusat 01,Eko Rukun,P,Buah,durian 1 kg,DKI Jakarta,Jakarta Pusat,6339530
01-05-2022,PHI Mini Market - Jakarta Pusat 01,Eko Rukun,P,Buah,jeruk 1 kg,DKI Jakarta,Jakarta Pusat,4815400
01-05-2022,PHI Mini Market - Jakarta Pusat 01,Eko Rukun,P,Buah,kelapa muda,DKI Jakarta,Jakarta Pusat,1780800
01-05-2022,PHI Mini Market - Jakarta Pusat 01,Eko Rukun,P,Buah,mangga 1 kg,DKI Jakarta,Jakarta Pusat,5052780
01-05-2022,PHI Mini Market - Jakarta Pusat 01,Eko Rukun,P,Makanan & Minuman,air mineral 600 ml,DKI Jakarta,Jakarta Pusat,407310
01-05-2022,PHI Mini Market - Jakarta Pusat 01,Eko Rukun,P,Makanan & Minuman,bumbu fried chicken,DKI Jakarta,Jakarta Pusat,5684970
01-05-2022,PHI Mini Market - Jakarta Pusat 01,Eko Rukun,P,Makanan & Minuman,jus kesehatan 600 ml,DKI Jakarta,Jakarta Pusat,2476060
01-05-2022,PHI Mini Market - Jakarta Pusat 01,Eko Rukun,P,Makanan & Minuman,kacang goreng 1 kg,DKI Jakarta,Jakarta Pusat,4718110
01-05-2022,PHI Mini Market - Jakarta Pusat 01,Eko Rukun,P,Makanan & Minuman,kacang mete 1 kg,DKI Jakarta,Jakarta Pusat,31401050
01-05-2022,PHI Mini Market - Jakarta Pusat 01,Eko Rukun,P,Makanan & Minuman,markisa 600 ml,DKI Jakarta,Jakarta Pusat,6217920
01-05-2022,PHI Mini Market - Jakarta Pusat 01,Eko Rukun,P,Makanan & Minuman,mie instant 1 kotak (40 bungkus),DKI Jakarta,Jakarta Pusat,31079240
01-05-2022,PHI Mini Market - Jakarta Pusat 01,Eko Rukun,P,Makanan & Minuman,minuman probiotik,DKI Jakarta,Jakarta Pusat,329830
01-05-2022,PHI Mini Market - Jakarta Pusat 01,Eko Rukun,P,Makanan & Minuman,nasi goreng instant (1 ons),DKI Jakarta,Jakarta Pusat,1792170
01-05-2022,PHI Mini Market - Jakarta Pusat 01,Eko Rukun,P,Makanan & Minuman,snack gurih 1 ons,DKI Jakarta,Jakarta Pusat,1438590
01-05-2022,PHI Mini Market - Jakarta Pusat 01,Eko Rukun,P,Makanan & Minuman,susu kotak (800 ml),DKI Jakarta,Jakarta Pusat,5353980
01-05-2022,PHI Mini Market - Jakarta Pusat 01,Eko Rukun,P,Makanan & Minuman,susu kotak 1 l,DKI Jakarta,Jakarta Pusat,3324740
01-05-2022,PHI Mini Market - Jakarta Pusat 01,Eko Rukun,P,Makanan & Minuman,telur ayam kampung 1 kg,DKI Jakarta,Jakarta Pusat,6401190
01-05-2022,PHI Mini Market - Jakarta Pusat 01,Eko Rukun,P,Makanan & Minuman,telur ayam ras 1 kg,DKI Jakarta,Jakarta Pusat,2742300
01-05-2022,PHI Mini Market - Jakarta Pusat 01,Eko Rukun,P,Sayur-Sayuran,bawang merah 1 kg,DKI Jakarta,Jakarta Pusat,3430860
01-05-2022,PHI Mini Market - Jakarta Pusat 01,Eko Rukun,P,Sayur-Sayuran,bawang putih 1 kg,DKI Jakarta,Jakarta Pusat,1330810
01-05-2022,PHI Mini Market - Jakarta Pusat 01,Eko Rukun,P,Sayur-Sayuran,buncis 1 kg,DKI Jakarta,Jakarta Pusat,2433720
01-05-2022,PHI Mini Market - Jakarta Pusat 01,Eko Rukun,P,Sayur-Sayuran,kacang hijau 1 kg,DKI Jakarta,Jakarta Pusat,2019440
01-05-2022,PHI Mini Market - Jakarta Pusat 01,Eko Rukun,P,Sayur-Sayuran,kacang panjang 1 kg,DKI Jakarta,Jakarta Pusat,2331300
01-05-2022,PHI Mini Market - Jakarta Pusat 01,Eko Rukun,P,Sayur-Sayuran,kentang 1 kg,DKI Jakarta,Jakarta Pusat,2281800
01-05-2022,PHI Mini Market - Jakarta Pusat 01,Eko Rukun,P,Sayur-Sayuran,ketimun 1 kg,DKI Jakarta,Jakarta Pusat,2696940
01-05-2022,PHI Mini Market - Jakarta Pusat 01,Eko Rukun,P,Sayur-Sayuran,kobis 1 kg,DKI Jakarta,Jakarta Pusat,296410
01-05-2022,PHI Mini Market - Jakarta Pusat 01,Eko Rukun,P,Sayur-Sayuran,tomat 1 kg,DKI Jakarta,Jakarta Pusat,1638910
01-05-2022,PHI Mini Market - Jakarta Pusat 01,Eko Rukun,P,Sayur-Sayuran,ubi jalar 1 kg,DKI Jakarta,Jakarta Pusat,552590
01-05-2022,PHI Mini Market - Jakarta Pusat 01,Eko Rukun,P,Sayur-Sayuran,ubi kayu basah 1 kg,DKI Jakarta,Jakarta Pusat,244280
01-05-2022,PHI Mini Market - Jakarta Pusat 01,Eko Rukun,P,Sayur-Sayuran,wortel 1 kg,DKI Jakarta,Jakarta Pusat,1464980
01-05-2022,PHI Mini Market - Jakarta Pusat 01,Eria Setiawan,W,Buah,alpukat 1 kg,DKI Jakarta,Jakarta Pusat,2097490
01-05-2022,PHI Mini Market - Jakarta Pusat 01,Eria Setiawan,W,Buah,apel 1 kg,DKI Jakarta,Jakarta Pusat,22361960
01-05-2022,PHI Mini Market - Jakarta Pusat 01,Eria Setiawan,W,Buah,belimbing 1 kg,DKI Jakarta,Jakarta Pusat,1112370
01-05-2022,PHI Mini Market - Jakarta Pusat 01,Eria Setiawan,W,Buah,durian 1 kg,DKI Jakarta,Jakarta Pusat,4031260
01-05-2022,PHI Mini Market - Jakarta Pusat 01,Eria Setiawan,W,Buah,jeruk 1 kg,DKI Jakarta,Jakarta Pusat,3985610
01-05-2022,PHI Mini Market - Jakarta Pusat 01,Eria Setiawan,W,Buah,kelapa muda,DKI Jakarta,Jakarta Pusat,1596690
01-05-2022,PHI Mini Market - Jakarta Pusat 01,Eria Setiawan,W,Buah,mangga 1 kg,DKI Jakarta,Jakarta Pusat,5807530
01-05-2022,PHI Mini Market - Jakarta Pusat 01,Eria Setiawan,W,Makanan & Minuman,air mineral 600 ml,DKI Jakarta,Jakarta Pusat,312180
01-05-2022,PHI Mini Market - Jakarta Pusat 01,Eria Setiawan,W,Makanan & Minuman,bumbu fried chicken,DKI Jakarta,Jakarta Pusat,5833890
01-05-2022,PHI Mini Market - Jakarta Pusat 01,Eria Setiawan,W,Makanan & Minuman,jus kesehatan 600 ml,DKI Jakarta,Jakarta Pusat,2044680
01-05-2022,PHI Mini Market - Jakarta Pusat 01,Eria Setiawan,W,Makanan & Minuman,kacang goreng 1 kg,DKI Jakarta,Jakarta Pusat,3506060
01-05-2022,PHI Mini Market - Jakarta Pusat 01,Eria Setiawan,W,Makanan & Minuman,kacang mete 1 kg,DKI Jakarta,Jakarta Pusat,27696740
01-05-2022,PHI Mini Market - Jakarta Pusat 01,Eria Setiawan,W,Makanan & Minuman,markisa 600 ml,DKI Jakarta,Jakarta Pusat,3408570
01-05-2022,PHI Mini Market - Jakarta Pusat 01,Eria Setiawan,W,Makanan & Minuman,mie instant 1 kotak (40 bungkus),DKI Jakarta,Jakarta Pusat,26928220
01-05-2022,PHI Mini Market - Jakarta Pusat 01,Eria Setiawan,W,Makanan & Minuman,minuman probiotik,DKI Jakarta,Jakarta Pusat,363300
01-05-2022,PHI Mini Market - Jakarta Pusat 01,Eria Setiawan,W,Makanan & Minuman,nasi goreng instant (1 ons),DKI Jakarta,Jakarta Pusat,1740540
01-05-2022,PHI Mini Market - Jakarta Pusat 01,Eria Setiawan,W,Makanan & Minuman,snack gurih 1 ons,DKI Jakarta,Jakarta Pusat,1387680
01-05-2022,PHI Mini Market - Jakarta Pusat 01,Eria Setiawan,W,Makanan & Minuman,susu kotak (800 ml),DKI Jakarta,Jakarta Pusat,3468910
01-05-2022,PHI Mini Market - Jakarta Pusat 01,Eria Setiawan,W,Makanan & Minuman,susu kotak 1 l,DKI Jakarta,Jakarta Pusat,4542400
01-05-2022,PHI Mini Market - Jakarta Pusat 01,Eria Setiawan,W,Makanan & Minuman,telur ayam kampung 1 kg,DKI Jakarta,Jakarta Pusat,4950890
01-05-2022,PHI Mini Market - Jakarta Pusat 01,Eria Setiawan,W,Makanan & Minuman,telur ayam ras 1 kg,DKI Jakarta,Jakarta Pusat,3664100
01-05-2022,PHI Mini Market - Jakarta Pusat 01,Eria Setiawan,W,Sayur-Sayuran,bawang merah 1 kg,DKI Jakarta,Jakarta Pusat,3877150
01-05-2022,PHI Mini Market - Jakarta Pusat 01,Eria Setiawan,W,Sayur-Sayuran,bawang putih 1 kg,DKI Jakarta,Jakarta Pusat,1481260
01-05-2022,PHI Mini Market - Jakarta Pusat 01,Eria Setiawan,W,Sayur-Sayuran,buncis 1 kg,DKI Jakarta,Jakarta Pusat,1976650
01-05-2022,PHI Mini Market - Jakarta Pusat 01,Eria Setiawan,W,Sayur-Sayuran,kacang hijau 1 kg,DKI Jakarta,Jakarta Pusat,2332620
01-05-2022,PHI Mini Market - Jakarta Pusat 01,Eria Setiawan,W,Sayur-Sayuran,kacang panjang 1 kg,DKI Jakarta,Jakarta Pusat,1757460
01-05-2022,PHI Mini Market - Jakarta Pusat 01,Eria Setiawan,W,Sayur-Sayuran,kentang 1 kg,DKI Jakarta,Jakarta Pusat,3395940
01-05-2022,PHI Mini Market - Jakarta Pusat 01,Eria Setiawan,W,Sayur-Sayuran,ketimun 1 kg,DKI Jakarta,Jakarta Pusat,1835740
01-05-2022,PHI Mini Market - Jakarta Pusat 01,Eria Setiawan,W,Sayur-Sayuran,kobis 1 kg,DKI Jakarta,Jakarta Pusat,240670
01-05-2022,PHI Mini Market - Jakarta Pusat 01,Eria Setiawan,W,Sayur-Sayuran,tomat 1 kg,DKI Jakarta,Jakarta Pusat,1752650
01-05-2022,PHI Mini Market - Jakarta Pusat 01,Eria Setiawan,W,Sayur-Sayuran,ubi jalar 1 kg,DKI Jakarta,Jakarta Pusat,320880
01-05-2022,PHI Mini Market - Jakarta Pusat 01,Eria Setiawan,W,Sayur-Sayuran,ubi kayu basah 1 kg,DKI Jakarta,Jakarta Pusat,349060
01-05-2022,PHI Mini Market - Jakarta Pusat 01,Eria Setiawan,W,Sayur-Sayuran,wortel 1 kg,DKI Jakarta,Jakarta Pusat,1173830
01-05-2022,PHI Mini Market - Jakarta Pusat 01,Erman Margo,P,Buah,alpukat 1 kg,DKI Jakarta,Jakarta Pusat,1833610
01-05-2022,PHI Mini Market - Jakarta Pusat 01,Erman Margo,P,Buah,apel 1 kg,DKI Jakarta,Jakarta Pusat,14613830
01-05-2022,PHI Mini Market - Jakarta Pusat 01,Erman Margo,P,Buah,belimbing 1 kg,DKI Jakarta,Jakarta Pusat,1087430
01-05-2022,PHI Mini Market - Jakarta Pusat 01,Erman Margo,P,Buah,durian 1 kg,DKI Jakarta,Jakarta Pusat,8130430
01-05-2022,PHI Mini Market - Jakarta Pusat 01,Erman Margo,P,Buah,jeruk 1 kg,DKI Jakarta,Jakarta Pusat,3074020
01-05-2022,PHI Mini Market - Jakarta Pusat 01,Erman Margo,P,Buah,kelapa muda,DKI Jakarta,Jakarta Pusat,2015950
01-05-2022,PHI Mini Market - Jakarta Pusat 01,Erman Margo,P,Buah,mangga 1 kg,DKI Jakarta,Jakarta Pusat,3466300
01-05-2022,PHI Mini Market - Jakarta Pusat 01,Erman Margo,P,Makanan & Minuman,air mineral 600 ml,DKI Jakarta,Jakarta Pusat,335640
01-05-2022,PHI Mini Market - Jakarta Pusat 01,Erman Margo,P,Makanan & Minuman,bumbu fried chicken,DKI Jakarta,Jakarta Pusat,4398390
01-05-2022,PHI Mini Market - Jakarta Pusat 01,Erman Margo,P,Makanan & Minuman,jus kesehatan 600 ml,DKI Jakarta,Jakarta Pusat,3594330
01-05-2022,PHI Mini Market - Jakarta Pusat 01,Erman Margo,P,Makanan & Minuman,kacang goreng 1 kg,DKI Jakarta,Jakarta Pusat,6272100
01-05-2022,PHI Mini Market - Jakarta Pusat 01,Erman Margo,P,Makanan & Minuman,kacang mete 1 kg,DKI Jakarta,Jakarta Pusat,15495290
01-05-2022,PHI Mini Market - Jakarta Pusat 01,Erman Margo,P,Makanan & Minuman,markisa 600 ml,DKI Jakarta,Jakarta Pusat,5004190
01-05-2022,PHI Mini Market - Jakarta Pusat 01,Erman Margo,P,Makanan & Minuman,mie instant 1 kotak (40 bungkus),DKI Jakarta,Jakarta Pusat,32815800
01-05-2022,PHI Mini Market - Jakarta Pusat 01,Erman Margo,P,Makanan & Minuman,minuman probiotik,DKI Jakarta,Jakarta Pusat,303050
01-05-2022,PHI Mini Market - Jakarta Pusat 01,Erman Margo,P,Makanan & Minuman,nasi goreng instant (1 ons),DKI Jakarta,Jakarta Pusat,2386960
01-05-2022,PHI Mini Market - Jakarta Pusat 01,Erman Margo,P,Makanan & Minuman,snack gurih 1 ons,DKI Jakarta,Jakarta Pusat,1258960
01-05-2022,PHI Mini Market - Jakarta Pusat 01,Erman Margo,P,Makanan & Minuman,susu kotak (800 ml),DKI Jakarta,Jakarta Pusat,3197410
01-05-2022,PHI Mini Market - Jakarta Pusat 01,Erman Margo,P,Makanan & Minuman,susu kotak 1 l,DKI Jakarta,Jakarta Pusat,2529440
01-05-2022,PHI Mini Market - Jakarta Pusat 01,Erman Margo,P,Makanan & Minuman,telur ayam kampung 1 kg,DKI Jakarta,Jakarta Pusat,6376920
01-05-2022,PHI Mini Market - Jakarta Pusat 01,Erman Margo,P,Makanan & Minuman,telur ayam ras 1 kg,DKI Jakarta,Jakarta Pusat,3375110
01-05-2022,PHI Mini Market - Jakarta Pusat 01,Erman Margo,P,Sayur-Sayuran,bawang merah 1 kg,DKI Jakarta,Jakarta Pusat,3069940
01-05-2022,PHI Mini Market - Jakarta Pusat 01,Erman Margo,P,Sayur-Sayuran,bawang putih 1 kg,DKI Jakarta,Jakarta Pusat,1439630
01-05-2022,PHI Mini Market - Jakarta Pusat 01,Erman Margo,P,Sayur-Sayuran,buncis 1 kg,DKI Jakarta,Jakarta Pusat,1866400
01-05-2022,PHI Mini Market - Jakarta Pusat 01,Erman Margo,P,Sayur-Sayuran,kacang hijau 1 kg,DKI Jakarta,Jakarta Pusat,2052540
01-05-2022,PHI Mini Market - Jakarta Pusat 01,Erman Margo,P,Sayur-Sayuran,kacang panjang 1 kg,DKI Jakarta,Jakarta Pusat,2148580
01-05-2022,PHI Mini Market - Jakarta Pusat 01,Erman Margo,P,Sayur-Sayuran,kentang 1 kg,DKI Jakarta,Jakarta Pusat,1737450
01-05-2022,PHI Mini Market - Jakarta Pusat 01,Erman Margo,P,Sayur-Sayuran,ketimun 1 kg,DKI Jakarta,Jakarta Pusat,1102940
01-05-2022,PHI Mini Market - Jakarta Pusat 01,Erman Margo,P,Sayur-Sayuran,kobis 1 kg,DKI Jakarta,Jakarta Pusat,337330
01-05-2022,PHI Mini Market - Jakarta Pusat 01,Erman Margo,P,Sayur-Sayuran,tomat 1 kg,DKI Jakarta,Jakarta Pusat,1124020
01-05-2022,PHI Mini Market - Jakarta Pusat 01,Erman Margo,P,Sayur-Sayuran,ubi jalar 1 kg,DKI Jakarta,Jakarta Pusat,302080
01-05-2022,PHI Mini Market - Jakarta Pusat 01,Erman Margo,P,Sayur-Sayuran,ubi kayu basah 1 kg,DKI Jakarta,Jakarta Pusat,392300
01-05-2022,PHI Mini Market - Jakarta Pusat 01,Erman Margo,P,Sayur-Sayuran,wortel 1 kg,DKI Jakarta,Jakarta Pusat,1236740
01-05-2022,PHI Mini Market - Jakarta Pusat 01,Harum Maven,W,Buah,alpukat 1 kg,DKI Jakarta,Jakarta Pusat,2326170
01-05-2022,PHI Mini Market - Jakarta Pusat 01,Harum Maven,W,Buah,apel 1 kg,DKI Jakarta,Jakarta Pusat,14512300
01-05-2022,PHI Mini Market - Jakarta Pusat 01,Harum Maven,W,Buah,belimbing 1 kg,DKI Jakarta,Jakarta Pusat,781930
01-05-2022,PHI Mini Market - Jakarta Pusat 01,Harum Maven,W,Buah,durian 1 kg,DKI Jakarta,Jakarta Pusat,5759740
01-05-2022,PHI Mini Market - Jakarta Pusat 01,Harum Maven,W,Buah,jeruk 1 kg,DKI Jakarta,Jakarta Pusat,3726430
01-05-2022,PHI Mini Market - Jakarta Pusat 01,Harum Maven,W,Buah,kelapa muda,DKI Jakarta,Jakarta Pusat,1774190
01-05-2022,PHI Mini Market - Jakarta Pusat 01,Harum Maven,W,Buah,mangga 1 kg,DKI Jakarta,Jakarta Pusat,3528250
01-05-2022,PHI Mini Market - Jakarta Pusat 01,Harum Maven,W,Makanan & Minuman,air mineral 600 ml,DKI Jakarta,Jakarta Pusat,332930
01-05-2022,PHI Mini Market - Jakarta Pusat 01,Harum Maven,W,Makanan & Minuman,bumbu fried chicken,DKI Jakarta,Jakarta Pusat,3389370
01-05-2022,PHI Mini Market - Jakarta Pusat 01,Harum Maven,W,Makanan & Minuman,jus kesehatan 600 ml,DKI Jakarta,Jakarta Pusat,3275460
01-05-2022,PHI Mini Market - Jakarta Pusat 01,Harum Maven,W,Makanan & Minuman,kacang goreng 1 kg,DKI Jakarta,Jakarta Pusat,4149040
01-05-2022,PHI Mini Market - Jakarta Pusat 01,Harum Maven,W,Makanan & Minuman,kacang mete 1 kg,DKI Jakarta,Jakarta Pusat,28779500
01-05-2022,PHI Mini Market - Jakarta Pusat 01,Harum Maven,W,Makanan & Minuman,markisa 600 ml,DKI Jakarta,Jakarta Pusat,4515840
01-05-2022,PHI Mini Market - Jakarta Pusat 01,Harum Maven,W,Makanan & Minuman,mie instant 1 kotak (40 bungkus),DKI Jakarta,Jakarta Pusat,36473480
01-05-2022,PHI Mini Market - Jakarta Pusat 01,Harum Maven,W,Makanan & Minuman,minuman probiotik,DKI Jakarta,Jakarta Pusat,375480
01-05-2022,PHI Mini Market - Jakarta Pusat 01,Harum Maven,W,Makanan & Minuman,nasi goreng instant (1 ons),DKI Jakarta,Jakarta Pusat,1776730
01-05-2022,PHI Mini Market - Jakarta Pusat 01,Harum Maven,W,Makanan & Minuman,snack gurih 1 ons,DKI Jakarta,Jakarta Pusat,2240950
01-05-2022,PHI Mini Market - Jakarta Pusat 01,Harum Maven,W,Makanan & Minuman,susu kotak (800 ml),DKI Jakarta,Jakarta Pusat,4583020
01-05-2022,PHI Mini Market - Jakarta Pusat 01,Harum Maven,W,Makanan & Minuman,susu kotak 1 l,DKI Jakarta,Jakarta Pusat,1953220
01-05-2022,PHI Mini Market - Jakarta Pusat 01,Harum Maven,W,Makanan & Minuman,telur ayam kampung 1 kg,DKI Jakarta,Jakarta Pusat,6625600
01-05-2022,PHI Mini Market - Jakarta Pusat 01,Harum Maven,W,Makanan & Minuman,telur ayam ras 1 kg,DKI Jakarta,Jakarta Pusat,3624050
01-05-2022,PHI Mini Market - Jakarta Pusat 01,Harum Maven,W,Sayur-Sayuran,bawang merah 1 kg,DKI Jakarta,Jakarta Pusat,4155930
01-05-2022,PHI Mini Market - Jakarta Pusat 01,Harum Maven,W,Sayur-Sayuran,bawang putih 1 kg,DKI Jakarta,Jakarta Pusat,1319720
01-05-2022,PHI Mini Market - Jakarta Pusat 01,Harum Maven,W,Sayur-Sayuran,buncis 1 kg,DKI Jakarta,Jakarta Pusat,1707440
01-05-2022,PHI Mini Market - Jakarta Pusat 01,Harum Maven,W,Sayur-Sayuran,kacang hijau 1 kg,DKI Jakarta,Jakarta Pusat,2039220
01-05-2022,PHI Mini Market - Jakarta Pusat 01,Harum Maven,W,Sayur-Sayuran,kacang panjang 1 kg,DKI Jakarta,Jakarta Pusat,1983470
01-05-2022,PHI Mini Market - Jakarta Pusat 01,Harum Maven,W,Sayur-Sayuran,kentang 1 kg,DKI Jakarta,Jakarta Pusat,1676750
01-05-2022,PHI Mini Market - Jakarta Pusat 01,Harum Maven,W,Sayur-Sayuran,ketimun 1 kg,DKI Jakarta,Jakarta Pusat,1032990
01-05-2022,PHI Mini Market - Jakarta Pusat 01,Harum Maven,W,Sayur-Sayuran,kobis 1 kg,DKI Jakarta,Jakarta Pusat,361070
01-05-2022,PHI Mini Market - Jakarta Pusat 01,Harum Maven,W,Sayur-Sayuran,tomat 1 kg,DKI Jakarta,Jakarta Pusat,2531860
01-05-2022,PHI Mini Market - Jakarta Pusat 01,Harum Maven,W,Sayur-Sayuran,ubi jalar 1 kg,DKI Jakarta,Jakarta Pusat,334130
01-05-2022,PHI Mini Market - Jakarta Pusat 01,Harum Maven,W,Sayur-Sayuran,ubi kayu basah 1 kg,DKI Jakarta,Jakarta Pusat,334120
01-05-2022,PHI Mini Market - Jakarta Pusat 01,Harum Maven,W,Sayur-Sayuran,wortel 1 kg,DKI Jakarta,Jakarta Pusat,937330
01-05-2022,PHI Mini Market - Jakarta Pusat 01,Kristina Damai,W,Buah,alpukat 1 kg,DKI Jakarta,Jakarta Pusat,1913210
01-05-2022,PHI Mini Market - Jakarta Pusat 01,Kristina Damai,W,Buah,apel 1 kg,DKI Jakarta,Jakarta Pusat,15916030
01-05-2022,PHI Mini Market - Jakarta Pusat 01,Kristina Damai,W,Buah,belimbing 1 kg,DKI Jakarta,Jakarta Pusat,688390
01-05-2022,PHI Mini Market - Jakarta Pusat 01,Kristina Damai,W,Buah,durian 1 kg,DKI Jakarta,Jakarta Pusat,6270050
01-05-2022,PHI Mini Market - Jakarta Pusat 01,Kristina Damai,W,Buah,jeruk 1 kg,DKI Jakarta,Jakarta Pusat,4121940
01-05-2022,PHI Mini Market - Jakarta Pusat 01,Kristina Damai,W,Buah,kelapa muda,DKI Jakarta,Jakarta Pusat,870710
01-05-2022,PHI Mini Market - Jakarta Pusat 01,Kristina Damai,W,Buah,mangga 1 kg,DKI Jakarta,Jakarta Pusat,6560320
01-05-2022,PHI Mini Market - Jakarta Pusat 01,Kristina Damai,W,Makanan & Minuman,air mineral 600 ml,DKI Jakarta,Jakarta Pusat,266410
01-05-2022,PHI Mini Market - Jakarta Pusat 01,Kristina Damai,W,Makanan & Minuman,bumbu fried chicken,DKI Jakarta,Jakarta Pusat,4864320
01-05-2022,PHI Mini Market - Jakarta Pusat 01,Kristina Damai,W,Makanan & Minuman,jus kesehatan 600 ml,DKI Jakarta,Jakarta Pusat,2055990
01-05-2022,PHI Mini Market - Jakarta Pusat 01,Kristina Damai,W,Makanan & Minuman,kacang goreng 1 kg,DKI Jakarta,Jakarta Pusat,4195600
01-05-2022,PHI Mini Market - Jakarta Pusat 01,Kristina Damai,W,Makanan & Minuman,kacang mete 1 kg,DKI Jakarta,Jakarta Pusat,22880930
01-05-2022,PHI Mini Market - Jakarta Pusat 01,Kristina Damai,W,Makanan & Minuman,markisa 600 ml,DKI Jakarta,Jakarta Pusat,4732820
01-05-2022,PHI Mini Market - Jakarta Pusat 01,Kristina Damai,W,Makanan & Minuman,mie instant 1 kotak (40 bungkus),DKI Jakarta,Jakarta Pusat,37056230
01-05-2022,PHI Mini Market - Jakarta Pusat 01,Kristina Damai,W,Makanan & Minuman,minuman probiotik,DKI Jakarta,Jakarta Pusat,302240
01-05-2022,PHI Mini Market - Jakarta Pusat 01,Kristina Damai,W,Makanan & Minuman,nasi goreng instant (1 ons),DKI Jakarta,Jakarta Pusat,2750750
01-05-2022,PHI Mini Market - Jakarta Pusat 01,Kristina Damai,W,Makanan & Minuman,snack gurih 1 ons,DKI Jakarta,Jakarta Pusat,1483750
01-05-2022,PHI Mini Market - Jakarta Pusat 01,Kristina Damai,W,Makanan & Minuman,susu kotak (800 ml),DKI Jakarta,Jakarta Pusat,4766960
01-05-2022,PHI Mini Market - Jakarta Pusat 01,Kristina Damai,W,Makanan & Minuman,susu kotak 1 l,DKI Jakarta,Jakarta Pusat,2211020
01-05-2022,PHI Mini Market - Jakarta Pusat 01,Kristina Damai,W,Makanan & Minuman,telur ayam kampung 1 kg,DKI Jakarta,Jakarta Pusat,5799770
01-05-2022,PHI Mini Market - Jakarta Pusat 01,Kristina Damai,W,Makanan & Minuman,telur ayam ras 1 kg,DKI Jakarta,Jakarta Pusat,3410060
01-05-2022,PHI Mini Market - Jakarta Pusat 01,Kristina Damai,W,Sayur-Sayuran,bawang merah 1 kg,DKI Jakarta,Jakarta Pusat,4000920
01-05-2022,PHI Mini Market - Jakarta Pusat 01,Kristina Damai,W,Sayur-Sayuran,bawang putih 1 kg,DKI Jakarta,Jakarta Pusat,1486830
01-05-2022,PHI Mini Market - Jakarta Pusat 01,Kristina Damai,W,Sayur-Sayuran,buncis 1 kg,DKI Jakarta,Jakarta Pusat,2019120
01-05-2022,PHI Mini Market - Jakarta Pusat 01,Kristina Damai,W,Sayur-Sayuran,kacang hijau 1 kg,DKI Jakarta,Jakarta Pusat,2533640
01-05-2022,PHI Mini Market - Jakarta Pusat 01,Kristina Damai,W,Sayur-Sayuran,kacang panjang 1 kg,DKI Jakarta,Jakarta Pusat,2175050
01-05-2022,PHI Mini Market - Jakarta Pusat 01,Kristina Damai,W,Sayur-Sayuran,kentang 1 kg,DKI Jakarta,Jakarta Pusat,2141240
01-05-2022,PHI Mini Market - Jakarta Pusat 01,Kristina Damai,W,Sayur-Sayuran,ketimun 1 kg,DKI Jakarta,Jakarta Pusat,1752480
01-05-2022,PHI Mini Market - Jakarta Pusat 01,Kristina Damai,W,Sayur-Sayuran,kobis 1 kg,DKI Jakarta,Jakarta Pusat,469800
01-05-2022,PHI Mini Market - Jakarta Pusat 01,Kristina Damai,W,Sayur-Sayuran,tomat 1 kg,DKI Jakarta,Jakarta Pusat,1299320
01-05-2022,PHI Mini Market - Jakarta Pusat 01,Kristina Damai,W,Sayur-Sayuran,ubi jalar 1 kg,DKI Jakarta,Jakarta Pusat,308520
01-05-2022,PHI Mini Market - Jakarta Pusat 01,Kristina Damai,W,Sayur-Sayuran,ubi kayu basah 1 kg,DKI Jakarta,Jakarta Pusat,410760
01-05-2022,PHI Mini Market - Jakarta Pusat 01,Kristina Damai,W,Sayur-Sayuran,wortel 1 kg,DKI Jakarta,Jakarta Pusat,1115130
01-05-2022,PHI Mini Market - Jakarta Pusat 01,Kusuma Dominik,P,Buah,alpukat 1 kg,DKI Jakarta,Jakarta Pusat,2465850
01-05-2022,PHI Mini Market - Jakarta Pusat 01,Kusuma Dominik,P,Buah,apel 1 kg,DKI Jakarta,Jakarta Pusat,16824270
01-05-2022,PHI Mini Market - Jakarta Pusat 01,Kusuma Dominik,P,Buah,belimbing 1 kg,DKI Jakarta,Jakarta Pusat,1560630
01-05-2022,PHI Mini Market - Jakarta Pusat 01,Kusuma Dominik,P,Buah,durian 1 kg,DKI Jakarta,Jakarta Pusat,5470850
01-05-2022,PHI Mini Market - Jakarta Pusat 01,Kusuma Dominik,P,Buah,jeruk 1 kg,DKI Jakarta,Jakarta Pusat,5285310
01-05-2022,PHI Mini Market - Jakarta Pusat 01,Kusuma Dominik,P,Buah,kelapa muda,DKI Jakarta,Jakarta Pusat,1629280
01-05-2022,PHI Mini Market - Jakarta Pusat 01,Kusuma Dominik,P,Makanan & Minuman,air mineral 600 ml,DKI Jakarta,Jakarta Pusat,524040
01-05-2022,PHI Mini Market - Jakarta Pusat 01,Kusuma Dominik,P,Makanan & Minuman,bumbu fried chicken,DKI Jakarta,Jakarta Pusat,4645020
01-05-2022,PHI Mini Market - Jakarta Pusat 01,Kusuma Dominik,P,Makanan & Minuman,jus kesehatan 600 ml,DKI Jakarta,Jakarta Pusat,3959560
01-05-2022,PHI Mini Market - Jakarta Pusat 01,Kusuma Dominik,P,Makanan & Minuman,kacang goreng 1 kg,DKI Jakarta,Jakarta Pusat,5947900
01-05-2022,PHI Mini Market - Jakarta Pusat 01,Kusuma Dominik,P,Makanan & Minuman,kacang mete 1 kg,DKI Jakarta,Jakarta Pusat,17505170
01-05-2022,PHI Mini Market - Jakarta Pusat 01,Kusuma Dominik,P,Makanan & Minuman,markisa 600 ml,DKI Jakarta,Jakarta Pusat,6511030
01-05-2022,PHI Mini Market - Jakarta Pusat 01,Kusuma Dominik,P,Makanan & Minuman,mie instant 1 kotak (40 bungkus),DKI Jakarta,Jakarta Pusat,34992780
01-05-2022,PHI Mini Market - Jakarta Pusat 01,Kusuma Dominik,P,Makanan & Minuman,minuman probiotik,DKI Jakarta,Jakarta Pusat,389690
01-05-2022,PHI Mini Market - Jakarta Pusat 01,Kusuma Dominik,P,Makanan & Minuman,nasi goreng instant (1 ons),DKI Jakarta,Jakarta Pusat,2046250
01-05-2022,PHI Mini Market - Jakarta Pusat 01,Kusuma Dominik,P,Makanan & Minuman,snack gurih 1 ons,DKI Jakarta,Jakarta Pusat,2045650
01-05-2022,PHI Mini Market - Jakarta Pusat 01,Kusuma Dominik,P,Makanan & Minuman,susu kotak (800 ml),DKI Jakarta,Jakarta Pusat,3479550
01-05-2022,PHI Mini Market - Jakarta Pusat 01,Kusuma Dominik,P,Makanan & Minuman,susu kotak 1 l,DKI Jakarta,Jakarta Pusat,2391380
01-05-2022,PHI Mini Market - Jakarta Pusat 01,Kusuma Dominik,P,Makanan & Minuman,telur ayam kampung 1 kg,DKI Jakarta,Jakarta Pusat,5042950
01-05-2022,PHI Mini Market - Jakarta Pusat 01,Kusuma Dominik,P,Makanan & Minuman,telur ayam ras 1 kg,DKI Jakarta,Jakarta Pusat,4761620
01-05-2022,PHI Mini Market - Jakarta Pusat 01,Kusuma Dominik,P,Sayur-Sayuran,bawang merah 1 kg,DKI Jakarta,Jakarta Pusat,3354550
01-05-2022,PHI Mini Market - Jakarta Pusat 01,Kusuma Dominik,P,Sayur-Sayuran,bawang putih 1 kg,DKI Jakarta,Jakarta Pusat,1927570
01-05-2022,PHI Mini Market - Jakarta Pusat 01,Kusuma Dominik,P,Sayur-Sayuran,buncis 1 kg,DKI Jakarta,Jakarta Pusat,2000620
01-05-2022,PHI Mini Market - Jakarta Pusat 01,Kusuma Dominik,P,Sayur-Sayuran,kacang hijau 1 kg,DKI Jakarta,Jakarta Pusat,3731740
01-05-2022,PHI Mini Market - Jakarta Pusat 01,Kusuma Dominik,P,Sayur-Sayuran,kacang panjang 1 kg,DKI Jakarta,Jakarta Pusat,2959480
01-05-2022,PHI Mini Market - Jakarta Pusat 01,Kusuma Dominik,P,Sayur-Sayuran,kentang 1 kg,DKI Jakarta,Jakarta Pusat,3008480
01-05-2022,PHI Mini Market - Jakarta Pusat 01,Kusuma Dominik,P,Sayur-Sayuran,ketimun 1 kg,DKI Jakarta,Jakarta Pusat,1214730
01-05-2022,PHI Mini Market - Jakarta Pusat 01,Kusuma Dominik,P,Sayur-Sayuran,kobis 1 kg,DKI Jakarta,Jakarta Pusat,386530
01-05-2022,PHI Mini Market - Jakarta Pusat 01,Kusuma Dominik,P,Sayur-Sayuran,tomat 1 kg,DKI Jakarta,Jakarta Pusat,1621040
01-05-2022,PHI Mini Market - Jakarta Pusat 01,Kusuma Dominik,P,Sayur-Sayuran,ubi jalar 1 kg,DKI Jakarta,Jakarta Pusat,385790
01-05-2022,PHI Mini Market - Jakarta Pusat 01,Kusuma Dominik,P,Sayur-Sayuran,ubi kayu basah 1 kg,DKI Jakarta,Jakarta Pusat,380250
01-05-2022,PHI Mini Market - Jakarta Pusat 01,Kusuma Dominik,P,Sayur-Sayuran,wortel 1 kg,DKI Jakarta,Jakarta Pusat,591810
01-05-2022,PHI Mini Market - Jakarta Pusat 01,Sentosa Indrawan,P,Buah,alpukat 1 kg,DKI Jakarta,Jakarta Pusat,2702250
01-05-2022,PHI Mini Market - Jakarta Pusat 01,Sentosa Indrawan,P,Buah,apel 1 kg,DKI Jakarta,Jakarta Pusat,23980820
01-05-2022,PHI Mini Market - Jakarta Pusat 01,Sentosa Indrawan,P,Buah,belimbing 1 kg,DKI Jakarta,Jakarta Pusat,1204500
01-05-2022,PHI Mini Market - Jakarta Pusat 01,Sentosa Indrawan,P,Buah,durian 1 kg,DKI Jakarta,Jakarta Pusat,3579010
01-05-2022,PHI Mini Market - Jakarta Pusat 01,Sentosa Indrawan,P,Buah,jeruk 1 kg,DKI Jakarta,Jakarta Pusat,3846730
01-05-2022,PHI Mini Market - Jakarta Pusat 01,Sentosa Indrawan,P,Buah,kelapa muda,DKI Jakarta,Jakarta Pusat,1839700
01-05-2022,PHI Mini Market - Jakarta Pusat 01,Sentosa Indrawan,P,Makanan & Minuman,air mineral 600 ml,DKI Jakarta,Jakarta Pusat,326640
01-05-2022,PHI Mini Market - Jakarta Pusat 01,Sentosa Indrawan,P,Makanan & Minuman,bumbu fried chicken,DKI Jakarta,Jakarta Pusat,1812540
01-05-2022,PHI Mini Market - Jakarta Pusat 01,Sentosa Indrawan,P,Makanan & Minuman,jus kesehatan 600 ml,DKI Jakarta,Jakarta Pusat,1665270
01-05-2022,PHI Mini Market - Jakarta Pusat 01,Sentosa Indrawan,P,Makanan & Minuman,kacang goreng 1 kg,DKI Jakarta,Jakarta Pusat,4205730
01-05-2022,PHI Mini Market - Jakarta Pusat 01,Sentosa Indrawan,P,Makanan & Minuman,kacang mete 1 kg,DKI Jakarta,Jakarta Pusat,20003170
01-05-2022,PHI Mini Market - Jakarta Pusat 01,Sentosa Indrawan,P,Makanan & Minuman,markisa 600 ml,DKI Jakarta,Jakarta Pusat,4403410
01-05-2022,PHI Mini Market - Jakarta Pusat 01,Sentosa Indrawan,P,Makanan & Minuman,mie instant 1 kotak (40 bungkus),DKI Jakarta,Jakarta Pusat,24354070
01-05-2022,PHI Mini Market - Jakarta Pusat 01,Sentosa Indrawan,P,Makanan & Minuman,minuman probiotik,DKI Jakarta,Jakarta Pusat,338020
01-05-2022,PHI Mini Market - Jakarta Pusat 01,Sentosa Indrawan,P,Makanan & Minuman,nasi goreng instant (1 ons),DKI Jakarta,Jakarta Pusat,1834730
01-05-2022,PHI Mini Market - Jakarta Pusat 01,Sentosa Indrawan,P,Makanan & Minuman,snack gurih 1 ons,DKI Jakarta,Jakarta Pusat,1207720
01-05-2022,PHI Mini Market - Jakarta Pusat 01,Sentosa Indrawan,P,Makanan & Minuman,susu kotak (800 ml),DKI Jakarta,Jakarta Pusat,5024050
01-05-2022,PHI Mini Market - Jakarta Pusat 01,Sentosa Indrawan,P,Makanan & Minuman,susu kotak 1 l,DKI Jakarta,Jakarta Pusat,2879140
01-05-2022,PHI Mini Market - Jakarta Pusat 01,Sentosa Indrawan,P,Makanan & Minuman,telur ayam kampung 1 kg,DKI Jakarta,Jakarta Pusat,6525780
01-05-2022,PHI Mini Market - Jakarta Pusat 01,Sentosa Indrawan,P,Makanan & Minuman,telur ayam ras 1 kg,DKI Jakarta,Jakarta Pusat,5671930
01-05-2022,PHI Mini Market - Jakarta Pusat 01,Sentosa Indrawan,P,Sayur-Sayuran,bawang merah 1 kg,DKI Jakarta,Jakarta Pusat,4789910
01-05-2022,PHI Mini Market - Jakarta Pusat 01,Sentosa Indrawan,P,Sayur-Sayuran,bawang putih 1 kg,DKI Jakarta,Jakarta Pusat,1525210
01-05-2022,PHI Mini Market - Jakarta Pusat 01,Sentosa Indrawan,P,Sayur-Sayuran,buncis 1 kg,DKI Jakarta,Jakarta Pusat,1690550
01-05-2022,PHI Mini Market - Jakarta Pusat 01,Sentosa Indrawan,P,Sayur-Sayuran,kacang hijau 1 kg,DKI Jakarta,Jakarta Pusat,1667990
01-05-2022,PHI Mini Market - Jakarta Pusat 01,Sentosa Indrawan,P,Sayur-Sayuran,kacang panjang 1 kg,DKI Jakarta,Jakarta Pusat,1548900
01-05-2022,PHI Mini Market - Jakarta Pusat 01,Sentosa Indrawan,P,Sayur-Sayuran,kentang 1 kg,DKI Jakarta,Jakarta Pusat,2788230
01-05-2022,PHI Mini Market - Jakarta Pusat 01,Sentosa Indrawan,P,Sayur-Sayuran,ketimun 1 kg,DKI Jakarta,Jakarta Pusat,977910
01-05-2022,PHI Mini Market - Jakarta Pusat 01,Sentosa Indrawan,P,Sayur-Sayuran,kobis 1 kg,DKI Jakarta,Jakarta Pusat,245940
01-05-2022,PHI Mini Market - Jakarta Pusat 01,Sentosa Indrawan,P,Sayur-Sayuran,tomat 1 kg,DKI Jakarta,Jakarta Pusat,1102160
01-05-2022,PHI Mini Market - Jakarta Pusat 01,Sentosa Indrawan,P,Sayur-Sayuran,ubi jalar 1 kg,DKI Jakarta,Jakarta Pusat,362730
01-05-2022,PHI Mini Market - Jakarta Pusat 01,Sentosa Indrawan,P,Sayur-Sayuran,ubi kayu basah 1 kg,DKI Jakarta,Jakarta Pusat,272800
01-05-2022,PHI Mini Market - Jakarta Pusat 01,Sentosa Indrawan,P,Sayur-Sayuran,wortel 1 kg,DKI Jakarta,Jakarta Pusat,1065900
01-05-2022,PHI Mini Market - Makassar 01,Agus Dewangga,P,Buah,alpukat 1 kg,Sulawesi Selatan,Makassar,2768110
01-05-2022,PHI Mini Market - Makassar 01,Agus Dewangga,P,Buah,apel 1 kg,Sulawesi Selatan,Makassar,13942600
01-05-2022,PHI Mini Market - Makassar 01,Agus Dewangga,P,Buah,belimbing 1 kg,Sulawesi Selatan,Makassar,1059920
01-05-2022,PHI Mini Market - Makassar 01,Agus Dewangga,P,Buah,durian 1 kg,Sulawesi Selatan,Makassar,6772870
01-05-2022,PHI Mini Market - Makassar 01,Agus Dewangga,P,Buah,jeruk 1 kg,Sulawesi Selatan,Makassar,2990770
01-05-2022,PHI Mini Market - Makassar 01,Agus Dewangga,P,Buah,kelapa muda,Sulawesi Selatan,Makassar,2131380
01-05-2022,PHI Mini Market - Makassar 01,Agus Dewangga,P,Buah,mangga 1 kg,Sulawesi Selatan,Makassar,6621310
01-05-2022,PHI Mini Market - Makassar 01,Agus Dewangga,P,Makanan & Minuman,air mineral 600 ml,Sulawesi Selatan,Makassar,339850
01-05-2022,PHI Mini Market - Makassar 01,Agus Dewangga,P,Makanan & Minuman,bumbu fried chicken,Sulawesi Selatan,Makassar,5364570
01-05-2022,PHI Mini Market - Makassar 01,Agus Dewangga,P,Makanan & Minuman,jus kesehatan 600 ml,Sulawesi Selatan,Makassar,2260710
01-05-2022,PHI Mini Market - Makassar 01,Agus Dewangga,P,Makanan & Minuman,kacang goreng 1 kg,Sulawesi Selatan,Makassar,3281800
01-05-2022,PHI Mini Market - Makassar 01,Agus Dewangga,P,Makanan & Minuman,kacang mete 1 kg,Sulawesi Selatan,Makassar,19957710
01-05-2022,PHI Mini Market - Makassar 01,Agus Dewangga,P,Makanan & Minuman,markisa 600 ml,Sulawesi Selatan,Makassar,4140990
01-05-2022,PHI Mini Market - Makassar 01,Agus Dewangga,P,Makanan & Minuman,mie instant 1 kotak (40 bungkus),Sulawesi Selatan,Makassar,31737100
01-05-2022,PHI Mini Market - Makassar 01,Agus Dewangga,P,Makanan & Minuman,minuman probiotik,Sulawesi Selatan,Makassar,293770
01-05-2022,PHI Mini Market - Makassar 01,Agus Dewangga,P,Makanan & Minuman,nasi goreng instant (1 ons),Sulawesi Selatan,Makassar,1207740
01-05-2022,PHI Mini Market - Makassar 01,Agus Dewangga,P,Makanan & Minuman,snack gurih 1 ons,Sulawesi Selatan,Makassar,2090450
01-05-2022,PHI Mini Market - Makassar 01,Agus Dewangga,P,Makanan & Minuman,susu kotak (800 ml),Sulawesi Selatan,Makassar,5714080
01-05-2022,PHI Mini Market - Makassar 01,Agus Dewangga,P,Makanan & Minuman,susu kotak 1 l,Sulawesi Selatan,Makassar,3135620
01-05-2022,PHI Mini Market - Makassar 01,Agus Dewangga,P,Makanan & Minuman,telur ayam kampung 1 kg,Sulawesi Selatan,Makassar,7910800
01-05-2022,PHI Mini Market - Makassar 01,Agus Dewangga,P,Makanan & Minuman,telur ayam ras 1 kg,Sulawesi Selatan,Makassar,4805480
01-05-2022,PHI Mini Market - Makassar 01,Agus Dewangga,P,Sayur-Sayuran,bawang merah 1 kg,Sulawesi Selatan,Makassar,3676620
01-05-2022,PHI Mini Market - Makassar 01,Agus Dewangga,P,Sayur-Sayuran,bawang putih 1 kg,Sulawesi Selatan,Makassar,1125750
01-05-2022,PHI Mini Market - Makassar 01,Agus Dewangga,P,Sayur-Sayuran,buncis 1 kg,Sulawesi Selatan,Makassar,1571700
01-05-2022,PHI Mini Market - Makassar 01,Agus Dewangga,P,Sayur-Sayuran,kacang hijau 1 kg,Sulawesi Selatan,Makassar,2168770
01-05-2022,PHI Mini Market - Makassar 01,Agus Dewangga,P,Sayur-Sayuran,kacang panjang 1 kg,Sulawesi Selatan,Makassar,3223390
01-05-2022,PHI Mini Market - Makassar 01,Agus Dewangga,P,Sayur-Sayuran,kentang 1 kg,Sulawesi Selatan,Makassar,2687190
01-05-2022,PHI Mini Market - Makassar 01,Agus Dewangga,P,Sayur-Sayuran,ketimun 1 kg,Sulawesi Selatan,Makassar,1454650
01-05-2022,PHI Mini Market - Makassar 01,Agus Dewangga,P,Sayur-Sayuran,kobis 1 kg,Sulawesi Selatan,Makassar,405030
01-05-2022,PHI Mini Market - Makassar 01,Agus Dewangga,P,Sayur-Sayuran,tomat 1 kg,Sulawesi Selatan,Makassar,1330190
01-05-2022,PHI Mini Market - Makassar 01,Agus Dewangga,P,Sayur-Sayuran,ubi jalar 1 kg,Sulawesi Selatan,Makassar,294600
01-05-2022,PHI Mini Market - Makassar 01,Agus Dewangga,P,Sayur-Sayuran,ubi kayu basah 1 kg,Sulawesi Selatan,Makassar,475250
01-05-2022,PHI Mini Market - Makassar 01,Agus Dewangga,P,Sayur-Sayuran,wortel 1 kg,Sulawesi Selatan,Makassar,1000790
01-05-2022,PHI Mini Market - Makassar 01,Bintang Maven,W,Buah,alpukat 1 kg,Sulawesi Selatan,Makassar,1947060
01-05-2022,PHI Mini Market - Makassar 01,Bintang Maven,W,Buah,apel 1 kg,Sulawesi Selatan,Makassar,18314750
01-05-2022,PHI Mini Market - Makassar 01,Bintang Maven,W,Buah,belimbing 1 kg,Sulawesi Selatan,Makassar,1613160
01-05-2022,PHI Mini Market - Makassar 01,Bintang Maven,W,Buah,durian 1 kg,Sulawesi Selatan,Makassar,3947580
01-05-2022,PHI Mini Market - Makassar 01,Bintang Maven,W,Buah,jeruk 1 kg,Sulawesi Selatan,Makassar,3804300
01-05-2022,PHI Mini Market - Makassar 01,Bintang Maven,W,Buah,kelapa muda,Sulawesi Selatan,Makassar,1155180
01-05-2022,PHI Mini Market - Makassar 01,Bintang Maven,W,Buah,mangga 1 kg,Sulawesi Selatan,Makassar,4533730
01-05-2022,PHI Mini Market - Makassar 01,Bintang Maven,W,Makanan & Minuman,air mineral 600 ml,Sulawesi Selatan,Makassar,390080
01-05-2022,PHI Mini Market - Makassar 01,Bintang Maven,W,Makanan & Minuman,bumbu fried chicken,Sulawesi Selatan,Makassar,5313510
01-05-2022,PHI Mini Market - Makassar 01,Bintang Maven,W,Makanan & Minuman,jus kesehatan 600 ml,Sulawesi Selatan,Makassar,3421670
01-05-2022,PHI Mini Market - Makassar 01,Bintang Maven,W,Makanan & Minuman,kacang goreng 1 kg,Sulawesi Selatan,Makassar,4416550
01-05-2022,PHI Mini Market - Makassar 01,Bintang Maven,W,Makanan & Minuman,kacang mete 1 kg,Sulawesi Selatan,Makassar,20667120
01-05-2022,PHI Mini Market - Makassar 01,Bintang Maven,W,Makanan & Minuman,markisa 600 ml,Sulawesi Selatan,Makassar,4408820
01-05-2022,PHI Mini Market - Makassar 01,Bintang Maven,W,Makanan & Minuman,mie instant 1 kotak (40 bungkus),Sulawesi Selatan,Makassar,38689500
01-05-2022,PHI Mini Market - Makassar 01,Bintang Maven,W,Makanan & Minuman,minuman probiotik,Sulawesi Selatan,Makassar,253500
01-05-2022,PHI Mini Market - Makassar 01,Bintang Maven,W,Makanan & Minuman,nasi goreng instant (1 ons),Sulawesi Selatan,Makassar,1531350
01-05-2022,PHI Mini Market - Makassar 01,Bintang Maven,W,Makanan & Minuman,snack gurih 1 ons,Sulawesi Selatan,Makassar,1580600
01-05-2022,PHI Mini Market - Makassar 01,Bintang Maven,W,Makanan & Minuman,susu kotak (800 ml),Sulawesi Selatan,Makassar,3879540
01-05-2022,PHI Mini Market - Makassar 01,Bintang Maven,W,Makanan & Minuman,susu kotak 1 l,Sulawesi Selatan,Makassar,2266180
01-05-2022,PHI Mini Market - Makassar 01,Bintang Maven,W,Makanan & Minuman,telur ayam kampung 1 kg,Sulawesi Selatan,Makassar,6364030
01-05-2022,PHI Mini Market - Makassar 01,Bintang Maven,W,Makanan & Minuman,telur ayam ras 1 kg,Sulawesi Selatan,Makassar,4462560
01-05-2022,PHI Mini Market - Makassar 01,Bintang Maven,W,Sayur-Sayuran,bawang merah 1 kg,Sulawesi Selatan,Makassar,4696460
01-05-2022,PHI Mini Market - Makassar 01,Bintang Maven,W,Sayur-Sayuran,bawang putih 1 kg,Sulawesi Selatan,Makassar,1352620
01-05-2022,PHI Mini Market - Makassar 01,Bintang Maven,W,Sayur-Sayuran,buncis 1 kg,Sulawesi Selatan,Makassar,1581950
01-05-2022,PHI Mini Market - Makassar 01,Bintang Maven,W,Sayur-Sayuran,kacang hijau 1 kg,Sulawesi Selatan,Makassar,2468630
01-05-2022,PHI Mini Market - Makassar 01,Bintang Maven,W,Sayur-Sayuran,kacang panjang 1 kg,Sulawesi Selatan,Makassar,2109880
01-05-2022,PHI Mini Market - Makassar 01,Bintang Maven,W,Sayur-Sayuran,kentang 1 kg,Sulawesi Selatan,Makassar,2509120
01-05-2022,PHI Mini Market - Makassar 01,Bintang Maven,W,Sayur-Sayuran,ketimun 1 kg,Sulawesi Selatan,Makassar,801730
01-05-2022,PHI Mini Market - Makassar 01,Bintang Maven,W,Sayur-Sayuran,kobis 1 kg,Sulawesi Selatan,Makassar,345240
01-05-2022,PHI Mini Market - Makassar 01,Bintang Maven,W,Sayur-Sayuran,tomat 1 kg,Sulawesi Selatan,Makassar,1817790
01-05-2022,PHI Mini Market - Makassar 01,Bintang Maven,W,Sayur-Sayuran,ubi jalar 1 kg,Sulawesi Selatan,Makassar,482380
01-05-2022,PHI Mini Market - Makassar 01,Bintang Maven,W,Sayur-Sayuran,ubi kayu basah 1 kg,Sulawesi Selatan,Makassar,468780
01-05-2022,PHI Mini Market - Makassar 01,Bintang Maven,W,Sayur-Sayuran,wortel 1 kg,Sulawesi Selatan,Makassar,1124780
01-05-2022,PHI Mini Market - Makassar 01,Eriq Jagat,P,Buah,alpukat 1 kg,Sulawesi Selatan,Makassar,1379580
01-05-2022,PHI Mini Market - Makassar 01,Eriq Jagat,P,Buah,apel 1 kg,Sulawesi Selatan,Makassar,14749110
01-05-2022,PHI Mini Market - Makassar 01,Eriq Jagat,P,Buah,belimbing 1 kg,Sulawesi Selatan,Makassar,1361890
01-05-2022,PHI Mini Market - Makassar 01,Eriq Jagat,P,Buah,durian 1 kg,Sulawesi Selatan,Makassar,4712410
01-05-2022,PHI Mini Market - Makassar 01,Eriq Jagat,P,Buah,jeruk 1 kg,Sulawesi Selatan,Makassar,3063740
01-05-2022,PHI Mini Market - Makassar 01,Eriq Jagat,P,Buah,kelapa muda,Sulawesi Selatan,Makassar,1478790
01-05-2022,PHI Mini Market - Makassar 01,Eriq Jagat,P,Makanan & Minuman,air mineral 600 ml,Sulawesi Selatan,Makassar,380110
01-05-2022,PHI Mini Market - Makassar 01,Eriq Jagat,P,Makanan & Minuman,bumbu fried chicken,Sulawesi Selatan,Makassar,4252020
01-05-2022,PHI Mini Market - Makassar 01,Eriq Jagat,P,Makanan & Minuman,jus kesehatan 600 ml,Sulawesi Selatan,Makassar,2794570
01-05-2022,PHI Mini Market - Makassar 01,Eriq Jagat,P,Makanan & Minuman,kacang goreng 1 kg,Sulawesi Selatan,Makassar,4975050
01-05-2022,PHI Mini Market - Makassar 01,Eriq Jagat,P,Makanan & Minuman,kacang mete 1 kg,Sulawesi Selatan,Makassar,29023640
01-05-2022,PHI Mini Market - Makassar 01,Eriq Jagat,P,Makanan & Minuman,markisa 600 ml,Sulawesi Selatan,Makassar,4567230
01-05-2022,PHI Mini Market - Makassar 01,Eriq Jagat,P,Makanan & Minuman,mie instant 1 kotak (40 bungkus),Sulawesi Selatan,Makassar,30718950
01-05-2022,PHI Mini Market - Makassar 01,Eriq Jagat,P,Makanan & Minuman,minuman probiotik,Sulawesi Selatan,Makassar,294480
01-05-2022,PHI Mini Market - Makassar 01,Eriq Jagat,P,Makanan & Minuman,nasi goreng instant (1 ons),Sulawesi Selatan,Makassar,1972410
01-05-2022,PHI Mini Market - Makassar 01,Eriq Jagat,P,Makanan & Minuman,snack gurih 1 ons,Sulawesi Selatan,Makassar,1775530
01-05-2022,PHI Mini Market - Makassar 01,Eriq Jagat,P,Makanan & Minuman,susu kotak (800 ml),Sulawesi Selatan,Makassar,2985180
01-05-2022,PHI Mini Market - Makassar 01,Eriq Jagat,P,Makanan & Minuman,susu kotak 1 l,Sulawesi Selatan,Makassar,2516120
01-05-2022,PHI Mini Market - Makassar 01,Eriq Jagat,P,Makanan & Minuman,telur ayam kampung 1 kg,Sulawesi Selatan,Makassar,6599310
01-05-2022,PHI Mini Market - Makassar 01,Eriq Jagat,P,Makanan & Minuman,telur ayam ras 1 kg,Sulawesi Selatan,Makassar,3690050
01-05-2022,PHI Mini Market - Makassar 01,Eriq Jagat,P,Sayur-Sayuran,bawang merah 1 kg,Sulawesi Selatan,Makassar,3303990
01-05-2022,PHI Mini Market - Makassar 01,Eriq Jagat,P,Sayur-Sayuran,bawang putih 1 kg,Sulawesi Selatan,Makassar,997050
01-05-2022,PHI Mini Market - Makassar 01,Eriq Jagat,P,Sayur-Sayuran,buncis 1 kg,Sulawesi Selatan,Makassar,2027960
01-05-2022,PHI Mini Market - Makassar 01,Eriq Jagat,P,Sayur-Sayuran,kacang hijau 1 kg,Sulawesi Selatan,Makassar,2848580
01-05-2022,PHI Mini Market - Makassar 01,Eriq Jagat,P,Sayur-Sayuran,kacang panjang 1 kg,Sulawesi Selatan,Makassar,2832870
01-05-2022,PHI Mini Market - Makassar 01,Eriq Jagat,P,Sayur-Sayuran,kentang 1 kg,Sulawesi Selatan,Makassar,2495060
01-05-2022,PHI Mini Market - Makassar 01,Eriq Jagat,P,Sayur-Sayuran,ketimun 1 kg,Sulawesi Selatan,Makassar,1441970
01-05-2022,PHI Mini Market - Makassar 01,Eriq Jagat,P,Sayur-Sayuran,kobis 1 kg,Sulawesi Selatan,Makassar,336730
01-05-2022,PHI Mini Market - Makassar 01,Eriq Jagat,P,Sayur-Sayuran,tomat 1 kg,Sulawesi Selatan,Makassar,1521140
01-05-2022,PHI Mini Market - Makassar 01,Eriq Jagat,P,Sayur-Sayuran,ubi jalar 1 kg,Sulawesi Selatan,Makassar,350850
01-05-2022,PHI Mini Market - Makassar 01,Eriq Jagat,P,Sayur-Sayuran,ubi kayu basah 1 kg,Sulawesi Selatan,Makassar,354830
01-05-2022,PHI Mini Market - Makassar 01,Eriq Jagat,P,Sayur-Sayuran,wortel 1 kg,Sulawesi Selatan,Makassar,1436090
01-05-2022,PHI Mini Market - Makassar 01,Eriq Menawan,P,Buah,alpukat 1 kg,Sulawesi Selatan,Makassar,2401860
01-05-2022,PHI Mini Market - Makassar 01,Eriq Menawan,P,Buah,apel 1 kg,Sulawesi Selatan,Makassar,16134400
01-05-2022,PHI Mini Market - Makassar 01,Eriq Menawan,P,Buah,belimbing 1 kg,Sulawesi Selatan,Makassar,1082700
01-05-2022,PHI Mini Market - Makassar 01,Eriq Menawan,P,Buah,durian 1 kg,Sulawesi Selatan,Makassar,5494330
01-05-2022,PHI Mini Market - Makassar 01,Eriq Menawan,P,Buah,jeruk 1 kg,Sulawesi Selatan,Makassar,5581190
01-05-2022,PHI Mini Market - Makassar 01,Eriq Menawan,P,Buah,kelapa muda,Sulawesi Selatan,Makassar,1910750
01-05-2022,PHI Mini Market - Makassar 01,Eriq Menawan,P,Makanan & Minuman,air mineral 600 ml,Sulawesi Selatan,Makassar,396180
01-05-2022,PHI Mini Market - Makassar 01,Eriq Menawan,P,Makanan & Minuman,bumbu fried chicken,Sulawesi Selatan,Makassar,7941720
01-05-2022,PHI Mini Market - Makassar 01,Eriq Menawan,P,Makanan & Minuman,jus kesehatan 600 ml,Sulawesi Selatan,Makassar,3330870
01-05-2022,PHI Mini Market - Makassar 01,Eriq Menawan,P,Makanan & Minuman,kacang goreng 1 kg,Sulawesi Selatan,Makassar,4943000
01-05-2022,PHI Mini Market - Makassar 01,Eriq Menawan,P,Makanan & Minuman,kacang mete 1 kg,Sulawesi Selatan,Makassar,17832640
01-05-2022,PHI Mini Market - Makassar 01,Eriq Menawan,P,Makanan & Minuman,markisa 600 ml,Sulawesi Selatan,Makassar,6118320
01-05-2022,PHI Mini Market - Makassar 01,Eriq Menawan,P,Makanan & Minuman,mie instant 1 kotak (40 bungkus),Sulawesi Selatan,Makassar,24398190
01-05-2022,PHI Mini Market - Makassar 01,Eriq Menawan,P,Makanan & Minuman,minuman probiotik,Sulawesi Selatan,Makassar,212580
01-05-2022,PHI Mini Market - Makassar 01,Eriq Menawan,P,Makanan & Minuman,nasi goreng instant (1 ons),Sulawesi Selatan,Makassar,2196050
01-05-2022,PHI Mini Market - Makassar 01,Eriq Menawan,P,Makanan & Minuman,snack gurih 1 ons,Sulawesi Selatan,Makassar,1590290
01-05-2022,PHI Mini Market - Makassar 01,Eriq Menawan,P,Makanan & Minuman,susu kotak (800 ml),Sulawesi Selatan,Makassar,4238600
01-05-2022,PHI Mini Market - Makassar 01,Eriq Menawan,P,Makanan & Minuman,susu kotak 1 l,Sulawesi Selatan,Makassar,2467580
01-05-2022,PHI Mini Market - Makassar 01,Eriq Menawan,P,Makanan & Minuman,telur ayam kampung 1 kg,Sulawesi Selatan,Makassar,5497980
01-05-2022,PHI Mini Market - Makassar 01,Eriq Menawan,P,Makanan & Minuman,telur ayam ras 1 kg,Sulawesi Selatan,Makassar,3467340
01-05-2022,PHI Mini Market - Makassar 01,Eriq Menawan,P,Sayur-Sayuran,bawang merah 1 kg,Sulawesi Selatan,Makassar,3978980
01-05-2022,PHI Mini Market - Makassar 01,Eriq Menawan,P,Sayur-Sayuran,bawang putih 1 kg,Sulawesi Selatan,Makassar,1234890
01-05-2022,PHI Mini Market - Makassar 01,Eriq Menawan,P,Sayur-Sayuran,buncis 1 kg,Sulawesi Selatan,Makassar,2272930
01-05-2022,PHI Mini Market - Makassar 01,Eriq Menawan,P,Sayur-Sayuran,kacang hijau 1 kg,Sulawesi Selatan,Makassar,2013160
01-05-2022,PHI Mini Market - Makassar 01,Eriq Menawan,P,Sayur-Sayuran,kacang panjang 1 kg,Sulawesi Selatan,Makassar,2736870
01-05-2022,PHI Mini Market - Makassar 01,Eriq Menawan,P,Sayur-Sayuran,kentang 1 kg,Sulawesi Selatan,Makassar,2385080
01-05-2022,PHI Mini Market - Makassar 01,Eriq Menawan,P,Sayur-Sayuran,ketimun 1 kg,Sulawesi Selatan,Makassar,2086550
01-05-2022,PHI Mini Market - Makassar 01,Eriq Menawan,P,Sayur-Sayuran,kobis 1 kg,Sulawesi Selatan,Makassar,480220
01-05-2022,PHI Mini Market - Makassar 01,Eriq Menawan,P,Sayur-Sayuran,tomat 1 kg,Sulawesi Selatan,Makassar,1336320
01-05-2022,PHI Mini Market - Makassar 01,Eriq Menawan,P,Sayur-Sayuran,ubi jalar 1 kg,Sulawesi Selatan,Makassar,341170
01-05-2022,PHI Mini Market - Makassar 01,Eriq Menawan,P,Sayur-Sayuran,ubi kayu basah 1 kg,Sulawesi Selatan,Makassar,384700
01-05-2022,PHI Mini Market - Makassar 01,Eriq Menawan,P,Sayur-Sayuran,wortel 1 kg,Sulawesi Selatan,Makassar,1176020
01-05-2022,PHI Mini Market - Makassar 01,Ferdy Tenteram,P,Buah,alpukat 1 kg,Sulawesi Selatan,Makassar,2150700
01-05-2022,PHI Mini Market - Makassar 01,Ferdy Tenteram,P,Buah,apel 1 kg,Sulawesi Selatan,Makassar,15281510
01-05-2022,PHI Mini Market - Makassar 01,Ferdy Tenteram,P,Buah,belimbing 1 kg,Sulawesi Selatan,Makassar,1147370
01-05-2022,PHI Mini Market - Makassar 01,Ferdy Tenteram,P,Buah,durian 1 kg,Sulawesi Selatan,Makassar,7598220
01-05-2022,PHI Mini Market - Makassar 01,Ferdy Tenteram,P,Buah,jeruk 1 kg,Sulawesi Selatan,Makassar,3750050
01-05-2022,PHI Mini Market - Makassar 01,Ferdy Tenteram,P,Buah,kelapa muda,Sulawesi Selatan,Makassar,1914200
01-05-2022,PHI Mini Market - Makassar 01,Ferdy Tenteram,P,Buah,mangga 1 kg,Sulawesi Selatan,Makassar,4717320
01-05-2022,PHI Mini Market - Makassar 01,Ferdy Tenteram,P,Makanan & Minuman,air mineral 600 ml,Sulawesi Selatan,Makassar,512510
01-05-2022,PHI Mini Market - Makassar 01,Ferdy Tenteram,P,Makanan & Minuman,bumbu fried chicken,Sulawesi Selatan,Makassar,3758220
01-05-2022,PHI Mini Market - Makassar 01,Ferdy Tenteram,P,Makanan & Minuman,jus kesehatan 600 ml,Sulawesi Selatan,Makassar,3448670
01-05-2022,PHI Mini Market - Makassar 01,Ferdy Tenteram,P,Makanan & Minuman,kacang goreng 1 kg,Sulawesi Selatan,Makassar,3094350
01-05-2022,PHI Mini Market - Makassar 01,Ferdy Tenteram,P,Makanan & Minuman,kacang mete 1 kg,Sulawesi Selatan,Makassar,23828410
01-05-2022,PHI Mini Market - Makassar 01,Ferdy Tenteram,P,Makanan & Minuman,markisa 600 ml,Sulawesi Selatan,Makassar,6427060
01-05-2022,PHI Mini Market - Makassar 01,Ferdy Tenteram,P,Makanan & Minuman,mie instant 1 kotak (40 bungkus),Sulawesi Selatan,Makassar,30254450
01-05-2022,PHI Mini Market - Makassar 01,Ferdy Tenteram,P,Makanan & Minuman,minuman probiotik,Sulawesi Selatan,Makassar,338700
01-05-2022,PHI Mini Market - Makassar 01,Ferdy Tenteram,P,Makanan & Minuman,nasi goreng instant (1 ons),Sulawesi Selatan,Makassar,2102420
01-05-2022,PHI Mini Market - Makassar 01,Ferdy Tenteram,P,Makanan & Minuman,snack gurih 1 ons,Sulawesi Selatan,Makassar,2449770
01-05-2022,PHI Mini Market - Makassar 01,Ferdy Tenteram,P,Makanan & Minuman,susu kotak (800 ml),Sulawesi Selatan,Makassar,4749520
01-05-2022,PHI Mini Market - Makassar 01,Ferdy Tenteram,P,Makanan & Minuman,susu kotak 1 l,Sulawesi Selatan,Makassar,3978680
01-05-2022,PHI Mini Market - Makassar 01,Ferdy Tenteram,P,Makanan & Minuman,telur ayam kampung 1 kg,Sulawesi Selatan,Makassar,7158340
01-05-2022,PHI Mini Market - Makassar 01,Ferdy Tenteram,P,Makanan & Minuman,telur ayam ras 1 kg,Sulawesi Selatan,Makassar,4158390
01-05-2022,PHI Mini Market - Makassar 01,Ferdy Tenteram,P,Sayur-Sayuran,bawang merah 1 kg,Sulawesi Selatan,Makassar,4237510
01-05-2022,PHI Mini Market - Makassar 01,Ferdy Tenteram,P,Sayur-Sayuran,bawang putih 1 kg,Sulawesi Selatan,Makassar,1156590
01-05-2022,PHI Mini Market - Makassar 01,Ferdy Tenteram,P,Sayur-Sayuran,buncis 1 kg,Sulawesi Selatan,Makassar,1521190
01-05-2022,PHI Mini Market - Makassar 01,Ferdy Tenteram,P,Sayur-Sayuran,kacang hijau 1 kg,Sulawesi Selatan,Makassar,1608450
01-05-2022,PHI Mini Market - Makassar 01,Ferdy Tenteram,P,Sayur-Sayuran,kacang panjang 1 kg,Sulawesi Selatan,Makassar,2640190
01-05-2022,PHI Mini Market - Makassar 01,Ferdy Tenteram,P,Sayur-Sayuran,kentang 1 kg,Sulawesi Selatan,Makassar,2420100
01-05-2022,PHI Mini Market - Makassar 01,Ferdy Tenteram,P,Sayur-Sayuran,ketimun 1 kg,Sulawesi Selatan,Makassar,1865460
01-05-2022,PHI Mini Market - Makassar 01,Ferdy Tenteram,P,Sayur-Sayuran,kobis 1 kg,Sulawesi Selatan,Makassar,350690
01-05-2022,PHI Mini Market - Makassar 01,Ferdy Tenteram,P,Sayur-Sayuran,tomat 1 kg,Sulawesi Selatan,Makassar,1822300
01-05-2022,PHI Mini Market - Makassar 01,Ferdy Tenteram,P,Sayur-Sayuran,ubi jalar 1 kg,Sulawesi Selatan,Makassar,408090
01-05-2022,PHI Mini Market - Makassar 01,Ferdy Tenteram,P,Sayur-Sayuran,ubi kayu basah 1 kg,Sulawesi Selatan,Makassar,283220
01-05-2022,PHI Mini Market - Makassar 01,Ferdy Tenteram,P,Sayur-Sayuran,wortel 1 kg,Sulawesi Selatan,Makassar,1162080
01-05-2022,PHI Mini Market - Makassar 01,Galang Terang,P,Buah,alpukat 1 kg,Sulawesi Selatan,Makassar,1825720
01-05-2022,PHI Mini Market - Makassar 01,Galang Terang,P,Buah,apel 1 kg,Sulawesi Selatan,Makassar,13976650
01-05-2022,PHI Mini Market - Makassar 01,Galang Terang,P,Buah,belimbing 1 kg,Sulawesi Selatan,Makassar,1238430
01-05-2022,PHI Mini Market - Makassar 01,Galang Terang,P,Buah,durian 1 kg,Sulawesi Selatan,Makassar,7455080
01-05-2022,PHI Mini Market - Makassar 01,Galang Terang,P,Buah,jeruk 1 kg,Sulawesi Selatan,Makassar,2697390
01-05-2022,PHI Mini Market - Makassar 01,Galang Terang,P,Buah,kelapa muda,Sulawesi Selatan,Makassar,2010130
01-05-2022,PHI Mini Market - Makassar 01,Galang Terang,P,Buah,mangga 1 kg,Sulawesi Selatan,Makassar,6048640
01-05-2022,PHI Mini Market - Makassar 01,Galang Terang,P,Makanan & Minuman,air mineral 600 ml,Sulawesi Selatan,Makassar,360990
01-05-2022,PHI Mini Market - Makassar 01,Galang Terang,P,Makanan & Minuman,bumbu fried chicken,Sulawesi Selatan,Makassar,4106820
01-05-2022,PHI Mini Market - Makassar 01,Galang Terang,P,Makanan & Minuman,jus kesehatan 600 ml,Sulawesi Selatan,Makassar,1875070
01-05-2022,PHI Mini Market - Makassar 01,Galang Terang,P,Makanan & Minuman,kacang goreng 1 kg,Sulawesi Selatan,Makassar,3991630
01-05-2022,PHI Mini Market - Makassar 01,Galang Terang,P,Makanan & Minuman,kacang mete 1 kg,Sulawesi Selatan,Makassar,22783080
01-05-2022,PHI Mini Market - Makassar 01,Galang Terang,P,Makanan & Minuman,markisa 600 ml,Sulawesi Selatan,Makassar,5515440
01-05-2022,PHI Mini Market - Makassar 01,Galang Terang,P,Makanan & Minuman,mie instant 1 kotak (40 bungkus),Sulawesi Selatan,Makassar,26240020
01-05-2022,PHI Mini Market - Makassar 01,Galang Terang,P,Makanan & Minuman,minuman probiotik,Sulawesi Selatan,Makassar,304350
01-05-2022,PHI Mini Market - Makassar 01,Galang Terang,P,Makanan & Minuman,nasi goreng instant (1 ons),Sulawesi Selatan,Makassar,2670660
01-05-2022,PHI Mini Market - Makassar 01,Galang Terang,P,Makanan & Minuman,snack gurih 1 ons,Sulawesi Selatan,Makassar,1418400
01-05-2022,PHI Mini Market - Makassar 01,Galang Terang,P,Makanan & Minuman,susu kotak (800 ml),Sulawesi Selatan,Makassar,3754230
01-05-2022,PHI Mini Market - Makassar 01,Galang Terang,P,Makanan & Minuman,susu kotak 1 l,Sulawesi Selatan,Makassar,2615380
01-05-2022,PHI Mini Market - Makassar 01,Galang Terang,P,Makanan & Minuman,telur ayam kampung 1 kg,Sulawesi Selatan,Makassar,6560860
01-05-2022,PHI Mini Market - Makassar 01,Galang Terang,P,Makanan & Minuman,telur ayam ras 1 kg,Sulawesi Selatan,Makassar,4485880
01-05-2022,PHI Mini Market - Makassar 01,Galang Terang,P,Sayur-Sayuran,bawang merah 1 kg,Sulawesi Selatan,Makassar,4890510
01-05-2022,PHI Mini Market - Makassar 01,Galang Terang,P,Sayur-Sayuran,bawang putih 1 kg,Sulawesi Selatan,Makassar,1393630
01-05-2022,PHI Mini Market - Makassar 01,Galang Terang,P,Sayur-Sayuran,buncis 1 kg,Sulawesi Selatan,Makassar,2439870
01-05-2022,PHI Mini Market - Makassar 01,Galang Terang,P,Sayur-Sayuran,kacang hijau 1 kg,Sulawesi Selatan,Makassar,2236300
01-05-2022,PHI Mini Market - Makassar 01,Galang Terang,P,Sayur-Sayuran,kacang panjang 1 kg,Sulawesi Selatan,Makassar,2738820
01-05-2022,PHI Mini Market - Makassar 01,Galang Terang,P,Sayur-Sayuran,kentang 1 kg,Sulawesi Selatan,Makassar,2424080
01-05-2022,PHI Mini Market - Makassar 01,Galang Terang,P,Sayur-Sayuran,ketimun 1 kg,Sulawesi Selatan,Makassar,953050
01-05-2022,PHI Mini Market - Makassar 01,Galang Terang,P,Sayur-Sayuran,kobis 1 kg,Sulawesi Selatan,Makassar,207740
01-05-2022,PHI Mini Market - Makassar 01,Galang Terang,P,Sayur-Sayuran,tomat 1 kg,Sulawesi Selatan,Makassar,1258160
01-05-2022,PHI Mini Market - Makassar 01,Galang Terang,P,Sayur-Sayuran,ubi jalar 1 kg,Sulawesi Selatan,Makassar,258280
01-05-2022,PHI Mini Market - Makassar 01,Galang Terang,P,Sayur-Sayuran,ubi kayu basah 1 kg,Sulawesi Selatan,Makassar,445970
01-05-2022,PHI Mini Market - Makassar 01,Galang Terang,P,Sayur-Sayuran,wortel 1 kg,Sulawesi Selatan,Makassar,1373990
01-05-2022,PHI Mini Market - Makassar 01,Kristina Damai,W,Buah,alpukat 1 kg,Sulawesi Selatan,Makassar,2378180
01-05-2022,PHI Mini Market - Makassar 01,Kristina Damai,W,Buah,apel 1 kg,Sulawesi Selatan,Makassar,11222230
01-05-2022,PHI Mini Market - Makassar 01,Kristina Damai,W,Buah,belimbing 1 kg,Sulawesi Selatan,Makassar,1510010
01-05-2022,PHI Mini Market - Makassar 01,Kristina Damai,W,Buah,durian 1 kg,Sulawesi Selatan,Makassar,5459380
01-05-2022,PHI Mini Market - Makassar 01,Kristina Damai,W,Buah,jeruk 1 kg,Sulawesi Selatan,Makassar,3320540
01-05-2022,PHI Mini Market - Makassar 01,Kristina Damai,W,Buah,kelapa muda,Sulawesi Selatan,Makassar,1935460
01-05-2022,PHI Mini Market - Makassar 01,Kristina Damai,W,Buah,mangga 1 kg,Sulawesi Selatan,Makassar,4935000
01-05-2022,PHI Mini Market - Makassar 01,Kristina Damai,W,Makanan & Minuman,air mineral 600 ml,Sulawesi Selatan,Makassar,367790
01-05-2022,PHI Mini Market - Makassar 01,Kristina Damai,W,Makanan & Minuman,bumbu fried chicken,Sulawesi Selatan,Makassar,6637140
01-05-2022,PHI Mini Market - Makassar 01,Kristina Damai,W,Makanan & Minuman,jus kesehatan 600 ml,Sulawesi Selatan,Makassar,2514850
01-05-2022,PHI Mini Market - Makassar 01,Kristina Damai,W,Makanan & Minuman,kacang goreng 1 kg,Sulawesi Selatan,Makassar,3713580
01-05-2022,PHI Mini Market - Makassar 01,Kristina Damai,W,Makanan & Minuman,kacang mete 1 kg,Sulawesi Selatan,Makassar,21267090
01-05-2022,PHI Mini Market - Makassar 01,Kristina Damai,W,Makanan & Minuman,markisa 600 ml,Sulawesi Selatan,Makassar,7305490
01-05-2022,PHI Mini Market - Makassar 01,Kristina Damai,W,Makanan & Minuman,mie instant 1 kotak (40 bungkus),Sulawesi Selatan,Makassar,22951460
01-05-2022,PHI Mini Market - Makassar 01,Kristina Damai,W,Makanan & Minuman,minuman probiotik,Sulawesi Selatan,Makassar,341550
01-05-2022,PHI Mini Market - Makassar 01,Kristina Damai,W,Makanan & Minuman,nasi goreng instant (1 ons),Sulawesi Selatan,Makassar,1863040
01-05-2022,PHI Mini Market - Makassar 01,Kristina Damai,W,Makanan & Minuman,snack gurih 1 ons,Sulawesi Selatan,Makassar,1130090
01-05-2022,PHI Mini Market - Makassar 01,Kristina Damai,W,Makanan & Minuman,susu kotak (800 ml),Sulawesi Selatan,Makassar,4729760
01-05-2022,PHI Mini Market - Makassar 01,Kristina Damai,W,Makanan & Minuman,susu kotak 1 l,Sulawesi Selatan,Makassar,3978000
01-05-2022,PHI Mini Market - Makassar 01,Kristina Damai,W,Makanan & Minuman,telur ayam kampung 1 kg,Sulawesi Selatan,Makassar,6979280
01-05-2022,PHI Mini Market - Makassar 01,Kristina Damai,W,Makanan & Minuman,telur ayam ras 1 kg,Sulawesi Selatan,Makassar,4566310
01-05-2022,PHI Mini Market - Makassar 01,Kristina Damai,W,Sayur-Sayuran,bawang merah 1 kg,Sulawesi Selatan,Makassar,3348310
01-05-2022,PHI Mini Market - Makassar 01,Kristina Damai,W,Sayur-Sayuran,bawang putih 1 kg,Sulawesi Selatan,Makassar,1539970
01-05-2022,PHI Mini Market - Makassar 01,Kristina Damai,W,Sayur-Sayuran,buncis 1 kg,Sulawesi Selatan,Makassar,1571720
01-05-2022,PHI Mini Market - Makassar 01,Kristina Damai,W,Sayur-Sayuran,kacang hijau 1 kg,Sulawesi Selatan,Makassar,2417740
01-05-2022,PHI Mini Market - Makassar 01,Kristina Damai,W,Sayur-Sayuran,kacang panjang 1 kg,Sulawesi Selatan,Makassar,2973250
01-05-2022,PHI Mini Market - Makassar 01,Kristina Damai,W,Sayur-Sayuran,kentang 1 kg,Sulawesi Selatan,Makassar,3679720
01-05-2022,PHI Mini Market - Makassar 01,Kristina Damai,W,Sayur-Sayuran,ketimun 1 kg,Sulawesi Selatan,Makassar,1940590
01-05-2022,PHI Mini Market - Makassar 01,Kristina Damai,W,Sayur-Sayuran,kobis 1 kg,Sulawesi Selatan,Makassar,345980
01-05-2022,PHI Mini Market - Makassar 01,Kristina Damai,W,Sayur-Sayuran,tomat 1 kg,Sulawesi Selatan,Makassar,1354600
01-05-2022,PHI Mini Market - Makassar 01,Kristina Damai,W,Sayur-Sayuran,ubi jalar 1 kg,Sulawesi Selatan,Makassar,277090
01-05-2022,PHI Mini Market - Makassar 01,Kristina Damai,W,Sayur-Sayuran,ubi kayu basah 1 kg,Sulawesi Selatan,Makassar,440460
01-05-2022,PHI Mini Market - Makassar 01,Kristina Damai,W,Sayur-Sayuran,wortel 1 kg,Sulawesi Selatan,Makassar,1073250
01-05-2022,PHI Mini Market - Makassar 01,Lastri Mardi,W,Buah,alpukat 1 kg,Sulawesi Selatan,Makassar,2564600
01-05-2022,PHI Mini Market - Makassar 01,Lastri Mardi,W,Buah,apel 1 kg,Sulawesi Selatan,Makassar,15116810
01-05-2022,PHI Mini Market - Makassar 01,Lastri Mardi,W,Buah,belimbing 1 kg,Sulawesi Selatan,Makassar,1505700
01-05-2022,PHI Mini Market - Makassar 01,Lastri Mardi,W,Buah,durian 1 kg,Sulawesi Selatan,Makassar,7829900
01-05-2022,PHI Mini Market - Makassar 01,Lastri Mardi,W,Buah,jeruk 1 kg,Sulawesi Selatan,Makassar,3431890
01-05-2022,PHI Mini Market - Makassar 01,Lastri Mardi,W,Buah,kelapa muda,Sulawesi Selatan,Makassar,1331510
01-05-2022,PHI Mini Market - Makassar 01,Lastri Mardi,W,Makanan & Minuman,air mineral 600 ml,Sulawesi Selatan,Makassar,269480
01-05-2022,PHI Mini Market - Makassar 01,Lastri Mardi,W,Makanan & Minuman,bumbu fried chicken,Sulawesi Selatan,Makassar,3360480
01-05-2022,PHI Mini Market - Makassar 01,Lastri Mardi,W,Makanan & Minuman,jus kesehatan 600 ml,Sulawesi Selatan,Makassar,2767780
01-05-2022,PHI Mini Market - Makassar 01,Lastri Mardi,W,Makanan & Minuman,kacang goreng 1 kg,Sulawesi Selatan,Makassar,3842530
01-05-2022,PHI Mini Market - Makassar 01,Lastri Mardi,W,Makanan & Minuman,kacang mete 1 kg,Sulawesi Selatan,Makassar,23694790
01-05-2022,PHI Mini Market - Makassar 01,Lastri Mardi,W,Makanan & Minuman,markisa 600 ml,Sulawesi Selatan,Makassar,2913750
01-05-2022,PHI Mini Market - Makassar 01,Lastri Mardi,W,Makanan & Minuman,mie instant 1 kotak (40 bungkus),Sulawesi Selatan,Makassar,19900910
01-05-2022,PHI Mini Market - Makassar 01,Lastri Mardi,W,Makanan & Minuman,minuman probiotik,Sulawesi Selatan,Makassar,219020
01-05-2022,PHI Mini Market - Makassar 01,Lastri Mardi,W,Makanan & Minuman,nasi goreng instant (1 ons),Sulawesi Selatan,Makassar,1629580
01-05-2022,PHI Mini Market - Makassar 01,Lastri Mardi,W,Makanan & Minuman,snack gurih 1 ons,Sulawesi Selatan,Makassar,1186260
01-05-2022,PHI Mini Market - Makassar 01,Lastri Mardi,W,Makanan & Minuman,susu kotak (800 ml),Sulawesi Selatan,Makassar,4275790
01-05-2022,PHI Mini Market - Makassar 01,Lastri Mardi,W,Makanan & Minuman,susu kotak 1 l,Sulawesi Selatan,Makassar,2679160
01-05-2022,PHI Mini Market - Makassar 01,Lastri Mardi,W,Makanan & Minuman,telur ayam kampung 1 kg,Sulawesi Selatan,Makassar,7361330
01-05-2022,PHI Mini Market - Makassar 01,Lastri Mardi,W,Makanan & Minuman,telur ayam ras 1 kg,Sulawesi Selatan,Makassar,4529790
01-05-2022,PHI Mini Market - Makassar 01,Lastri Mardi,W,Sayur-Sayuran,bawang merah 1 kg,Sulawesi Selatan,Makassar,1799670
01-05-2022,PHI Mini Market - Makassar 01,Lastri Mardi,W,Sayur-Sayuran,bawang putih 1 kg,Sulawesi Selatan,Makassar,1377730
01-05-2022,PHI Mini Market - Makassar 01,Lastri Mardi,W,Sayur-Sayuran,buncis 1 kg,Sulawesi Selatan,Makassar,1643780
01-05-2022,PHI Mini Market - Makassar 01,Lastri Mardi,W,Sayur-Sayuran,kacang hijau 1 kg,Sulawesi Selatan,Makassar,2153200
01-05-2022,PHI Mini Market - Makassar 01,Lastri Mardi,W,Sayur-Sayuran,kacang panjang 1 kg,Sulawesi Selatan,Makassar,2685930
01-05-2022,PHI Mini Market - Makassar 01,Lastri Mardi,W,Sayur-Sayuran,kentang 1 kg,Sulawesi Selatan,Makassar,2180890
01-05-2022,PHI Mini Market - Makassar 01,Lastri Mardi,W,Sayur-Sayuran,ketimun 1 kg,Sulawesi Selatan,Makassar,1722220
01-05-2022,PHI Mini Market - Makassar 01,Lastri Mardi,W,Sayur-Sayuran,kobis 1 kg,Sulawesi Selatan,Makassar,466910
01-05-2022,PHI Mini Market - Makassar 01,Lastri Mardi,W,Sayur-Sayuran,tomat 1 kg,Sulawesi Selatan,Makassar,1729530
01-05-2022,PHI Mini Market - Makassar 01,Lastri Mardi,W,Sayur-Sayuran,ubi jalar 1 kg,Sulawesi Selatan,Makassar,397850
01-05-2022,PHI Mini Market - Makassar 01,Lastri Mardi,W,Sayur-Sayuran,ubi kayu basah 1 kg,Sulawesi Selatan,Makassar,358430
01-05-2022,PHI Mini Market - Makassar 01,Lastri Mardi,W,Sayur-Sayuran,wortel 1 kg,Sulawesi Selatan,Makassar,975510
01-05-2022,PHI Mini Market - Makassar 01,Mawar Mardi,W,Buah,alpukat 1 kg,Sulawesi Selatan,Makassar,1985700
01-05-2022,PHI Mini Market - Makassar 01,Mawar Mardi,W,Buah,apel 1 kg,Sulawesi Selatan,Makassar,21256600
01-05-2022,PHI Mini Market - Makassar 01,Mawar Mardi,W,Buah,belimbing 1 kg,Sulawesi Selatan,Makassar,1399170
01-05-2022,PHI Mini Market - Makassar 01,Mawar Mardi,W,Buah,durian 1 kg,Sulawesi Selatan,Makassar,5935420
01-05-2022,PHI Mini Market - Makassar 01,Mawar Mardi,W,Buah,jeruk 1 kg,Sulawesi Selatan,Makassar,3730760
01-05-2022,PHI Mini Market - Makassar 01,Mawar Mardi,W,Buah,kelapa muda,Sulawesi Selatan,Makassar,1811260
01-05-2022,PHI Mini Market - Makassar 01,Mawar Mardi,W,Buah,mangga 1 kg,Sulawesi Selatan,Makassar,3669400
01-05-2022,PHI Mini Market - Makassar 01,Mawar Mardi,W,Makanan & Minuman,air mineral 600 ml,Sulawesi Selatan,Makassar,334110
01-05-2022,PHI Mini Market - Makassar 01,Mawar Mardi,W,Makanan & Minuman,bumbu fried chicken,Sulawesi Selatan,Makassar,3951120
01-05-2022,PHI Mini Market - Makassar 01,Mawar Mardi,W,Makanan & Minuman,jus kesehatan 600 ml,Sulawesi Selatan,Makassar,2209540
01-05-2022,PHI Mini Market - Makassar 01,Mawar Mardi,W,Makanan & Minuman,kacang goreng 1 kg,Sulawesi Selatan,Makassar,5099790
01-05-2022,PHI Mini Market - Makassar 01,Mawar Mardi,W,Makanan & Minuman,kacang mete 1 kg,Sulawesi Selatan,Makassar,30557070
01-05-2022,PHI Mini Market - Makassar 01,Mawar Mardi,W,Makanan & Minuman,markisa 600 ml,Sulawesi Selatan,Makassar,3672860
01-05-2022,PHI Mini Market - Makassar 01,Mawar Mardi,W,Makanan & Minuman,mie instant 1 kotak (40 bungkus),Sulawesi Selatan,Makassar,43223250
01-05-2022,PHI Mini Market - Makassar 01,Mawar Mardi,W,Makanan & Minuman,minuman probiotik,Sulawesi Selatan,Makassar,370270
01-05-2022,PHI Mini Market - Makassar 01,Mawar Mardi,W,Makanan & Minuman,nasi goreng instant (1 ons),Sulawesi Selatan,Makassar,1683500
01-05-2022,PHI Mini Market - Makassar 01,Mawar Mardi,W,Makanan & Minuman,snack gurih 1 ons,Sulawesi Selatan,Makassar,2124650
01-05-2022,PHI Mini Market - Makassar 01,Mawar Mardi,W,Makanan & Minuman,susu kotak (800 ml),Sulawesi Selatan,Makassar,2283190
01-05-2022,PHI Mini Market - Makassar 01,Mawar Mardi,W,Makanan & Minuman,susu kotak 1 l,Sulawesi Selatan,Makassar,2343680
01-05-2022,PHI Mini Market - Makassar 01,Mawar Mardi,W,Makanan & Minuman,telur ayam kampung 1 kg,Sulawesi Selatan,Makassar,6481880
01-05-2022,PHI Mini Market - Makassar 01,Mawar Mardi,W,Makanan & Minuman,telur ayam ras 1 kg,Sulawesi Selatan,Makassar,2878780
01-05-2022,PHI Mini Market - Makassar 01,Mawar Mardi,W,Sayur-Sayuran,bawang merah 1 kg,Sulawesi Selatan,Makassar,2963750
01-05-2022,PHI Mini Market - Makassar 01,Mawar Mardi,W,Sayur-Sayuran,bawang putih 1 kg,Sulawesi Selatan,Makassar,1257510
01-05-2022,PHI Mini Market - Makassar 01,Mawar Mardi,W,Sayur-Sayuran,buncis 1 kg,Sulawesi Selatan,Makassar,2131960
01-05-2022,PHI Mini Market - Makassar 01,Mawar Mardi,W,Sayur-Sayuran,kacang hijau 1 kg,Sulawesi Selatan,Makassar,1732460
01-05-2022,PHI Mini Market - Makassar 01,Mawar Mardi,W,Sayur-Sayuran,kacang panjang 1 kg,Sulawesi Selatan,Makassar,2382950
01-05-2022,PHI Mini Market - Makassar 01,Mawar Mardi,W,Sayur-Sayuran,kentang 1 kg,Sulawesi Selatan,Makassar,1991380
01-05-2022,PHI Mini Market - Makassar 01,Mawar Mardi,W,Sayur-Sayuran,ketimun 1 kg,Sulawesi Selatan,Makassar,1465050
01-05-2022,PHI Mini Market - Makassar 01,Mawar Mardi,W,Sayur-Sayuran,kobis 1 kg,Sulawesi Selatan,Makassar,245930
01-05-2022,PHI Mini Market - Makassar 01,Mawar Mardi,W,Sayur-Sayuran,tomat 1 kg,Sulawesi Selatan,Makassar,1407340
01-05-2022,PHI Mini Market - Makassar 01,Mawar Mardi,W,Sayur-Sayuran,ubi jalar 1 kg,Sulawesi Selatan,Makassar,377400
01-05-2022,PHI Mini Market - Makassar 01,Mawar Mardi,W,Sayur-Sayuran,ubi kayu basah 1 kg,Sulawesi Selatan,Makassar,417760
01-05-2022,PHI Mini Market - Makassar 01,Mawar Mardi,W,Sayur-Sayuran,wortel 1 kg,Sulawesi Selatan,Makassar,1238420
01-05-2022,PHI Mini Market - Makassar 01,Niken Setiawan,W,Buah,alpukat 1 kg,Sulawesi Selatan,Makassar,2912660
01-05-2022,PHI Mini Market - Makassar 01,Niken Setiawan,W,Buah,apel 1 kg,Sulawesi Selatan,Makassar,18730490
01-05-2022,PHI Mini Market - Makassar 01,Niken Setiawan,W,Buah,belimbing 1 kg,Sulawesi Selatan,Makassar,1130840
01-05-2022,PHI Mini Market - Makassar 01,Niken Setiawan,W,Buah,durian 1 kg,Sulawesi Selatan,Makassar,6062640
01-05-2022,PHI Mini Market - Makassar 01,Niken Setiawan,W,Buah,jeruk 1 kg,Sulawesi Selatan,Makassar,5054430
01-05-2022,PHI Mini Market - Makassar 01,Niken Setiawan,W,Buah,kelapa muda,Sulawesi Selatan,Makassar,2098950
01-05-2022,PHI Mini Market - Makassar 01,Niken Setiawan,W,Makanan & Minuman,air mineral 600 ml,Sulawesi Selatan,Makassar,294120
01-05-2022,PHI Mini Market - Makassar 01,Niken Setiawan,W,Makanan & Minuman,bumbu fried chicken,Sulawesi Selatan,Makassar,5336880
01-05-2022,PHI Mini Market - Makassar 01,Niken Setiawan,W,Makanan & Minuman,jus kesehatan 600 ml,Sulawesi Selatan,Makassar,3020030
01-05-2022,PHI Mini Market - Makassar 01,Niken Setiawan,W,Makanan & Minuman,kacang goreng 1 kg,Sulawesi Selatan,Makassar,3666270
01-05-2022,PHI Mini Market - Makassar 01,Niken Setiawan,W,Makanan & Minuman,kacang mete 1 kg,Sulawesi Selatan,Makassar,26367970
01-05-2022,PHI Mini Market - Makassar 01,Niken Setiawan,W,Makanan & Minuman,markisa 600 ml,Sulawesi Selatan,Makassar,3859950
01-05-2022,PHI Mini Market - Makassar 01,Niken Setiawan,W,Makanan & Minuman,mie instant 1 kotak (40 bungkus),Sulawesi Selatan,Makassar,23953580
01-05-2022,PHI Mini Market - Makassar 01,Niken Setiawan,W,Makanan & Minuman,minuman probiotik,Sulawesi Selatan,Makassar,325290
01-05-2022,PHI Mini Market - Makassar 01,Niken Setiawan,W,Makanan & Minuman,nasi goreng instant (1 ons),Sulawesi Selatan,Makassar,2260030
01-05-2022,PHI Mini Market - Makassar 01,Niken Setiawan,W,Makanan & Minuman,snack gurih 1 ons,Sulawesi Selatan,Makassar,1804070
01-05-2022,PHI Mini Market - Makassar 01,Niken Setiawan,W,Makanan & Minuman,susu kotak (800 ml),Sulawesi Selatan,Makassar,3768590
01-05-2022,PHI Mini Market - Makassar 01,Niken Setiawan,W,Makanan & Minuman,susu kotak 1 l,Sulawesi Selatan,Makassar,2554340
01-05-2022,PHI Mini Market - Makassar 01,Niken Setiawan,W,Makanan & Minuman,telur ayam kampung 1 kg,Sulawesi Selatan,Makassar,6907040
01-05-2022,PHI Mini Market - Makassar 01,Niken Setiawan,W,Makanan & Minuman,telur ayam ras 1 kg,Sulawesi Selatan,Makassar,3858340
01-05-2022,PHI Mini Market - Makassar 01,Niken Setiawan,W,Sayur-Sayuran,bawang merah 1 kg,Sulawesi Selatan,Makassar,3848080
01-05-2022,PHI Mini Market - Makassar 01,Niken Setiawan,W,Sayur-Sayuran,bawang putih 1 kg,Sulawesi Selatan,Makassar,1431160
01-05-2022,PHI Mini Market - Makassar 01,Niken Setiawan,W,Sayur-Sayuran,buncis 1 kg,Sulawesi Selatan,Makassar,2028340
01-05-2022,PHI Mini Market - Makassar 01,Niken Setiawan,W,Sayur-Sayuran,kacang hijau 1 kg,Sulawesi Selatan,Makassar,2483620
01-05-2022,PHI Mini Market - Makassar 01,Niken Setiawan,W,Sayur-Sayuran,kacang panjang 1 kg,Sulawesi Selatan,Makassar,3050550
01-05-2022,PHI Mini Market - Makassar 01,Niken Setiawan,W,Sayur-Sayuran,kentang 1 kg,Sulawesi Selatan,Makassar,3246080
01-05-2022,PHI Mini Market - Makassar 01,Niken Setiawan,W,Sayur-Sayuran,ketimun 1 kg,Sulawesi Selatan,Makassar,1444360
01-05-2022,PHI Mini Market - Makassar 01,Niken Setiawan,W,Sayur-Sayuran,kobis 1 kg,Sulawesi Selatan,Makassar,362630
01-05-2022,PHI Mini Market - Makassar 01,Niken Setiawan,W,Sayur-Sayuran,tomat 1 kg,Sulawesi Selatan,Makassar,1531900
01-05-2022,PHI Mini Market - Makassar 01,Niken Setiawan,W,Sayur-Sayuran,ubi jalar 1 kg,Sulawesi Selatan,Makassar,333130
01-05-2022,PHI Mini Market - Makassar 01,Niken Setiawan,W,Sayur-Sayuran,ubi kayu basah 1 kg,Sulawesi Selatan,Makassar,325070
01-05-2022,PHI Mini Market - Makassar 01,Niken Setiawan,W,Sayur-Sayuran,wortel 1 kg,Sulawesi Selatan,Makassar,988170
01-05-2022,PHI Mini Market - Surabaya 01,Aris Siberut,P,Buah,alpukat 1 kg,Jawa Timur,Surabaya,2594360
01-05-2022,PHI Mini Market - Surabaya 01,Aris Siberut,P,Buah,apel 1 kg,Jawa Timur,Surabaya,18337560
01-05-2022,PHI Mini Market - Surabaya 01,Aris Siberut,P,Buah,belimbing 1 kg,Jawa Timur,Surabaya,1270340
01-05-2022,PHI Mini Market - Surabaya 01,Aris Siberut,P,Buah,durian 1 kg,Jawa Timur,Surabaya,5677750
01-05-2022,PHI Mini Market - Surabaya 01,Aris Siberut,P,Buah,jeruk 1 kg,Jawa Timur,Surabaya,3858570
01-05-2022,PHI Mini Market - Surabaya 01,Aris Siberut,P,Buah,kelapa muda,Jawa Timur,Surabaya,1442010
01-05-2022,PHI Mini Market - Surabaya 01,Aris Siberut,P,Makanan & Minuman,air mineral 600 ml,Jawa Timur,Surabaya,392530
01-05-2022,PHI Mini Market - Surabaya 01,Aris Siberut,P,Makanan & Minuman,bumbu fried chicken,Jawa Timur,Surabaya,5646780
01-05-2022,PHI Mini Market - Surabaya 01,Aris Siberut,P,Makanan & Minuman,jus kesehatan 600 ml,Jawa Timur,Surabaya,1687800
01-05-2022,PHI Mini Market - Surabaya 01,Aris Siberut,P,Makanan & Minuman,kacang goreng 1 kg,Jawa Timur,Surabaya,5315370
01-05-2022,PHI Mini Market - Surabaya 01,Aris Siberut,P,Makanan & Minuman,kacang mete 1 kg,Jawa Timur,Surabaya,14919630
01-05-2022,PHI Mini Market - Surabaya 01,Aris Siberut,P,Makanan & Minuman,markisa 600 ml,Jawa Timur,Surabaya,6261660
01-05-2022,PHI Mini Market - Surabaya 01,Aris Siberut,P,Makanan & Minuman,mie instant 1 kotak (40 bungkus),Jawa Timur,Surabaya,26078980
01-05-2022,PHI Mini Market - Surabaya 01,Aris Siberut,P,Makanan & Minuman,minuman probiotik,Jawa Timur,Surabaya,274400
01-05-2022,PHI Mini Market - Surabaya 01,Aris Siberut,P,Makanan & Minuman,nasi goreng instant (1 ons),Jawa Timur,Surabaya,2111320
01-05-2022,PHI Mini Market - Surabaya 01,Aris Siberut,P,Makanan & Minuman,snack gurih 1 ons,Jawa Timur,Surabaya,1181100
01-05-2022,PHI Mini Market - Surabaya 01,Aris Siberut,P,Makanan & Minuman,susu kotak (800 ml),Jawa Timur,Surabaya,4529460
01-05-2022,PHI Mini Market - Surabaya 01,Aris Siberut,P,Makanan & Minuman,susu kotak 1 l,Jawa Timur,Surabaya,1158040
01-05-2022,PHI Mini Market - Surabaya 01,Aris Siberut,P,Makanan & Minuman,telur ayam kampung 1 kg,Jawa Timur,Surabaya,4911180
01-05-2022,PHI Mini Market - Surabaya 01,Aris Siberut,P,Makanan & Minuman,telur ayam ras 1 kg,Jawa Timur,Surabaya,4761710
01-05-2022,PHI Mini Market - Surabaya 01,Aris Siberut,P,Sayur-Sayuran,bawang merah 1 kg,Jawa Timur,Surabaya,3185320
01-05-2022,PHI Mini Market - Surabaya 01,Aris Siberut,P,Sayur-Sayuran,bawang putih 1 kg,Jawa Timur,Surabaya,1074360
01-05-2022,PHI Mini Market - Surabaya 01,Aris Siberut,P,Sayur-Sayuran,buncis 1 kg,Jawa Timur,Surabaya,1986560
01-05-2022,PHI Mini Market - Surabaya 01,Aris Siberut,P,Sayur-Sayuran,kacang hijau 1 kg,Jawa Timur,Surabaya,1636640
01-05-2022,PHI Mini Market - Surabaya 01,Aris Siberut,P,Sayur-Sayuran,kacang panjang 1 kg,Jawa Timur,Surabaya,2571650
01-05-2022,PHI Mini Market - Surabaya 01,Aris Siberut,P,Sayur-Sayuran,kentang 1 kg,Jawa Timur,Surabaya,3306410
01-05-2022,PHI Mini Market - Surabaya 01,Aris Siberut,P,Sayur-Sayuran,ketimun 1 kg,Jawa Timur,Surabaya,1427820
01-05-2022,PHI Mini Market - Surabaya 01,Aris Siberut,P,Sayur-Sayuran,kobis 1 kg,Jawa Timur,Surabaya,194020
01-05-2022,PHI Mini Market - Surabaya 01,Aris Siberut,P,Sayur-Sayuran,tomat 1 kg,Jawa Timur,Surabaya,1306280
01-05-2022,PHI Mini Market - Surabaya 01,Aris Siberut,P,Sayur-Sayuran,ubi jalar 1 kg,Jawa Timur,Surabaya,406360
01-05-2022,PHI Mini Market - Surabaya 01,Aris Siberut,P,Sayur-Sayuran,ubi kayu basah 1 kg,Jawa Timur,Surabaya,318290
01-05-2022,PHI Mini Market - Surabaya 01,Aris Siberut,P,Sayur-Sayuran,wortel 1 kg,Jawa Timur,Surabaya,763160
01-05-2022,PHI Mini Market - Surabaya 01,Ayu Pekerti,W,Buah,alpukat 1 kg,Jawa Timur,Surabaya,1564890
01-05-2022,PHI Mini Market - Surabaya 01,Ayu Pekerti,W,Buah,apel 1 kg,Jawa Timur,Surabaya,18044120
01-05-2022,PHI Mini Market - Surabaya 01,Ayu Pekerti,W,Buah,belimbing 1 kg,Jawa Timur,Surabaya,1223220
01-05-2022,PHI Mini Market - Surabaya 01,Ayu Pekerti,W,Buah,durian 1 kg,Jawa Timur,Surabaya,7822970
01-05-2022,PHI Mini Market - Surabaya 01,Ayu Pekerti,W,Buah,jeruk 1 kg,Jawa Timur,Surabaya,4502430
01-05-2022,PHI Mini Market - Surabaya 01,Ayu Pekerti,W,Buah,kelapa muda,Jawa Timur,Surabaya,1863410
01-05-2022,PHI Mini Market - Surabaya 01,Ayu Pekerti,W,Buah,mangga 1 kg,Jawa Timur,Surabaya,5383340
01-05-2022,PHI Mini Market - Surabaya 01,Ayu Pekerti,W,Makanan & Minuman,air mineral 600 ml,Jawa Timur,Surabaya,422680
01-05-2022,PHI Mini Market - Surabaya 01,Ayu Pekerti,W,Makanan & Minuman,bumbu fried chicken,Jawa Timur,Surabaya,3459750
01-05-2022,PHI Mini Market - Surabaya 01,Ayu Pekerti,W,Makanan & Minuman,jus kesehatan 600 ml,Jawa Timur,Surabaya,2585510
01-05-2022,PHI Mini Market - Surabaya 01,Ayu Pekerti,W,Makanan & Minuman,kacang goreng 1 kg,Jawa Timur,Surabaya,2754690
01-05-2022,PHI Mini Market - Surabaya 01,Ayu Pekerti,W,Makanan & Minuman,kacang mete 1 kg,Jawa Timur,Surabaya,19830190
01-05-2022,PHI Mini Market - Surabaya 01,Ayu Pekerti,W,Makanan & Minuman,markisa 600 ml,Jawa Timur,Surabaya,3064980
01-05-2022,PHI Mini Market - Surabaya 01,Ayu Pekerti,W,Makanan & Minuman,mie instant 1 kotak (40 bungkus),Jawa Timur,Surabaya,36566090
01-05-2022,PHI Mini Market - Surabaya 01,Ayu Pekerti,W,Makanan & Minuman,minuman probiotik,Jawa Timur,Surabaya,219780
01-05-2022,PHI Mini Market - Surabaya 01,Ayu Pekerti,W,Makanan & Minuman,nasi goreng instant (1 ons),Jawa Timur,Surabaya,1975320
01-05-2022,PHI Mini Market - Surabaya 01,Ayu Pekerti,W,Makanan & Minuman,snack gurih 1 ons,Jawa Timur,Surabaya,2414310
01-05-2022,PHI Mini Market - Surabaya 01,Ayu Pekerti,W,Makanan & Minuman,susu kotak (800 ml),Jawa Timur,Surabaya,3971250
01-05-2022,PHI Mini Market - Surabaya 01,Ayu Pekerti,W,Makanan & Minuman,susu kotak 1 l,Jawa Timur,Surabaya,3101920
01-05-2022,PHI Mini Market - Surabaya 01,Ayu Pekerti,W,Makanan & Minuman,telur ayam kampung 1 kg,Jawa Timur,Surabaya,3624910
01-05-2022,PHI Mini Market - Surabaya 01,Ayu Pekerti,W,Makanan & Minuman,telur ayam ras 1 kg,Jawa Timur,Surabaya,3489230
01-05-2022,PHI Mini Market - Surabaya 01,Ayu Pekerti,W,Sayur-Sayuran,bawang merah 1 kg,Jawa Timur,Surabaya,3245380
01-05-2022,PHI Mini Market - Surabaya 01,Ayu Pekerti,W,Sayur-Sayuran,bawang putih 1 kg,Jawa Timur,Surabaya,1095760
01-05-2022,PHI Mini Market - Surabaya 01,Ayu Pekerti,W,Sayur-Sayuran,buncis 1 kg,Jawa Timur,Surabaya,1249720
01-05-2022,PHI Mini Market - Surabaya 01,Ayu Pekerti,W,Sayur-Sayuran,kacang hijau 1 kg,Jawa Timur,Surabaya,2458230
01-05-2022,PHI Mini Market - Surabaya 01,Ayu Pekerti,W,Sayur-Sayuran,kacang panjang 1 kg,Jawa Timur,Surabaya,1911550
01-05-2022,PHI Mini Market - Surabaya 01,Ayu Pekerti,W,Sayur-Sayuran,kentang 1 kg,Jawa Timur,Surabaya,2359070
01-05-2022,PHI Mini Market - Surabaya 01,Ayu Pekerti,W,Sayur-Sayuran,ketimun 1 kg,Jawa Timur,Surabaya,1440950
01-05-2022,PHI Mini Market - Surabaya 01,Ayu Pekerti,W,Sayur-Sayuran,kobis 1 kg,Jawa Timur,Surabaya,420140
01-05-2022,PHI Mini Market - Surabaya 01,Ayu Pekerti,W,Sayur-Sayuran,tomat 1 kg,Jawa Timur,Surabaya,1354110
01-05-2022,PHI Mini Market - Surabaya 01,Ayu Pekerti,W,Sayur-Sayuran,ubi jalar 1 kg,Jawa Timur,Surabaya,452780
01-05-2022,PHI Mini Market - Surabaya 01,Ayu Pekerti,W,Sayur-Sayuran,ubi kayu basah 1 kg,Jawa Timur,Surabaya,356740
01-05-2022,PHI Mini Market - Surabaya 01,Ayu Pekerti,W,Sayur-Sayuran,wortel 1 kg,Jawa Timur,Surabaya,1401630
01-05-2022,PHI Mini Market - Surabaya 01,Budi Tenteram,P,Buah,alpukat 1 kg,Jawa Timur,Surabaya,1804230
01-05-2022,PHI Mini Market - Surabaya 01,Budi Tenteram,P,Buah,apel 1 kg,Jawa Timur,Surabaya,14477530
01-05-2022,PHI Mini Market - Surabaya 01,Budi Tenteram,P,Buah,belimbing 1 kg,Jawa Timur,Surabaya,1481270
01-05-2022,PHI Mini Market - Surabaya 01,Budi Tenteram,P,Buah,durian 1 kg,Jawa Timur,Surabaya,8252090
01-05-2022,PHI Mini Market - Surabaya 01,Budi Tenteram,P,Buah,jeruk 1 kg,Jawa Timur,Surabaya,3879280
01-05-2022,PHI Mini Market - Surabaya 01,Budi Tenteram,P,Buah,kelapa muda,Jawa Timur,Surabaya,1153110
01-05-2022,PHI Mini Market - Surabaya 01,Budi Tenteram,P,Buah,mangga 1 kg,Jawa Timur,Surabaya,5076940
01-05-2022,PHI Mini Market - Surabaya 01,Budi Tenteram,P,Makanan & Minuman,air mineral 600 ml,Jawa Timur,Surabaya,495010
01-05-2022,PHI Mini Market - Surabaya 01,Budi Tenteram,P,Makanan & Minuman,bumbu fried chicken,Jawa Timur,Surabaya,4236540
01-05-2022,PHI Mini Market - Surabaya 01,Budi Tenteram,P,Makanan & Minuman,jus kesehatan 600 ml,Jawa Timur,Surabaya,3055890
01-05-2022,PHI Mini Market - Surabaya 01,Budi Tenteram,P,Makanan & Minuman,kacang goreng 1 kg,Jawa Timur,Surabaya,3348970
01-05-2022,PHI Mini Market - Surabaya 01,Budi Tenteram,P,Makanan & Minuman,kacang mete 1 kg,Jawa Timur,Surabaya,13703380
01-05-2022,PHI Mini Market - Surabaya 01,Budi Tenteram,P,Makanan & Minuman,markisa 600 ml,Jawa Timur,Surabaya,4820350
01-05-2022,PHI Mini Market - Surabaya 01,Budi Tenteram,P,Makanan & Minuman,mie instant 1 kotak (40 bungkus),Jawa Timur,Surabaya,35800230
01-05-2022,PHI Mini Market - Surabaya 01,Budi Tenteram,P,Makanan & Minuman,minuman probiotik,Jawa Timur,Surabaya,317690
01-05-2022,PHI Mini Market - Surabaya 01,Budi Tenteram,P,Makanan & Minuman,nasi goreng instant (1 ons),Jawa Timur,Surabaya,1587080
01-05-2022,PHI Mini Market - Surabaya 01,Budi Tenteram,P,Makanan & Minuman,snack gurih 1 ons,Jawa Timur,Surabaya,1487510
01-05-2022,PHI Mini Market - Surabaya 01,Budi Tenteram,P,Makanan & Minuman,susu kotak (800 ml),Jawa Timur,Surabaya,3695780
01-05-2022,PHI Mini Market - Surabaya 01,Budi Tenteram,P,Makanan & Minuman,susu kotak 1 l,Jawa Timur,Surabaya,4468000
01-05-2022,PHI Mini Market - Surabaya 01,Budi Tenteram,P,Makanan & Minuman,telur ayam kampung 1 kg,Jawa Timur,Surabaya,6597570
01-05-2022,PHI Mini Market - Surabaya 01,Budi Tenteram,P,Makanan & Minuman,telur ayam ras 1 kg,Jawa Timur,Surabaya,2888270
01-05-2022,PHI Mini Market - Surabaya 01,Budi Tenteram,P,Sayur-Sayuran,bawang merah 1 kg,Jawa Timur,Surabaya,4419040
01-05-2022,PHI Mini Market - Surabaya 01,Budi Tenteram,P,Sayur-Sayuran,bawang putih 1 kg,Jawa Timur,Surabaya,1415890
01-05-2022,PHI Mini Market - Surabaya 01,Budi Tenteram,P,Sayur-Sayuran,buncis 1 kg,Jawa Timur,Surabaya,1753480
01-05-2022,PHI Mini Market - Surabaya 01,Budi Tenteram,P,Sayur-Sayuran,kacang hijau 1 kg,Jawa Timur,Surabaya,2651970
01-05-2022,PHI Mini Market - Surabaya 01,Budi Tenteram,P,Sayur-Sayuran,kacang panjang 1 kg,Jawa Timur,Surabaya,2709740
01-05-2022,PHI Mini Market - Surabaya 01,Budi Tenteram,P,Sayur-Sayuran,kentang 1 kg,Jawa Timur,Surabaya,3055500
01-05-2022,PHI Mini Market - Surabaya 01,Budi Tenteram,P,Sayur-Sayuran,ketimun 1 kg,Jawa Timur,Surabaya,1546410
01-05-2022,PHI Mini Market - Surabaya 01,Budi Tenteram,P,Sayur-Sayuran,kobis 1 kg,Jawa Timur,Surabaya,345370
01-05-2022,PHI Mini Market - Surabaya 01,Budi Tenteram,P,Sayur-Sayuran,tomat 1 kg,Jawa Timur,Surabaya,1742760
01-05-2022,PHI Mini Market - Surabaya 01,Budi Tenteram,P,Sayur-Sayuran,ubi jalar 1 kg,Jawa Timur,Surabaya,350050
01-05-2022,PHI Mini Market - Surabaya 01,Budi Tenteram,P,Sayur-Sayuran,ubi kayu basah 1 kg,Jawa Timur,Surabaya,424490
01-05-2022,PHI Mini Market - Surabaya 01,Budi Tenteram,P,Sayur-Sayuran,wortel 1 kg,Jawa Timur,Surabaya,907580
01-05-2022,PHI Mini Market - Surabaya 01,Galang Setiawan,P,Buah,alpukat 1 kg,Jawa Timur,Surabaya,2379780
01-05-2022,PHI Mini Market - Surabaya 01,Galang Setiawan,P,Buah,apel 1 kg,Jawa Timur,Surabaya,20033690
01-05-2022,PHI Mini Market - Surabaya 01,Galang Setiawan,P,Buah,belimbing 1 kg,Jawa Timur,Surabaya,1169980
01-05-2022,PHI Mini Market - Surabaya 01,Galang Setiawan,P,Buah,durian 1 kg,Jawa Timur,Surabaya,3520630
01-05-2022,PHI Mini Market - Surabaya 01,Galang Setiawan,P,Buah,jeruk 1 kg,Jawa Timur,Surabaya,4691080
01-05-2022,PHI Mini Market - Surabaya 01,Galang Setiawan,P,Buah,kelapa muda,Jawa Timur,Surabaya,1141960
01-05-2022,PHI Mini Market - Surabaya 01,Galang Setiawan,P,Buah,mangga 1 kg,Jawa Timur,Surabaya,4275630
01-05-2022,PHI Mini Market - Surabaya 01,Galang Setiawan,P,Makanan & Minuman,air mineral 600 ml,Jawa Timur,Surabaya,396850
01-05-2022,PHI Mini Market - Surabaya 01,Galang Setiawan,P,Makanan & Minuman,bumbu fried chicken,Jawa Timur,Surabaya,3463440
01-05-2022,PHI Mini Market - Surabaya 01,Galang Setiawan,P,Makanan & Minuman,jus kesehatan 600 ml,Jawa Timur,Surabaya,2970810
01-05-2022,PHI Mini Market - Surabaya 01,Galang Setiawan,P,Makanan & Minuman,kacang goreng 1 kg,Jawa Timur,Surabaya,4001280
01-05-2022,PHI Mini Market - Surabaya 01,Galang Setiawan,P,Makanan & Minuman,kacang mete 1 kg,Jawa Timur,Surabaya,36515550
01-05-2022,PHI Mini Market - Surabaya 01,Galang Setiawan,P,Makanan & Minuman,markisa 600 ml,Jawa Timur,Surabaya,4869480
01-05-2022,PHI Mini Market - Surabaya 01,Galang Setiawan,P,Makanan & Minuman,mie instant 1 kotak (40 bungkus),Jawa Timur,Surabaya,30830870
01-05-2022,PHI Mini Market - Surabaya 01,Galang Setiawan,P,Makanan & Minuman,minuman probiotik,Jawa Timur,Surabaya,331160
01-05-2022,PHI Mini Market - Surabaya 01,Galang Setiawan,P,Makanan & Minuman,nasi goreng instant (1 ons),Jawa Timur,Surabaya,1457990
01-05-2022,PHI Mini Market - Surabaya 01,Galang Setiawan,P,Makanan & Minuman,snack gurih 1 ons,Jawa Timur,Surabaya,1554800
01-05-2022,PHI Mini Market - Surabaya 01,Galang Setiawan,P,Makanan & Minuman,susu kotak (800 ml),Jawa Timur,Surabaya,3947200
01-05-2022,PHI Mini Market - Surabaya 01,Galang Setiawan,P,Makanan & Minuman,susu kotak 1 l,Jawa Timur,Surabaya,2602720
01-05-2022,PHI Mini Market - Surabaya 01,Galang Setiawan,P,Makanan & Minuman,telur ayam kampung 1 kg,Jawa Timur,Surabaya,7926970
01-05-2022,PHI Mini Market - Surabaya 01,Galang Setiawan,P,Makanan & Minuman,telur ayam ras 1 kg,Jawa Timur,Surabaya,3689750
01-05-2022,PHI Mini Market - Surabaya 01,Galang Setiawan,P,Sayur-Sayuran,bawang merah 1 kg,Jawa Timur,Surabaya,3549790
01-05-2022,PHI Mini Market - Surabaya 01,Galang Setiawan,P,Sayur-Sayuran,bawang putih 1 kg,Jawa Timur,Surabaya,1364750
01-05-2022,PHI Mini Market - Surabaya 01,Galang Setiawan,P,Sayur-Sayuran,buncis 1 kg,Jawa Timur,Surabaya,1778350
01-05-2022,PHI Mini Market - Surabaya 01,Galang Setiawan,P,Sayur-Sayuran,kacang hijau 1 kg,Jawa Timur,Surabaya,1893000
01-05-2022,PHI Mini Market - Surabaya 01,Galang Setiawan,P,Sayur-Sayuran,kacang panjang 1 kg,Jawa Timur,Surabaya,2622250
01-05-2022,PHI Mini Market - Surabaya 01,Galang Setiawan,P,Sayur-Sayuran,kentang 1 kg,Jawa Timur,Surabaya,2391570
01-05-2022,PHI Mini Market - Surabaya 01,Galang Setiawan,P,Sayur-Sayuran,ketimun 1 kg,Jawa Timur,Surabaya,1435220
01-05-2022,PHI Mini Market - Surabaya 01,Galang Setiawan,P,Sayur-Sayuran,kobis 1 kg,Jawa Timur,Surabaya,460470
01-05-2022,PHI Mini Market - Surabaya 01,Galang Setiawan,P,Sayur-Sayuran,tomat 1 kg,Jawa Timur,Surabaya,1137800
01-05-2022,PHI Mini Market - Surabaya 01,Galang Setiawan,P,Sayur-Sayuran,ubi jalar 1 kg,Jawa Timur,Surabaya,391310
01-05-2022,PHI Mini Market - Surabaya 01,Galang Setiawan,P,Sayur-Sayuran,ubi kayu basah 1 kg,Jawa Timur,Surabaya,386750
01-05-2022,PHI Mini Market - Surabaya 01,Galang Setiawan,P,Sayur-Sayuran,wortel 1 kg,Jawa Timur,Surabaya,971670
01-05-2022,PHI Mini Market - Surabaya 01,Harum Selangit,W,Buah,alpukat 1 kg,Jawa Timur,Surabaya,1708670
01-05-2022,PHI Mini Market - Surabaya 01,Harum Selangit,W,Buah,apel 1 kg,Jawa Timur,Surabaya,20800640
01-05-2022,PHI Mini Market - Surabaya 01,Harum Selangit,W,Buah,belimbing 1 kg,Jawa Timur,Surabaya,752650
01-05-2022,PHI Mini Market - Surabaya 01,Harum Selangit,W,Buah,durian 1 kg,Jawa Timur,Surabaya,4919290
01-05-2022,PHI Mini Market - Surabaya 01,Harum Selangit,W,Buah,jeruk 1 kg,Jawa Timur,Surabaya,4700820
01-05-2022,PHI Mini Market - Surabaya 01,Harum Selangit,W,Buah,kelapa muda,Jawa Timur,Surabaya,2050200
01-05-2022,PHI Mini Market - Surabaya 01,Harum Selangit,W,Buah,mangga 1 kg,Jawa Timur,Surabaya,4504050
01-05-2022,PHI Mini Market - Surabaya 01,Harum Selangit,W,Makanan & Minuman,air mineral 600 ml,Jawa Timur,Surabaya,498070
01-05-2022,PHI Mini Market - Surabaya 01,Harum Selangit,W,Makanan & Minuman,bumbu fried chicken,Jawa Timur,Surabaya,4528470
01-05-2022,PHI Mini Market - Surabaya 01,Harum Selangit,W,Makanan & Minuman,jus kesehatan 600 ml,Jawa Timur,Surabaya,2050930
01-05-2022,PHI Mini Market - Surabaya 01,Harum Selangit,W,Makanan & Minuman,kacang goreng 1 kg,Jawa Timur,Surabaya,4139850
01-05-2022,PHI Mini Market - Surabaya 01,Harum Selangit,W,Makanan & Minuman,kacang mete 1 kg,Jawa Timur,Surabaya,21424750
01-05-2022,PHI Mini Market - Surabaya 01,Harum Selangit,W,Makanan & Minuman,markisa 600 ml,Jawa Timur,Surabaya,4463140
01-05-2022,PHI Mini Market - Surabaya 01,Harum Selangit,W,Makanan & Minuman,mie instant 1 kotak (40 bungkus),Jawa Timur,Surabaya,23158790
01-05-2022,PHI Mini Market - Surabaya 01,Harum Selangit,W,Makanan & Minuman,minuman probiotik,Jawa Timur,Surabaya,235070
01-05-2022,PHI Mini Market - Surabaya 01,Harum Selangit,W,Makanan & Minuman,nasi goreng instant (1 ons),Jawa Timur,Surabaya,2476510
01-05-2022,PHI Mini Market - Surabaya 01,Harum Selangit,W,Makanan & Minuman,snack gurih 1 ons,Jawa Timur,Surabaya,1714040
01-05-2022,PHI Mini Market - Surabaya 01,Harum Selangit,W,Makanan & Minuman,susu kotak (800 ml),Jawa Timur,Surabaya,4182840
01-05-2022,PHI Mini Market - Surabaya 01,Harum Selangit,W,Makanan & Minuman,susu kotak 1 l,Jawa Timur,Surabaya,3785040
01-05-2022,PHI Mini Market - Surabaya 01,Harum Selangit,W,Makanan & Minuman,telur ayam kampung 1 kg,Jawa Timur,Surabaya,6678920
01-05-2022,PHI Mini Market - Surabaya 01,Harum Selangit,W,Makanan & Minuman,telur ayam ras 1 kg,Jawa Timur,Surabaya,5318650
01-05-2022,PHI Mini Market - Surabaya 01,Harum Selangit,W,Sayur-Sayuran,bawang merah 1 kg,Jawa Timur,Surabaya,1780790
01-05-2022,PHI Mini Market - Surabaya 01,Harum Selangit,W,Sayur-Sayuran,bawang putih 1 kg,Jawa Timur,Surabaya,1466490
01-05-2022,PHI Mini Market - Surabaya 01,Harum Selangit,W,Sayur-Sayuran,buncis 1 kg,Jawa Timur,Surabaya,1481300
01-05-2022,PHI Mini Market - Surabaya 01,Harum Selangit,W,Sayur-Sayuran,kacang hijau 1 kg,Jawa Timur,Surabaya,2047490
01-05-2022,PHI Mini Market - Surabaya 01,Harum Selangit,W,Sayur-Sayuran,kacang panjang 1 kg,Jawa Timur,Surabaya,1823580
01-05-2022,PHI Mini Market - Surabaya 01,Harum Selangit,W,Sayur-Sayuran,kentang 1 kg,Jawa Timur,Surabaya,3184620
01-05-2022,PHI Mini Market - Surabaya 01,Harum Selangit,W,Sayur-Sayuran,ketimun 1 kg,Jawa Timur,Surabaya,1414130
01-05-2022,PHI Mini Market - Surabaya 01,Harum Selangit,W,Sayur-Sayuran,kobis 1 kg,Jawa Timur,Surabaya,357210
01-05-2022,PHI Mini Market - Surabaya 01,Harum Selangit,W,Sayur-Sayuran,tomat 1 kg,Jawa Timur,Surabaya,1741110
01-05-2022,PHI Mini Market - Surabaya 01,Harum Selangit,W,Sayur-Sayuran,ubi jalar 1 kg,Jawa Timur,Surabaya,463950
01-05-2022,PHI Mini Market - Surabaya 01,Harum Selangit,W,Sayur-Sayuran,ubi kayu basah 1 kg,Jawa Timur,Surabaya,377340
01-05-2022,PHI Mini Market - Surabaya 01,Harum Selangit,W,Sayur-Sayuran,wortel 1 kg,Jawa Timur,Surabaya,1088660
01-05-2022,PHI Mini Market - Surabaya 01,Mariani Damai,W,Buah,alpukat 1 kg,Jawa Timur,Surabaya,2100200
01-05-2022,PHI Mini Market - Surabaya 01,Mariani Damai,W,Buah,apel 1 kg,Jawa Timur,Surabaya,22972830
01-05-2022,PHI Mini Market - Surabaya 01,Mariani Damai,W,Buah,belimbing 1 kg,Jawa Timur,Surabaya,1158060
01-05-2022,PHI Mini Market - Surabaya 01,Mariani Damai,W,Buah,durian 1 kg,Jawa Timur,Surabaya,6063730
01-05-2022,PHI Mini Market - Surabaya 01,Mariani Damai,W,Buah,jeruk 1 kg,Jawa Timur,Surabaya,3824960
01-05-2022,PHI Mini Market - Surabaya 01,Mariani Damai,W,Buah,kelapa muda,Jawa Timur,Surabaya,1933330
01-05-2022,PHI Mini Market - Surabaya 01,Mariani Damai,W,Makanan & Minuman,air mineral 600 ml,Jawa Timur,Surabaya,368070
01-05-2022,PHI Mini Market - Surabaya 01,Mariani Damai,W,Makanan & Minuman,bumbu fried chicken,Jawa Timur,Surabaya,5387820
01-05-2022,PHI Mini Market - Surabaya 01,Mariani Damai,W,Makanan & Minuman,jus kesehatan 600 ml,Jawa Timur,Surabaya,2307450
01-05-2022,PHI Mini Market - Surabaya 01,Mariani Damai,W,Makanan & Minuman,kacang goreng 1 kg,Jawa Timur,Surabaya,4919210
01-05-2022,PHI Mini Market - Surabaya 01,Mariani Damai,W,Makanan & Minuman,kacang mete 1 kg,Jawa Timur,Surabaya,24603210
01-05-2022,PHI Mini Market - Surabaya 01,Mariani Damai,W,Makanan & Minuman,markisa 600 ml,Jawa Timur,Surabaya,4742170
01-05-2022,PHI Mini Market - Surabaya 01,Mariani Damai,W,Makanan & Minuman,mie instant 1 kotak (40 bungkus),Jawa Timur,Surabaya,27368440
01-05-2022,PHI Mini Market - Surabaya 01,Mariani Damai,W,Makanan & Minuman,minuman probiotik,Jawa Timur,Surabaya,340680
01-05-2022,PHI Mini Market - Surabaya 01,Mariani Damai,W,Makanan & Minuman,nasi goreng instant (1 ons),Jawa Timur,Surabaya,2646570
01-05-2022,PHI Mini Market - Surabaya 01,Mariani Damai,W,Makanan & Minuman,snack gurih 1 ons,Jawa Timur,Surabaya,1596290
01-05-2022,PHI Mini Market - Surabaya 01,Mariani Damai,W,Makanan & Minuman,susu kotak (800 ml),Jawa Timur,Surabaya,4277560
01-05-2022,PHI Mini Market - Surabaya 01,Mariani Damai,W,Makanan & Minuman,susu kotak 1 l,Jawa Timur,Surabaya,2839320
01-05-2022,PHI Mini Market - Surabaya 01,Mariani Damai,W,Makanan & Minuman,telur ayam kampung 1 kg,Jawa Timur,Surabaya,7826660
01-05-2022,PHI Mini Market - Surabaya 01,Mariani Damai,W,Makanan & Minuman,telur ayam ras 1 kg,Jawa Timur,Surabaya,4889270
01-05-2022,PHI Mini Market - Surabaya 01,Mariani Damai,W,Sayur-Sayuran,bawang merah 1 kg,Jawa Timur,Surabaya,3717400
01-05-2022,PHI Mini Market - Surabaya 01,Mariani Damai,W,Sayur-Sayuran,bawang putih 1 kg,Jawa Timur,Surabaya,1561390
01-05-2022,PHI Mini Market - Surabaya 01,Mariani Damai,W,Sayur-Sayuran,buncis 1 kg,Jawa Timur,Surabaya,2446150
01-05-2022,PHI Mini Market - Surabaya 01,Mariani Damai,W,Sayur-Sayuran,kacang hijau 1 kg,Jawa Timur,Surabaya,2407600
01-05-2022,PHI Mini Market - Surabaya 01,Mariani Damai,W,Sayur-Sayuran,kacang panjang 1 kg,Jawa Timur,Surabaya,2725130
01-05-2022,PHI Mini Market - Surabaya 01,Mariani Damai,W,Sayur-Sayuran,kentang 1 kg,Jawa Timur,Surabaya,2408830
01-05-2022,PHI Mini Market - Surabaya 01,Mariani Damai,W,Sayur-Sayuran,ketimun 1 kg,Jawa Timur,Surabaya,881260
01-05-2022,PHI Mini Market - Surabaya 01,Mariani Damai,W,Sayur-Sayuran,kobis 1 kg,Jawa Timur,Surabaya,229060
01-05-2022,PHI Mini Market - Surabaya 01,Mariani Damai,W,Sayur-Sayuran,tomat 1 kg,Jawa Timur,Surabaya,1232330
01-05-2022,PHI Mini Market - Surabaya 01,Mariani Damai,W,Sayur-Sayuran,ubi jalar 1 kg,Jawa Timur,Surabaya,351130
01-05-2022,PHI Mini Market - Surabaya 01,Mariani Damai,W,Sayur-Sayuran,ubi kayu basah 1 kg,Jawa Timur,Surabaya,310460
01-05-2022,PHI Mini Market - Surabaya 01,Mariani Damai,W,Sayur-Sayuran,wortel 1 kg,Jawa Timur,Surabaya,1118230
01-05-2022,PHI Mini Market - Surabaya 01,Mulia Setiawan,P,Buah,alpukat 1 kg,Jawa Timur,Surabaya,1777800
01-05-2022,PHI Mini Market - Surabaya 01,Mulia Setiawan,P,Buah,apel 1 kg,Jawa Timur,Surabaya,16266200
01-05-2022,PHI Mini Market - Surabaya 01,Mulia Setiawan,P,Buah,belimbing 1 kg,Jawa Timur,Surabaya,1336560
01-05-2022,PHI Mini Market - Surabaya 01,Mulia Setiawan,P,Buah,durian 1 kg,Jawa Timur,Surabaya,4849460
01-05-2022,PHI Mini Market - Surabaya 01,Mulia Setiawan,P,Buah,jeruk 1 kg,Jawa Timur,Surabaya,4918260
01-05-2022,PHI Mini Market - Surabaya 01,Mulia Setiawan,P,Buah,kelapa muda,Jawa Timur,Surabaya,1187130
01-05-2022,PHI Mini Market - Surabaya 01,Mulia Setiawan,P,Buah,mangga 1 kg,Jawa Timur,Surabaya,6201000
01-05-2022,PHI Mini Market - Surabaya 01,Mulia Setiawan,P,Makanan & Minuman,air mineral 600 ml,Jawa Timur,Surabaya,397250
01-05-2022,PHI Mini Market - Surabaya 01,Mulia Setiawan,P,Makanan & Minuman,bumbu fried chicken,Jawa Timur,Surabaya,3170190
01-05-2022,PHI Mini Market - Surabaya 01,Mulia Setiawan,P,Makanan & Minuman,jus kesehatan 600 ml,Jawa Timur,Surabaya,2933490
01-05-2022,PHI Mini Market - Surabaya 01,Mulia Setiawan,P,Makanan & Minuman,kacang goreng 1 kg,Jawa Timur,Surabaya,4428440
01-05-2022,PHI Mini Market - Surabaya 01,Mulia Setiawan,P,Makanan & Minuman,kacang mete 1 kg,Jawa Timur,Surabaya,31920470
01-05-2022,PHI Mini Market - Surabaya 01,Mulia Setiawan,P,Makanan & Minuman,markisa 600 ml,Jawa Timur,Surabaya,3516440
01-05-2022,PHI Mini Market - Surabaya 01,Mulia Setiawan,P,Makanan & Minuman,mie instant 1 kotak (40 bungkus),Jawa Timur,Surabaya,29311630
01-05-2022,PHI Mini Market - Surabaya 01,Mulia Setiawan,P,Makanan & Minuman,minuman probiotik,Jawa Timur,Surabaya,271740
01-05-2022,PHI Mini Market - Surabaya 01,Mulia Setiawan,P,Makanan & Minuman,nasi goreng instant (1 ons),Jawa Timur,Surabaya,1624220
01-05-2022,PHI Mini Market - Surabaya 01,Mulia Setiawan,P,Makanan & Minuman,snack gurih 1 ons,Jawa Timur,Surabaya,1365000
01-05-2022,PHI Mini Market - Surabaya 01,Mulia Setiawan,P,Makanan & Minuman,susu kotak (800 ml),Jawa Timur,Surabaya,4270050
01-05-2022,PHI Mini Market - Surabaya 01,Mulia Setiawan,P,Makanan & Minuman,susu kotak 1 l,Jawa Timur,Surabaya,4201780
01-05-2022,PHI Mini Market - Surabaya 01,Mulia Setiawan,P,Makanan & Minuman,telur ayam kampung 1 kg,Jawa Timur,Surabaya,5061510
01-05-2022,PHI Mini Market - Surabaya 01,Mulia Setiawan,P,Makanan & Minuman,telur ayam ras 1 kg,Jawa Timur,Surabaya,3347710
01-05-2022,PHI Mini Market - Surabaya 01,Mulia Setiawan,P,Sayur-Sayuran,bawang merah 1 kg,Jawa Timur,Surabaya,3975680
01-05-2022,PHI Mini Market - Surabaya 01,Mulia Setiawan,P,Sayur-Sayuran,bawang putih 1 kg,Jawa Timur,Surabaya,1440570
01-05-2022,PHI Mini Market - Surabaya 01,Mulia Setiawan,P,Sayur-Sayuran,buncis 1 kg,Jawa Timur,Surabaya,1367680
01-05-2022,PHI Mini Market - Surabaya 01,Mulia Setiawan,P,Sayur-Sayuran,kacang hijau 1 kg,Jawa Timur,Surabaya,2356790
01-05-2022,PHI Mini Market - Surabaya 01,Mulia Setiawan,P,Sayur-Sayuran,kacang panjang 1 kg,Jawa Timur,Surabaya,2193190
01-05-2022,PHI Mini Market - Surabaya 01,Mulia Setiawan,P,Sayur-Sayuran,kentang 1 kg,Jawa Timur,Surabaya,2009230
01-05-2022,PHI Mini Market - Surabaya 01,Mulia Setiawan,P,Sayur-Sayuran,ketimun 1 kg,Jawa Timur,Surabaya,1848820
01-05-2022,PHI Mini Market - Surabaya 01,Mulia Setiawan,P,Sayur-Sayuran,kobis 1 kg,Jawa Timur,Surabaya,463180
01-05-2022,PHI Mini Market - Surabaya 01,Mulia Setiawan,P,Sayur-Sayuran,tomat 1 kg,Jawa Timur,Surabaya,1054220
01-05-2022,PHI Mini Market - Surabaya 01,Mulia Setiawan,P,Sayur-Sayuran,ubi jalar 1 kg,Jawa Timur,Surabaya,512950
01-05-2022,PHI Mini Market - Surabaya 01,Mulia Setiawan,P,Sayur-Sayuran,ubi kayu basah 1 kg,Jawa Timur,Surabaya,399710
01-05-2022,PHI Mini Market - Surabaya 01,Mulia Setiawan,P,Sayur-Sayuran,wortel 1 kg,Jawa Timur,Surabaya,1517210
01-05-2022,PHI Mini Market - Surabaya 01,Mulyo Damai,P,Buah,alpukat 1 kg,Jawa Timur,Surabaya,1446390
01-05-2022,PHI Mini Market - Surabaya 01,Mulyo Damai,P,Buah,apel 1 kg,Jawa Timur,Surabaya,22045510
01-05-2022,PHI Mini Market - Surabaya 01,Mulyo Damai,P,Buah,belimbing 1 kg,Jawa Timur,Surabaya,1217970
01-05-2022,PHI Mini Market - Surabaya 01,Mulyo Damai,P,Buah,durian 1 kg,Jawa Timur,Surabaya,10345670
01-05-2022,PHI Mini Market - Surabaya 01,Mulyo Damai,P,Buah,jeruk 1 kg,Jawa Timur,Surabaya,2372400
01-05-2022,PHI Mini Market - Surabaya 01,Mulyo Damai,P,Buah,kelapa muda,Jawa Timur,Surabaya,1729060
01-05-2022,PHI Mini Market - Surabaya 01,Mulyo Damai,P,Makanan & Minuman,air mineral 600 ml,Jawa Timur,Surabaya,405210
01-05-2022,PHI Mini Market - Surabaya 01,Mulyo Damai,P,Makanan & Minuman,bumbu fried chicken,Jawa Timur,Surabaya,5265720
01-05-2022,PHI Mini Market - Surabaya 01,Mulyo Damai,P,Makanan & Minuman,jus kesehatan 600 ml,Jawa Timur,Surabaya,2942940
01-05-2022,PHI Mini Market - Surabaya 01,Mulyo Damai,P,Makanan & Minuman,kacang goreng 1 kg,Jawa Timur,Surabaya,3668150
01-05-2022,PHI Mini Market - Surabaya 01,Mulyo Damai,P,Makanan & Minuman,kacang mete 1 kg,Jawa Timur,Surabaya,30127690
01-05-2022,PHI Mini Market - Surabaya 01,Mulyo Damai,P,Makanan & Minuman,markisa 600 ml,Jawa Timur,Surabaya,5367410
01-05-2022,PHI Mini Market - Surabaya 01,Mulyo Damai,P,Makanan & Minuman,mie instant 1 kotak (40 bungkus),Jawa Timur,Surabaya,27557330
01-05-2022,PHI Mini Market - Surabaya 01,Mulyo Damai,P,Makanan & Minuman,minuman probiotik,Jawa Timur,Surabaya,249970
01-05-2022,PHI Mini Market - Surabaya 01,Mulyo Damai,P,Makanan & Minuman,nasi goreng instant (1 ons),Jawa Timur,Surabaya,2046410
01-05-2022,PHI Mini Market - Surabaya 01,Mulyo Damai,P,Makanan & Minuman,snack gurih 1 ons,Jawa Timur,Surabaya,1207900
01-05-2022,PHI Mini Market - Surabaya 01,Mulyo Damai,P,Makanan & Minuman,susu kotak (800 ml),Jawa Timur,Surabaya,4605480
01-05-2022,PHI Mini Market - Surabaya 01,Mulyo Damai,P,Makanan & Minuman,susu kotak 1 l,Jawa Timur,Surabaya,2596080
01-05-2022,PHI Mini Market - Surabaya 01,Mulyo Damai,P,Makanan & Minuman,telur ayam kampung 1 kg,Jawa Timur,Surabaya,5787770
01-05-2022,PHI Mini Market - Surabaya 01,Mulyo Damai,P,Makanan & Minuman,telur ayam ras 1 kg,Jawa Timur,Surabaya,2038440
01-05-2022,PHI Mini Market - Surabaya 01,Mulyo Damai,P,Sayur-Sayuran,bawang merah 1 kg,Jawa Timur,Surabaya,4736690
01-05-2022,PHI Mini Market - Surabaya 01,Mulyo Damai,P,Sayur-Sayuran,bawang putih 1 kg,Jawa Timur,Surabaya,1172650
01-05-2022,PHI Mini Market - Surabaya 01,Mulyo Damai,P,Sayur-Sayuran,buncis 1 kg,Jawa Timur,Surabaya,2337830
01-05-2022,PHI Mini Market - Surabaya 01,Mulyo Damai,P,Sayur-Sayuran,kacang hijau 1 kg,Jawa Timur,Surabaya,3082910
01-05-2022,PHI Mini Market - Surabaya 01,Mulyo Damai,P,Sayur-Sayuran,kacang panjang 1 kg,Jawa Timur,Surabaya,2562400
01-05-2022,PHI Mini Market - Surabaya 01,Mulyo Damai,P,Sayur-Sayuran,kentang 1 kg,Jawa Timur,Surabaya,3733270
01-05-2022,PHI Mini Market - Surabaya 01,Mulyo Damai,P,Sayur-Sayuran,ketimun 1 kg,Jawa Timur,Surabaya,1693460
01-05-2022,PHI Mini Market - Surabaya 01,Mulyo Damai,P,Sayur-Sayuran,kobis 1 kg,Jawa Timur,Surabaya,419670
01-05-2022,PHI Mini Market - Surabaya 01,Mulyo Damai,P,Sayur-Sayuran,tomat 1 kg,Jawa Timur,Surabaya,1736240
01-05-2022,PHI Mini Market - Surabaya 01,Mulyo Damai,P,Sayur-Sayuran,ubi jalar 1 kg,Jawa Timur,Surabaya,342030
01-05-2022,PHI Mini Market - Surabaya 01,Mulyo Damai,P,Sayur-Sayuran,ubi kayu basah 1 kg,Jawa Timur,Surabaya,357830
01-05-2022,PHI Mini Market - Surabaya 01,Mulyo Damai,P,Sayur-Sayuran,wortel 1 kg,Jawa Timur,Surabaya,967400
01-05-2022,PHI Mini Market - Surabaya 01,Natali Menawan,W,Buah,alpukat 1 kg,Jawa Timur,Surabaya,4123800
01-05-2022,PHI Mini Market - Surabaya 01,Natali Menawan,W,Buah,apel 1 kg,Jawa Timur,Surabaya,36541400
01-05-2022,PHI Mini Market - Surabaya 01,Natali Menawan,W,Buah,belimbing 1 kg,Jawa Timur,Surabaya,2302140
01-05-2022,PHI Mini Market - Surabaya 01,Natali Menawan,W,Buah,durian 1 kg,Jawa Timur,Surabaya,14038520
01-05-2022,PHI Mini Market - Surabaya 01,Natali Menawan,W,Buah,jeruk 1 kg,Jawa Timur,Surabaya,7731030
01-05-2022,PHI Mini Market - Surabaya 01,Natali Menawan,W,Buah,kelapa muda,Jawa Timur,Surabaya,3170950
01-05-2022,PHI Mini Market - Surabaya 01,Natali Menawan,W,Buah,mangga 1 kg,Jawa Timur,Surabaya,9552320
01-05-2022,PHI Mini Market - Surabaya 01,Natali Menawan,W,Makanan & Minuman,air mineral 600 ml,Jawa Timur,Surabaya,708040
01-05-2022,PHI Mini Market - Surabaya 01,Natali Menawan,W,Makanan & Minuman,bumbu fried chicken,Jawa Timur,Surabaya,10053120
01-05-2022,PHI Mini Market - Surabaya 01,Natali Menawan,W,Makanan & Minuman,jus kesehatan 600 ml,Jawa Timur,Surabaya,6596480
01-05-2022,PHI Mini Market - Surabaya 01,Natali Menawan,W,Makanan & Minuman,kacang goreng 1 kg,Jawa Timur,Surabaya,7516130
01-05-2022,PHI Mini Market - Surabaya 01,Natali Menawan,W,Makanan & Minuman,kacang mete 1 kg,Jawa Timur,Surabaya,47258580
01-05-2022,PHI Mini Market - Surabaya 01,Natali Menawan,W,Makanan & Minuman,markisa 600 ml,Jawa Timur,Surabaya,10032030
01-05-2022,PHI Mini Market - Surabaya 01,Natali Menawan,W,Makanan & Minuman,mie instant 1 kotak (40 bungkus),Jawa Timur,Surabaya,59683670
01-05-2022,PHI Mini Market - Surabaya 01,Natali Menawan,W,Makanan & Minuman,minuman probiotik,Jawa Timur,Surabaya,511150
01-05-2022,PHI Mini Market - Surabaya 01,Natali Menawan,W,Makanan & Minuman,nasi goreng instant (1 ons),Jawa Timur,Surabaya,4656190
01-05-2022,PHI Mini Market - Surabaya 01,Natali Menawan,W,Makanan & Minuman,snack gurih 1 ons,Jawa Timur,Surabaya,3729010
01-05-2022,PHI Mini Market - Surabaya 01,Natali Menawan,W,Makanan & Minuman,susu kotak (800 ml),Jawa Timur,Surabaya,8799040
01-05-2022,PHI Mini Market - Surabaya 01,Natali Menawan,W,Makanan & Minuman,susu kotak 1 l,Jawa Timur,Surabaya,5469800
01-05-2022,PHI Mini Market - Surabaya 01,Natali Menawan,W,Makanan & Minuman,telur ayam kampung 1 kg,Jawa Timur,Surabaya,13461340
01-05-2022,PHI Mini Market - Surabaya 01,Natali Menawan,W,Makanan & Minuman,telur ayam ras 1 kg,Jawa Timur,Surabaya,8672690
01-05-2022,PHI Mini Market - Surabaya 01,Natali Menawan,W,Sayur-Sayuran,bawang merah 1 kg,Jawa Timur,Surabaya,7270510
01-05-2022,PHI Mini Market - Surabaya 01,Natali Menawan,W,Sayur-Sayuran,bawang putih 1 kg,Jawa Timur,Surabaya,2690210
01-05-2022,PHI Mini Market - Surabaya 01,Natali Menawan,W,Sayur-Sayuran,buncis 1 kg,Jawa Timur,Surabaya,3687520
01-05-2022,PHI Mini Market - Surabaya 01,Natali Menawan,W,Sayur-Sayuran,kacang hijau 1 kg,Jawa Timur,Surabaya,3944870
01-05-2022,PHI Mini Market - Surabaya 01,Natali Menawan,W,Sayur-Sayuran,kacang panjang 1 kg,Jawa Timur,Surabaya,5097200
01-05-2022,PHI Mini Market - Surabaya 01,Natali Menawan,W,Sayur-Sayuran,kentang 1 kg,Jawa Timur,Surabaya,5696300
01-05-2022,PHI Mini Market - Surabaya 01,Natali Menawan,W,Sayur-Sayuran,ketimun 1 kg,Jawa Timur,Surabaya,2937000
01-05-2022,PHI Mini Market - Surabaya 01,Natali Menawan,W,Sayur-Sayuran,kobis 1 kg,Jawa Timur,Surabaya,791330
01-05-2022,PHI Mini Market - Surabaya 01,Natali Menawan,W,Sayur-Sayuran,tomat 1 kg,Jawa Timur,Surabaya,3186600
01-05-2022,PHI Mini Market - Surabaya 01,Natali Menawan,W,Sayur-Sayuran,ubi jalar 1 kg,Jawa Timur,Surabaya,735570
01-05-2022,PHI Mini Market - Surabaya 01,Natali Menawan,W,Sayur-Sayuran,ubi kayu basah 1 kg,Jawa Timur,Surabaya,746240
01-05-2022,PHI Mini Market - Surabaya 01,Natali Menawan,W,Sayur-Sayuran,wortel 1 kg,Jawa Timur,Surabaya,1991090
01-06-2022,PHI Mini Market - Jakarta Pusat 01,Agung Alexander,P,Buah,alpukat 1 kg,DKI Jakarta,Jakarta Pusat,1533740
01-06-2022,PHI Mini Market - Jakarta Pusat 01,Agung Alexander,P,Buah,apel 1 kg,DKI Jakarta,Jakarta Pusat,14058400
01-06-2022,PHI Mini Market - Jakarta Pusat 01,Agung Alexander,P,Buah,belimbing 1 kg,DKI Jakarta,Jakarta Pusat,1000290
01-06-2022,PHI Mini Market - Jakarta Pusat 01,Agung Alexander,P,Buah,durian 1 kg,DKI Jakarta,Jakarta Pusat,6130260
01-06-2022,PHI Mini Market - Jakarta Pusat 01,Agung Alexander,P,Buah,jeruk 1 kg,DKI Jakarta,Jakarta Pusat,2593130
01-06-2022,PHI Mini Market - Jakarta Pusat 01,Agung Alexander,P,Buah,kelapa muda,DKI Jakarta,Jakarta Pusat,2393150
01-06-2022,PHI Mini Market - Jakarta Pusat 01,Agung Alexander,P,Makanan & Minuman,air mineral 600 ml,DKI Jakarta,Jakarta Pusat,260530
01-06-2022,PHI Mini Market - Jakarta Pusat 01,Agung Alexander,P,Makanan & Minuman,bumbu fried chicken,DKI Jakarta,Jakarta Pusat,4405940
01-06-2022,PHI Mini Market - Jakarta Pusat 01,Agung Alexander,P,Makanan & Minuman,jus kesehatan 600 ml,DKI Jakarta,Jakarta Pusat,2688190
01-06-2022,PHI Mini Market - Jakarta Pusat 01,Agung Alexander,P,Makanan & Minuman,kacang goreng 1 kg,DKI Jakarta,Jakarta Pusat,2662760
01-06-2022,PHI Mini Market - Jakarta Pusat 01,Agung Alexander,P,Makanan & Minuman,kacang mete 1 kg,DKI Jakarta,Jakarta Pusat,21505850
01-06-2022,PHI Mini Market - Jakarta Pusat 01,Agung Alexander,P,Makanan & Minuman,markisa 600 ml,DKI Jakarta,Jakarta Pusat,5603730
01-06-2022,PHI Mini Market - Jakarta Pusat 01,Agung Alexander,P,Makanan & Minuman,mie instant 1 kotak (40 bungkus),DKI Jakarta,Jakarta Pusat,28488180
01-06-2022,PHI Mini Market - Jakarta Pusat 01,Agung Alexander,P,Makanan & Minuman,minuman probiotik,DKI Jakarta,Jakarta Pusat,315790
01-06-2022,PHI Mini Market - Jakarta Pusat 01,Agung Alexander,P,Makanan & Minuman,nasi goreng instant (1 ons),DKI Jakarta,Jakarta Pusat,2125330
01-06-2022,PHI Mini Market - Jakarta Pusat 01,Agung Alexander,P,Makanan & Minuman,snack gurih 1 ons,DKI Jakarta,Jakarta Pusat,1838230
01-06-2022,PHI Mini Market - Jakarta Pusat 01,Agung Alexander,P,Makanan & Minuman,susu kotak (800 ml),DKI Jakarta,Jakarta Pusat,3723470
01-06-2022,PHI Mini Market - Jakarta Pusat 01,Agung Alexander,P,Makanan & Minuman,susu kotak 1 l,DKI Jakarta,Jakarta Pusat,3048140
01-06-2022,PHI Mini Market - Jakarta Pusat 01,Agung Alexander,P,Makanan & Minuman,telur ayam kampung 1 kg,DKI Jakarta,Jakarta Pusat,6151770
01-06-2022,PHI Mini Market - Jakarta Pusat 01,Agung Alexander,P,Makanan & Minuman,telur ayam ras 1 kg,DKI Jakarta,Jakarta Pusat,3666710
01-06-2022,PHI Mini Market - Jakarta Pusat 01,Agung Alexander,P,Sayur-Sayuran,bawang merah 1 kg,DKI Jakarta,Jakarta Pusat,3572300
01-06-2022,PHI Mini Market - Jakarta Pusat 01,Agung Alexander,P,Sayur-Sayuran,bawang putih 1 kg,DKI Jakarta,Jakarta Pusat,1539980
01-06-2022,PHI Mini Market - Jakarta Pusat 01,Agung Alexander,P,Sayur-Sayuran,buncis 1 kg,DKI Jakarta,Jakarta Pusat,1957990
01-06-2022,PHI Mini Market - Jakarta Pusat 01,Agung Alexander,P,Sayur-Sayuran,kacang hijau 1 kg,DKI Jakarta,Jakarta Pusat,2544320
01-06-2022,PHI Mini Market - Jakarta Pusat 01,Agung Alexander,P,Sayur-Sayuran,kacang panjang 1 kg,DKI Jakarta,Jakarta Pusat,1602690
01-06-2022,PHI Mini Market - Jakarta Pusat 01,Agung Alexander,P,Sayur-Sayuran,kentang 1 kg,DKI Jakarta,Jakarta Pusat,2178520
01-06-2022,PHI Mini Market - Jakarta Pusat 01,Agung Alexander,P,Sayur-Sayuran,ketimun 1 kg,DKI Jakarta,Jakarta Pusat,1113470
01-06-2022,PHI Mini Market - Jakarta Pusat 01,Agung Alexander,P,Sayur-Sayuran,kobis 1 kg,DKI Jakarta,Jakarta Pusat,433150
01-06-2022,PHI Mini Market - Jakarta Pusat 01,Agung Alexander,P,Sayur-Sayuran,tomat 1 kg,DKI Jakarta,Jakarta Pusat,2086210
01-06-2022,PHI Mini Market - Jakarta Pusat 01,Agung Alexander,P,Sayur-Sayuran,ubi jalar 1 kg,DKI Jakarta,Jakarta Pusat,243620
01-06-2022,PHI Mini Market - Jakarta Pusat 01,Agung Alexander,P,Sayur-Sayuran,ubi kayu basah 1 kg,DKI Jakarta,Jakarta Pusat,341680
01-06-2022,PHI Mini Market - Jakarta Pusat 01,Agung Alexander,P,Sayur-Sayuran,wortel 1 kg,DKI Jakarta,Jakarta Pusat,766820
01-06-2022,PHI Mini Market - Jakarta Pusat 01,Budiwati Ramah,W,Buah,alpukat 1 kg,DKI Jakarta,Jakarta Pusat,1856330
01-06-2022,PHI Mini Market - Jakarta Pusat 01,Budiwati Ramah,W,Buah,apel 1 kg,DKI Jakarta,Jakarta Pusat,16793510
01-06-2022,PHI Mini Market - Jakarta Pusat 01,Budiwati Ramah,W,Buah,belimbing 1 kg,DKI Jakarta,Jakarta Pusat,1460020
01-06-2022,PHI Mini Market - Jakarta Pusat 01,Budiwati Ramah,W,Buah,durian 1 kg,DKI Jakarta,Jakarta Pusat,5163550
01-06-2022,PHI Mini Market - Jakarta Pusat 01,Budiwati Ramah,W,Buah,jeruk 1 kg,DKI Jakarta,Jakarta Pusat,4050970
01-06-2022,PHI Mini Market - Jakarta Pusat 01,Budiwati Ramah,W,Buah,kelapa muda,DKI Jakarta,Jakarta Pusat,1167710
01-06-2022,PHI Mini Market - Jakarta Pusat 01,Budiwati Ramah,W,Buah,mangga 1 kg,DKI Jakarta,Jakarta Pusat,4469470
01-06-2022,PHI Mini Market - Jakarta Pusat 01,Budiwati Ramah,W,Makanan & Minuman,air mineral 600 ml,DKI Jakarta,Jakarta Pusat,296300
01-06-2022,PHI Mini Market - Jakarta Pusat 01,Budiwati Ramah,W,Makanan & Minuman,bumbu fried chicken,DKI Jakarta,Jakarta Pusat,5049680
01-06-2022,PHI Mini Market - Jakarta Pusat 01,Budiwati Ramah,W,Makanan & Minuman,jus kesehatan 600 ml,DKI Jakarta,Jakarta Pusat,3139600
01-06-2022,PHI Mini Market - Jakarta Pusat 01,Budiwati Ramah,W,Makanan & Minuman,kacang goreng 1 kg,DKI Jakarta,Jakarta Pusat,3248820
01-06-2022,PHI Mini Market - Jakarta Pusat 01,Budiwati Ramah,W,Makanan & Minuman,kacang mete 1 kg,DKI Jakarta,Jakarta Pusat,18375700
01-06-2022,PHI Mini Market - Jakarta Pusat 01,Budiwati Ramah,W,Makanan & Minuman,markisa 600 ml,DKI Jakarta,Jakarta Pusat,6037210
01-06-2022,PHI Mini Market - Jakarta Pusat 01,Budiwati Ramah,W,Makanan & Minuman,mie instant 1 kotak (40 bungkus),DKI Jakarta,Jakarta Pusat,26797220
01-06-2022,PHI Mini Market - Jakarta Pusat 01,Budiwati Ramah,W,Makanan & Minuman,minuman probiotik,DKI Jakarta,Jakarta Pusat,240190
01-06-2022,PHI Mini Market - Jakarta Pusat 01,Budiwati Ramah,W,Makanan & Minuman,nasi goreng instant (1 ons),DKI Jakarta,Jakarta Pusat,1743890
01-06-2022,PHI Mini Market - Jakarta Pusat 01,Budiwati Ramah,W,Makanan & Minuman,snack gurih 1 ons,DKI Jakarta,Jakarta Pusat,2141950
01-06-2022,PHI Mini Market - Jakarta Pusat 01,Budiwati Ramah,W,Makanan & Minuman,susu kotak (800 ml),DKI Jakarta,Jakarta Pusat,3415990
01-06-2022,PHI Mini Market - Jakarta Pusat 01,Budiwati Ramah,W,Makanan & Minuman,susu kotak 1 l,DKI Jakarta,Jakarta Pusat,4480220
01-06-2022,PHI Mini Market - Jakarta Pusat 01,Budiwati Ramah,W,Makanan & Minuman,telur ayam kampung 1 kg,DKI Jakarta,Jakarta Pusat,6503650
01-06-2022,PHI Mini Market - Jakarta Pusat 01,Budiwati Ramah,W,Makanan & Minuman,telur ayam ras 1 kg,DKI Jakarta,Jakarta Pusat,2734300
01-06-2022,PHI Mini Market - Jakarta Pusat 01,Budiwati Ramah,W,Sayur-Sayuran,bawang merah 1 kg,DKI Jakarta,Jakarta Pusat,3091400
01-06-2022,PHI Mini Market - Jakarta Pusat 01,Budiwati Ramah,W,Sayur-Sayuran,bawang putih 1 kg,DKI Jakarta,Jakarta Pusat,1230760
01-06-2022,PHI Mini Market - Jakarta Pusat 01,Budiwati Ramah,W,Sayur-Sayuran,buncis 1 kg,DKI Jakarta,Jakarta Pusat,2061710
01-06-2022,PHI Mini Market - Jakarta Pusat 01,Budiwati Ramah,W,Sayur-Sayuran,kacang hijau 1 kg,DKI Jakarta,Jakarta Pusat,1898400
01-06-2022,PHI Mini Market - Jakarta Pusat 01,Budiwati Ramah,W,Sayur-Sayuran,kacang panjang 1 kg,DKI Jakarta,Jakarta Pusat,2605090
01-06-2022,PHI Mini Market - Jakarta Pusat 01,Budiwati Ramah,W,Sayur-Sayuran,kentang 1 kg,DKI Jakarta,Jakarta Pusat,3087830
01-06-2022,PHI Mini Market - Jakarta Pusat 01,Budiwati Ramah,W,Sayur-Sayuran,ketimun 1 kg,DKI Jakarta,Jakarta Pusat,949920
01-06-2022,PHI Mini Market - Jakarta Pusat 01,Budiwati Ramah,W,Sayur-Sayuran,kobis 1 kg,DKI Jakarta,Jakarta Pusat,246280
01-06-2022,PHI Mini Market - Jakarta Pusat 01,Budiwati Ramah,W,Sayur-Sayuran,tomat 1 kg,DKI Jakarta,Jakarta Pusat,1384030
01-06-2022,PHI Mini Market - Jakarta Pusat 01,Budiwati Ramah,W,Sayur-Sayuran,ubi jalar 1 kg,DKI Jakarta,Jakarta Pusat,511500
01-06-2022,PHI Mini Market - Jakarta Pusat 01,Budiwati Ramah,W,Sayur-Sayuran,ubi kayu basah 1 kg,DKI Jakarta,Jakarta Pusat,424170
01-06-2022,PHI Mini Market - Jakarta Pusat 01,Budiwati Ramah,W,Sayur-Sayuran,wortel 1 kg,DKI Jakarta,Jakarta Pusat,869070
01-06-2022,PHI Mini Market - Jakarta Pusat 01,Cahya Terang,W,Buah,alpukat 1 kg,DKI Jakarta,Jakarta Pusat,1845000
01-06-2022,PHI Mini Market - Jakarta Pusat 01,Cahya Terang,W,Buah,apel 1 kg,DKI Jakarta,Jakarta Pusat,17111690
01-06-2022,PHI Mini Market - Jakarta Pusat 01,Cahya Terang,W,Buah,belimbing 1 kg,DKI Jakarta,Jakarta Pusat,1247260
01-06-2022,PHI Mini Market - Jakarta Pusat 01,Cahya Terang,W,Buah,durian 1 kg,DKI Jakarta,Jakarta Pusat,4690870
01-06-2022,PHI Mini Market - Jakarta Pusat 01,Cahya Terang,W,Buah,jeruk 1 kg,DKI Jakarta,Jakarta Pusat,2685470
01-06-2022,PHI Mini Market - Jakarta Pusat 01,Cahya Terang,W,Buah,kelapa muda,DKI Jakarta,Jakarta Pusat,1575260
01-06-2022,PHI Mini Market - Jakarta Pusat 01,Cahya Terang,W,Makanan & Minuman,air mineral 600 ml,DKI Jakarta,Jakarta Pusat,314110
01-06-2022,PHI Mini Market - Jakarta Pusat 01,Cahya Terang,W,Makanan & Minuman,bumbu fried chicken,DKI Jakarta,Jakarta Pusat,4699060
01-06-2022,PHI Mini Market - Jakarta Pusat 01,Cahya Terang,W,Makanan & Minuman,jus kesehatan 600 ml,DKI Jakarta,Jakarta Pusat,1393240
01-06-2022,PHI Mini Market - Jakarta Pusat 01,Cahya Terang,W,Makanan & Minuman,kacang goreng 1 kg,DKI Jakarta,Jakarta Pusat,3944110
01-06-2022,PHI Mini Market - Jakarta Pusat 01,Cahya Terang,W,Makanan & Minuman,kacang mete 1 kg,DKI Jakarta,Jakarta Pusat,19637640
01-06-2022,PHI Mini Market - Jakarta Pusat 01,Cahya Terang,W,Makanan & Minuman,markisa 600 ml,DKI Jakarta,Jakarta Pusat,5947140
01-06-2022,PHI Mini Market - Jakarta Pusat 01,Cahya Terang,W,Makanan & Minuman,mie instant 1 kotak (40 bungkus),DKI Jakarta,Jakarta Pusat,32936300
01-06-2022,PHI Mini Market - Jakarta Pusat 01,Cahya Terang,W,Makanan & Minuman,minuman probiotik,DKI Jakarta,Jakarta Pusat,249450
01-06-2022,PHI Mini Market - Jakarta Pusat 01,Cahya Terang,W,Makanan & Minuman,nasi goreng instant (1 ons),DKI Jakarta,Jakarta Pusat,2336160
01-06-2022,PHI Mini Market - Jakarta Pusat 01,Cahya Terang,W,Makanan & Minuman,snack gurih 1 ons,DKI Jakarta,Jakarta Pusat,1207800
01-06-2022,PHI Mini Market - Jakarta Pusat 01,Cahya Terang,W,Makanan & Minuman,susu kotak (800 ml),DKI Jakarta,Jakarta Pusat,3777860
01-06-2022,PHI Mini Market - Jakarta Pusat 01,Cahya Terang,W,Makanan & Minuman,susu kotak 1 l,DKI Jakarta,Jakarta Pusat,3315680
01-06-2022,PHI Mini Market - Jakarta Pusat 01,Cahya Terang,W,Makanan & Minuman,telur ayam kampung 1 kg,DKI Jakarta,Jakarta Pusat,4877140
01-06-2022,PHI Mini Market - Jakarta Pusat 01,Cahya Terang,W,Makanan & Minuman,telur ayam ras 1 kg,DKI Jakarta,Jakarta Pusat,3928970
01-06-2022,PHI Mini Market - Jakarta Pusat 01,Cahya Terang,W,Sayur-Sayuran,bawang merah 1 kg,DKI Jakarta,Jakarta Pusat,2652480
01-06-2022,PHI Mini Market - Jakarta Pusat 01,Cahya Terang,W,Sayur-Sayuran,bawang putih 1 kg,DKI Jakarta,Jakarta Pusat,1054900
01-06-2022,PHI Mini Market - Jakarta Pusat 01,Cahya Terang,W,Sayur-Sayuran,buncis 1 kg,DKI Jakarta,Jakarta Pusat,2143190
01-06-2022,PHI Mini Market - Jakarta Pusat 01,Cahya Terang,W,Sayur-Sayuran,kacang hijau 1 kg,DKI Jakarta,Jakarta Pusat,2313440
01-06-2022,PHI Mini Market - Jakarta Pusat 01,Cahya Terang,W,Sayur-Sayuran,kacang panjang 1 kg,DKI Jakarta,Jakarta Pusat,1846020
01-06-2022,PHI Mini Market - Jakarta Pusat 01,Cahya Terang,W,Sayur-Sayuran,kentang 1 kg,DKI Jakarta,Jakarta Pusat,1895190
01-06-2022,PHI Mini Market - Jakarta Pusat 01,Cahya Terang,W,Sayur-Sayuran,ketimun 1 kg,DKI Jakarta,Jakarta Pusat,1688460
01-06-2022,PHI Mini Market - Jakarta Pusat 01,Cahya Terang,W,Sayur-Sayuran,kobis 1 kg,DKI Jakarta,Jakarta Pusat,240850
01-06-2022,PHI Mini Market - Jakarta Pusat 01,Cahya Terang,W,Sayur-Sayuran,tomat 1 kg,DKI Jakarta,Jakarta Pusat,1783490
01-06-2022,PHI Mini Market - Jakarta Pusat 01,Cahya Terang,W,Sayur-Sayuran,ubi jalar 1 kg,DKI Jakarta,Jakarta Pusat,401460
01-06-2022,PHI Mini Market - Jakarta Pusat 01,Cahya Terang,W,Sayur-Sayuran,ubi kayu basah 1 kg,DKI Jakarta,Jakarta Pusat,315510
01-06-2022,PHI Mini Market - Jakarta Pusat 01,Cahya Terang,W,Sayur-Sayuran,wortel 1 kg,DKI Jakarta,Jakarta Pusat,976550
01-06-2022,PHI Mini Market - Jakarta Pusat 01,Eko Rukun,P,Buah,alpukat 1 kg,DKI Jakarta,Jakarta Pusat,2254560
01-06-2022,PHI Mini Market - Jakarta Pusat 01,Eko Rukun,P,Buah,apel 1 kg,DKI Jakarta,Jakarta Pusat,18115340
01-06-2022,PHI Mini Market - Jakarta Pusat 01,Eko Rukun,P,Buah,belimbing 1 kg,DKI Jakarta,Jakarta Pusat,1173640
01-06-2022,PHI Mini Market - Jakarta Pusat 01,Eko Rukun,P,Buah,durian 1 kg,DKI Jakarta,Jakarta Pusat,6221490
01-06-2022,PHI Mini Market - Jakarta Pusat 01,Eko Rukun,P,Buah,jeruk 1 kg,DKI Jakarta,Jakarta Pusat,3440200
01-06-2022,PHI Mini Market - Jakarta Pusat 01,Eko Rukun,P,Buah,kelapa muda,DKI Jakarta,Jakarta Pusat,1392060
01-06-2022,PHI Mini Market - Jakarta Pusat 01,Eko Rukun,P,Buah,mangga 1 kg,DKI Jakarta,Jakarta Pusat,5803490
01-06-2022,PHI Mini Market - Jakarta Pusat 01,Eko Rukun,P,Makanan & Minuman,air mineral 600 ml,DKI Jakarta,Jakarta Pusat,289950
01-06-2022,PHI Mini Market - Jakarta Pusat 01,Eko Rukun,P,Makanan & Minuman,bumbu fried chicken,DKI Jakarta,Jakarta Pusat,4655140
01-06-2022,PHI Mini Market - Jakarta Pusat 01,Eko Rukun,P,Makanan & Minuman,jus kesehatan 600 ml,DKI Jakarta,Jakarta Pusat,2286750
01-06-2022,PHI Mini Market - Jakarta Pusat 01,Eko Rukun,P,Makanan & Minuman,kacang goreng 1 kg,DKI Jakarta,Jakarta Pusat,3486350
01-06-2022,PHI Mini Market - Jakarta Pusat 01,Eko Rukun,P,Makanan & Minuman,kacang mete 1 kg,DKI Jakarta,Jakarta Pusat,27013960
01-06-2022,PHI Mini Market - Jakarta Pusat 01,Eko Rukun,P,Makanan & Minuman,markisa 600 ml,DKI Jakarta,Jakarta Pusat,3253290
01-06-2022,PHI Mini Market - Jakarta Pusat 01,Eko Rukun,P,Makanan & Minuman,mie instant 1 kotak (40 bungkus),DKI Jakarta,Jakarta Pusat,27888200
01-06-2022,PHI Mini Market - Jakarta Pusat 01,Eko Rukun,P,Makanan & Minuman,minuman probiotik,DKI Jakarta,Jakarta Pusat,230280
01-06-2022,PHI Mini Market - Jakarta Pusat 01,Eko Rukun,P,Makanan & Minuman,nasi goreng instant (1 ons),DKI Jakarta,Jakarta Pusat,1451280
01-06-2022,PHI Mini Market - Jakarta Pusat 01,Eko Rukun,P,Makanan & Minuman,snack gurih 1 ons,DKI Jakarta,Jakarta Pusat,1825050
01-06-2022,PHI Mini Market - Jakarta Pusat 01,Eko Rukun,P,Makanan & Minuman,susu kotak (800 ml),DKI Jakarta,Jakarta Pusat,3546280
01-06-2022,PHI Mini Market - Jakarta Pusat 01,Eko Rukun,P,Makanan & Minuman,susu kotak 1 l,DKI Jakarta,Jakarta Pusat,3392000
01-06-2022,PHI Mini Market - Jakarta Pusat 01,Eko Rukun,P,Makanan & Minuman,telur ayam kampung 1 kg,DKI Jakarta,Jakarta Pusat,8776130
01-06-2022,PHI Mini Market - Jakarta Pusat 01,Eko Rukun,P,Makanan & Minuman,telur ayam ras 1 kg,DKI Jakarta,Jakarta Pusat,2247180
01-06-2022,PHI Mini Market - Jakarta Pusat 01,Eko Rukun,P,Sayur-Sayuran,bawang merah 1 kg,DKI Jakarta,Jakarta Pusat,3143340
01-06-2022,PHI Mini Market - Jakarta Pusat 01,Eko Rukun,P,Sayur-Sayuran,bawang putih 1 kg,DKI Jakarta,Jakarta Pusat,1500320
01-06-2022,PHI Mini Market - Jakarta Pusat 01,Eko Rukun,P,Sayur-Sayuran,buncis 1 kg,DKI Jakarta,Jakarta Pusat,1385440
01-06-2022,PHI Mini Market - Jakarta Pusat 01,Eko Rukun,P,Sayur-Sayuran,kacang hijau 1 kg,DKI Jakarta,Jakarta Pusat,2376930
01-06-2022,PHI Mini Market - Jakarta Pusat 01,Eko Rukun,P,Sayur-Sayuran,kacang panjang 1 kg,DKI Jakarta,Jakarta Pusat,2822460
01-06-2022,PHI Mini Market - Jakarta Pusat 01,Eko Rukun,P,Sayur-Sayuran,kentang 1 kg,DKI Jakarta,Jakarta Pusat,3542110
01-06-2022,PHI Mini Market - Jakarta Pusat 01,Eko Rukun,P,Sayur-Sayuran,ketimun 1 kg,DKI Jakarta,Jakarta Pusat,1793030
01-06-2022,PHI Mini Market - Jakarta Pusat 01,Eko Rukun,P,Sayur-Sayuran,kobis 1 kg,DKI Jakarta,Jakarta Pusat,381400
01-06-2022,PHI Mini Market - Jakarta Pusat 01,Eko Rukun,P,Sayur-Sayuran,tomat 1 kg,DKI Jakarta,Jakarta Pusat,1642770
01-06-2022,PHI Mini Market - Jakarta Pusat 01,Eko Rukun,P,Sayur-Sayuran,ubi jalar 1 kg,DKI Jakarta,Jakarta Pusat,282180
01-06-2022,PHI Mini Market - Jakarta Pusat 01,Eko Rukun,P,Sayur-Sayuran,ubi kayu basah 1 kg,DKI Jakarta,Jakarta Pusat,360300
01-06-2022,PHI Mini Market - Jakarta Pusat 01,Eko Rukun,P,Sayur-Sayuran,wortel 1 kg,DKI Jakarta,Jakarta Pusat,1594950
01-06-2022,PHI Mini Market - Jakarta Pusat 01,Eria Setiawan,W,Buah,alpukat 1 kg,DKI Jakarta,Jakarta Pusat,1973880
01-06-2022,PHI Mini Market - Jakarta Pusat 01,Eria Setiawan,W,Buah,apel 1 kg,DKI Jakarta,Jakarta Pusat,15495580
01-06-2022,PHI Mini Market - Jakarta Pusat 01,Eria Setiawan,W,Buah,belimbing 1 kg,DKI Jakarta,Jakarta Pusat,1283900
01-06-2022,PHI Mini Market - Jakarta Pusat 01,Eria Setiawan,W,Buah,durian 1 kg,DKI Jakarta,Jakarta Pusat,5371880
01-06-2022,PHI Mini Market - Jakarta Pusat 01,Eria Setiawan,W,Buah,jeruk 1 kg,DKI Jakarta,Jakarta Pusat,4414150
01-06-2022,PHI Mini Market - Jakarta Pusat 01,Eria Setiawan,W,Buah,kelapa muda,DKI Jakarta,Jakarta Pusat,1093140
01-06-2022,PHI Mini Market - Jakarta Pusat 01,Eria Setiawan,W,Buah,mangga 1 kg,DKI Jakarta,Jakarta Pusat,5579560
01-06-2022,PHI Mini Market - Jakarta Pusat 01,Eria Setiawan,W,Makanan & Minuman,air mineral 600 ml,DKI Jakarta,Jakarta Pusat,329280
01-06-2022,PHI Mini Market - Jakarta Pusat 01,Eria Setiawan,W,Makanan & Minuman,bumbu fried chicken,DKI Jakarta,Jakarta Pusat,3435400
01-06-2022,PHI Mini Market - Jakarta Pusat 01,Eria Setiawan,W,Makanan & Minuman,jus kesehatan 600 ml,DKI Jakarta,Jakarta Pusat,2788030
01-06-2022,PHI Mini Market - Jakarta Pusat 01,Eria Setiawan,W,Makanan & Minuman,kacang goreng 1 kg,DKI Jakarta,Jakarta Pusat,3207660
01-06-2022,PHI Mini Market - Jakarta Pusat 01,Eria Setiawan,W,Makanan & Minuman,kacang mete 1 kg,DKI Jakarta,Jakarta Pusat,23497550
01-06-2022,PHI Mini Market - Jakarta Pusat 01,Eria Setiawan,W,Makanan & Minuman,markisa 600 ml,DKI Jakarta,Jakarta Pusat,7184460
01-06-2022,PHI Mini Market - Jakarta Pusat 01,Eria Setiawan,W,Makanan & Minuman,mie instant 1 kotak (40 bungkus),DKI Jakarta,Jakarta Pusat,24800610
01-06-2022,PHI Mini Market - Jakarta Pusat 01,Eria Setiawan,W,Makanan & Minuman,minuman probiotik,DKI Jakarta,Jakarta Pusat,329330
01-06-2022,PHI Mini Market - Jakarta Pusat 01,Eria Setiawan,W,Makanan & Minuman,nasi goreng instant (1 ons),DKI Jakarta,Jakarta Pusat,1758590
01-06-2022,PHI Mini Market - Jakarta Pusat 01,Eria Setiawan,W,Makanan & Minuman,snack gurih 1 ons,DKI Jakarta,Jakarta Pusat,1772420
01-06-2022,PHI Mini Market - Jakarta Pusat 01,Eria Setiawan,W,Makanan & Minuman,susu kotak (800 ml),DKI Jakarta,Jakarta Pusat,2638940
01-06-2022,PHI Mini Market - Jakarta Pusat 01,Eria Setiawan,W,Makanan & Minuman,susu kotak 1 l,DKI Jakarta,Jakarta Pusat,3143240
01-06-2022,PHI Mini Market - Jakarta Pusat 01,Eria Setiawan,W,Makanan & Minuman,telur ayam kampung 1 kg,DKI Jakarta,Jakarta Pusat,6309250
01-06-2022,PHI Mini Market - Jakarta Pusat 01,Eria Setiawan,W,Makanan & Minuman,telur ayam ras 1 kg,DKI Jakarta,Jakarta Pusat,3883710
01-06-2022,PHI Mini Market - Jakarta Pusat 01,Eria Setiawan,W,Sayur-Sayuran,bawang merah 1 kg,DKI Jakarta,Jakarta Pusat,2235420
01-06-2022,PHI Mini Market - Jakarta Pusat 01,Eria Setiawan,W,Sayur-Sayuran,bawang putih 1 kg,DKI Jakarta,Jakarta Pusat,996340
01-06-2022,PHI Mini Market - Jakarta Pusat 01,Eria Setiawan,W,Sayur-Sayuran,buncis 1 kg,DKI Jakarta,Jakarta Pusat,1921320
01-06-2022,PHI Mini Market - Jakarta Pusat 01,Eria Setiawan,W,Sayur-Sayuran,kacang hijau 1 kg,DKI Jakarta,Jakarta Pusat,2174040
01-06-2022,PHI Mini Market - Jakarta Pusat 01,Eria Setiawan,W,Sayur-Sayuran,kacang panjang 1 kg,DKI Jakarta,Jakarta Pusat,3911960
01-06-2022,PHI Mini Market - Jakarta Pusat 01,Eria Setiawan,W,Sayur-Sayuran,kentang 1 kg,DKI Jakarta,Jakarta Pusat,2590830
01-06-2022,PHI Mini Market - Jakarta Pusat 01,Eria Setiawan,W,Sayur-Sayuran,ketimun 1 kg,DKI Jakarta,Jakarta Pusat,1398390
01-06-2022,PHI Mini Market - Jakarta Pusat 01,Eria Setiawan,W,Sayur-Sayuran,kobis 1 kg,DKI Jakarta,Jakarta Pusat,349340
01-06-2022,PHI Mini Market - Jakarta Pusat 01,Eria Setiawan,W,Sayur-Sayuran,tomat 1 kg,DKI Jakarta,Jakarta Pusat,1790670
01-06-2022,PHI Mini Market - Jakarta Pusat 01,Eria Setiawan,W,Sayur-Sayuran,ubi jalar 1 kg,DKI Jakarta,Jakarta Pusat,397410
01-06-2022,PHI Mini Market - Jakarta Pusat 01,Eria Setiawan,W,Sayur-Sayuran,ubi kayu basah 1 kg,DKI Jakarta,Jakarta Pusat,336020
01-06-2022,PHI Mini Market - Jakarta Pusat 01,Eria Setiawan,W,Sayur-Sayuran,wortel 1 kg,DKI Jakarta,Jakarta Pusat,1400470
01-06-2022,PHI Mini Market - Jakarta Pusat 01,Erman Margo,P,Buah,alpukat 1 kg,DKI Jakarta,Jakarta Pusat,1760970
01-06-2022,PHI Mini Market - Jakarta Pusat 01,Erman Margo,P,Buah,apel 1 kg,DKI Jakarta,Jakarta Pusat,21700240
01-06-2022,PHI Mini Market - Jakarta Pusat 01,Erman Margo,P,Buah,belimbing 1 kg,DKI Jakarta,Jakarta Pusat,1188700
01-06-2022,PHI Mini Market - Jakarta Pusat 01,Erman Margo,P,Buah,durian 1 kg,DKI Jakarta,Jakarta Pusat,5140580
01-06-2022,PHI Mini Market - Jakarta Pusat 01,Erman Margo,P,Buah,jeruk 1 kg,DKI Jakarta,Jakarta Pusat,3081360
01-06-2022,PHI Mini Market - Jakarta Pusat 01,Erman Margo,P,Buah,kelapa muda,DKI Jakarta,Jakarta Pusat,1279270
01-06-2022,PHI Mini Market - Jakarta Pusat 01,Erman Margo,P,Buah,mangga 1 kg,DKI Jakarta,Jakarta Pusat,4573980
01-06-2022,PHI Mini Market - Jakarta Pusat 01,Erman Margo,P,Makanan & Minuman,air mineral 600 ml,DKI Jakarta,Jakarta Pusat,475820
01-06-2022,PHI Mini Market - Jakarta Pusat 01,Erman Margo,P,Makanan & Minuman,bumbu fried chicken,DKI Jakarta,Jakarta Pusat,4834280
01-06-2022,PHI Mini Market - Jakarta Pusat 01,Erman Margo,P,Makanan & Minuman,jus kesehatan 600 ml,DKI Jakarta,Jakarta Pusat,3473480
01-06-2022,PHI Mini Market - Jakarta Pusat 01,Erman Margo,P,Makanan & Minuman,kacang goreng 1 kg,DKI Jakarta,Jakarta Pusat,3741660
01-06-2022,PHI Mini Market - Jakarta Pusat 01,Erman Margo,P,Makanan & Minuman,kacang mete 1 kg,DKI Jakarta,Jakarta Pusat,18937290
01-06-2022,PHI Mini Market - Jakarta Pusat 01,Erman Margo,P,Makanan & Minuman,markisa 600 ml,DKI Jakarta,Jakarta Pusat,4718470
01-06-2022,PHI Mini Market - Jakarta Pusat 01,Erman Margo,P,Makanan & Minuman,mie instant 1 kotak (40 bungkus),DKI Jakarta,Jakarta Pusat,28758820
01-06-2022,PHI Mini Market - Jakarta Pusat 01,Erman Margo,P,Makanan & Minuman,minuman probiotik,DKI Jakarta,Jakarta Pusat,178700
01-06-2022,PHI Mini Market - Jakarta Pusat 01,Erman Margo,P,Makanan & Minuman,nasi goreng instant (1 ons),DKI Jakarta,Jakarta Pusat,2466240
01-06-2022,PHI Mini Market - Jakarta Pusat 01,Erman Margo,P,Makanan & Minuman,snack gurih 1 ons,DKI Jakarta,Jakarta Pusat,2139800
01-06-2022,PHI Mini Market - Jakarta Pusat 01,Erman Margo,P,Makanan & Minuman,susu kotak (800 ml),DKI Jakarta,Jakarta Pusat,3172620
01-06-2022,PHI Mini Market - Jakarta Pusat 01,Erman Margo,P,Makanan & Minuman,susu kotak 1 l,DKI Jakarta,Jakarta Pusat,3739080
01-06-2022,PHI Mini Market - Jakarta Pusat 01,Erman Margo,P,Makanan & Minuman,telur ayam kampung 1 kg,DKI Jakarta,Jakarta Pusat,6074520
01-06-2022,PHI Mini Market - Jakarta Pusat 01,Erman Margo,P,Makanan & Minuman,telur ayam ras 1 kg,DKI Jakarta,Jakarta Pusat,4170330
01-06-2022,PHI Mini Market - Jakarta Pusat 01,Erman Margo,P,Sayur-Sayuran,bawang merah 1 kg,DKI Jakarta,Jakarta Pusat,2150550
01-06-2022,PHI Mini Market - Jakarta Pusat 01,Erman Margo,P,Sayur-Sayuran,bawang putih 1 kg,DKI Jakarta,Jakarta Pusat,1576490
01-06-2022,PHI Mini Market - Jakarta Pusat 01,Erman Margo,P,Sayur-Sayuran,buncis 1 kg,DKI Jakarta,Jakarta Pusat,2318530
01-06-2022,PHI Mini Market - Jakarta Pusat 01,Erman Margo,P,Sayur-Sayuran,kacang hijau 1 kg,DKI Jakarta,Jakarta Pusat,2490420
01-06-2022,PHI Mini Market - Jakarta Pusat 01,Erman Margo,P,Sayur-Sayuran,kacang panjang 1 kg,DKI Jakarta,Jakarta Pusat,2586590
01-06-2022,PHI Mini Market - Jakarta Pusat 01,Erman Margo,P,Sayur-Sayuran,kentang 1 kg,DKI Jakarta,Jakarta Pusat,2341520
01-06-2022,PHI Mini Market - Jakarta Pusat 01,Erman Margo,P,Sayur-Sayuran,ketimun 1 kg,DKI Jakarta,Jakarta Pusat,1457950
01-06-2022,PHI Mini Market - Jakarta Pusat 01,Erman Margo,P,Sayur-Sayuran,kobis 1 kg,DKI Jakarta,Jakarta Pusat,410220
01-06-2022,PHI Mini Market - Jakarta Pusat 01,Erman Margo,P,Sayur-Sayuran,tomat 1 kg,DKI Jakarta,Jakarta Pusat,974950
01-06-2022,PHI Mini Market - Jakarta Pusat 01,Erman Margo,P,Sayur-Sayuran,ubi jalar 1 kg,DKI Jakarta,Jakarta Pusat,299010
01-06-2022,PHI Mini Market - Jakarta Pusat 01,Erman Margo,P,Sayur-Sayuran,ubi kayu basah 1 kg,DKI Jakarta,Jakarta Pusat,392010
01-06-2022,PHI Mini Market - Jakarta Pusat 01,Erman Margo,P,Sayur-Sayuran,wortel 1 kg,DKI Jakarta,Jakarta Pusat,1680000
01-06-2022,PHI Mini Market - Jakarta Pusat 01,Harum Maven,W,Buah,alpukat 1 kg,DKI Jakarta,Jakarta Pusat,2695750
01-06-2022,PHI Mini Market - Jakarta Pusat 01,Harum Maven,W,Buah,apel 1 kg,DKI Jakarta,Jakarta Pusat,15539430
01-06-2022,PHI Mini Market - Jakarta Pusat 01,Harum Maven,W,Buah,belimbing 1 kg,DKI Jakarta,Jakarta Pusat,1102620
01-06-2022,PHI Mini Market - Jakarta Pusat 01,Harum Maven,W,Buah,durian 1 kg,DKI Jakarta,Jakarta Pusat,5603020
01-06-2022,PHI Mini Market - Jakarta Pusat 01,Harum Maven,W,Buah,jeruk 1 kg,DKI Jakarta,Jakarta Pusat,4172560
01-06-2022,PHI Mini Market - Jakarta Pusat 01,Harum Maven,W,Buah,kelapa muda,DKI Jakarta,Jakarta Pusat,1361840
01-06-2022,PHI Mini Market - Jakarta Pusat 01,Harum Maven,W,Buah,mangga 1 kg,DKI Jakarta,Jakarta Pusat,3970030
01-06-2022,PHI Mini Market - Jakarta Pusat 01,Harum Maven,W,Makanan & Minuman,air mineral 600 ml,DKI Jakarta,Jakarta Pusat,384060
01-06-2022,PHI Mini Market - Jakarta Pusat 01,Harum Maven,W,Makanan & Minuman,bumbu fried chicken,DKI Jakarta,Jakarta Pusat,2274350
01-06-2022,PHI Mini Market - Jakarta Pusat 01,Harum Maven,W,Makanan & Minuman,jus kesehatan 600 ml,DKI Jakarta,Jakarta Pusat,2315280
01-06-2022,PHI Mini Market - Jakarta Pusat 01,Harum Maven,W,Makanan & Minuman,kacang goreng 1 kg,DKI Jakarta,Jakarta Pusat,4035030
01-06-2022,PHI Mini Market - Jakarta Pusat 01,Harum Maven,W,Makanan & Minuman,kacang mete 1 kg,DKI Jakarta,Jakarta Pusat,15285380
01-06-2022,PHI Mini Market - Jakarta Pusat 01,Harum Maven,W,Makanan & Minuman,markisa 600 ml,DKI Jakarta,Jakarta Pusat,4429430
01-06-2022,PHI Mini Market - Jakarta Pusat 01,Harum Maven,W,Makanan & Minuman,mie instant 1 kotak (40 bungkus),DKI Jakarta,Jakarta Pusat,42901100
01-06-2022,PHI Mini Market - Jakarta Pusat 01,Harum Maven,W,Makanan & Minuman,minuman probiotik,DKI Jakarta,Jakarta Pusat,200550
01-06-2022,PHI Mini Market - Jakarta Pusat 01,Harum Maven,W,Makanan & Minuman,nasi goreng instant (1 ons),DKI Jakarta,Jakarta Pusat,1312320
01-06-2022,PHI Mini Market - Jakarta Pusat 01,Harum Maven,W,Makanan & Minuman,snack gurih 1 ons,DKI Jakarta,Jakarta Pusat,2716870
01-06-2022,PHI Mini Market - Jakarta Pusat 01,Harum Maven,W,Makanan & Minuman,susu kotak (800 ml),DKI Jakarta,Jakarta Pusat,3465940
01-06-2022,PHI Mini Market - Jakarta Pusat 01,Harum Maven,W,Makanan & Minuman,susu kotak 1 l,DKI Jakarta,Jakarta Pusat,3281940
01-06-2022,PHI Mini Market - Jakarta Pusat 01,Harum Maven,W,Makanan & Minuman,telur ayam kampung 1 kg,DKI Jakarta,Jakarta Pusat,3575140
01-06-2022,PHI Mini Market - Jakarta Pusat 01,Harum Maven,W,Makanan & Minuman,telur ayam ras 1 kg,DKI Jakarta,Jakarta Pusat,3167600
01-06-2022,PHI Mini Market - Jakarta Pusat 01,Harum Maven,W,Sayur-Sayuran,bawang merah 1 kg,DKI Jakarta,Jakarta Pusat,3294130
01-06-2022,PHI Mini Market - Jakarta Pusat 01,Harum Maven,W,Sayur-Sayuran,bawang putih 1 kg,DKI Jakarta,Jakarta Pusat,1021690
01-06-2022,PHI Mini Market - Jakarta Pusat 01,Harum Maven,W,Sayur-Sayuran,buncis 1 kg,DKI Jakarta,Jakarta Pusat,2014200
01-06-2022,PHI Mini Market - Jakarta Pusat 01,Harum Maven,W,Sayur-Sayuran,kacang hijau 1 kg,DKI Jakarta,Jakarta Pusat,2145630
01-06-2022,PHI Mini Market - Jakarta Pusat 01,Harum Maven,W,Sayur-Sayuran,kacang panjang 1 kg,DKI Jakarta,Jakarta Pusat,2251280
01-06-2022,PHI Mini Market - Jakarta Pusat 01,Harum Maven,W,Sayur-Sayuran,kentang 1 kg,DKI Jakarta,Jakarta Pusat,2329310
01-06-2022,PHI Mini Market - Jakarta Pusat 01,Harum Maven,W,Sayur-Sayuran,ketimun 1 kg,DKI Jakarta,Jakarta Pusat,1302820
01-06-2022,PHI Mini Market - Jakarta Pusat 01,Harum Maven,W,Sayur-Sayuran,kobis 1 kg,DKI Jakarta,Jakarta Pusat,348790
01-06-2022,PHI Mini Market - Jakarta Pusat 01,Harum Maven,W,Sayur-Sayuran,tomat 1 kg,DKI Jakarta,Jakarta Pusat,1519480
01-06-2022,PHI Mini Market - Jakarta Pusat 01,Harum Maven,W,Sayur-Sayuran,ubi jalar 1 kg,DKI Jakarta,Jakarta Pusat,436630
01-06-2022,PHI Mini Market - Jakarta Pusat 01,Harum Maven,W,Sayur-Sayuran,ubi kayu basah 1 kg,DKI Jakarta,Jakarta Pusat,315090
01-06-2022,PHI Mini Market - Jakarta Pusat 01,Harum Maven,W,Sayur-Sayuran,wortel 1 kg,DKI Jakarta,Jakarta Pusat,875810
01-06-2022,PHI Mini Market - Jakarta Pusat 01,Kristina Damai,W,Buah,alpukat 1 kg,DKI Jakarta,Jakarta Pusat,1917940
01-06-2022,PHI Mini Market - Jakarta Pusat 01,Kristina Damai,W,Buah,apel 1 kg,DKI Jakarta,Jakarta Pusat,15292070
01-06-2022,PHI Mini Market - Jakarta Pusat 01,Kristina Damai,W,Buah,belimbing 1 kg,DKI Jakarta,Jakarta Pusat,1087130
01-06-2022,PHI Mini Market - Jakarta Pusat 01,Kristina Damai,W,Buah,durian 1 kg,DKI Jakarta,Jakarta Pusat,5964010
01-06-2022,PHI Mini Market - Jakarta Pusat 01,Kristina Damai,W,Buah,jeruk 1 kg,DKI Jakarta,Jakarta Pusat,6560080
01-06-2022,PHI Mini Market - Jakarta Pusat 01,Kristina Damai,W,Buah,kelapa muda,DKI Jakarta,Jakarta Pusat,1247250
01-06-2022,PHI Mini Market - Jakarta Pusat 01,Kristina Damai,W,Buah,mangga 1 kg,DKI Jakarta,Jakarta Pusat,5062510
01-06-2022,PHI Mini Market - Jakarta Pusat 01,Kristina Damai,W,Makanan & Minuman,air mineral 600 ml,DKI Jakarta,Jakarta Pusat,283690
01-06-2022,PHI Mini Market - Jakarta Pusat 01,Kristina Damai,W,Makanan & Minuman,bumbu fried chicken,DKI Jakarta,Jakarta Pusat,5121280
01-06-2022,PHI Mini Market - Jakarta Pusat 01,Kristina Damai,W,Makanan & Minuman,jus kesehatan 600 ml,DKI Jakarta,Jakarta Pusat,2675710
01-06-2022,PHI Mini Market - Jakarta Pusat 01,Kristina Damai,W,Makanan & Minuman,kacang goreng 1 kg,DKI Jakarta,Jakarta Pusat,2411000
01-06-2022,PHI Mini Market - Jakarta Pusat 01,Kristina Damai,W,Makanan & Minuman,kacang mete 1 kg,DKI Jakarta,Jakarta Pusat,16928230
01-06-2022,PHI Mini Market - Jakarta Pusat 01,Kristina Damai,W,Makanan & Minuman,markisa 600 ml,DKI Jakarta,Jakarta Pusat,6085870
01-06-2022,PHI Mini Market - Jakarta Pusat 01,Kristina Damai,W,Makanan & Minuman,mie instant 1 kotak (40 bungkus),DKI Jakarta,Jakarta Pusat,35011990
01-06-2022,PHI Mini Market - Jakarta Pusat 01,Kristina Damai,W,Makanan & Minuman,minuman probiotik,DKI Jakarta,Jakarta Pusat,293690
01-06-2022,PHI Mini Market - Jakarta Pusat 01,Kristina Damai,W,Makanan & Minuman,nasi goreng instant (1 ons),DKI Jakarta,Jakarta Pusat,1675630
01-06-2022,PHI Mini Market - Jakarta Pusat 01,Kristina Damai,W,Makanan & Minuman,snack gurih 1 ons,DKI Jakarta,Jakarta Pusat,1720770
01-06-2022,PHI Mini Market - Jakarta Pusat 01,Kristina Damai,W,Makanan & Minuman,susu kotak (800 ml),DKI Jakarta,Jakarta Pusat,4344910
01-06-2022,PHI Mini Market - Jakarta Pusat 01,Kristina Damai,W,Makanan & Minuman,susu kotak 1 l,DKI Jakarta,Jakarta Pusat,3511080
01-06-2022,PHI Mini Market - Jakarta Pusat 01,Kristina Damai,W,Makanan & Minuman,telur ayam kampung 1 kg,DKI Jakarta,Jakarta Pusat,8272590
01-06-2022,PHI Mini Market - Jakarta Pusat 01,Kristina Damai,W,Makanan & Minuman,telur ayam ras 1 kg,DKI Jakarta,Jakarta Pusat,3670920
01-06-2022,PHI Mini Market - Jakarta Pusat 01,Kristina Damai,W,Sayur-Sayuran,bawang merah 1 kg,DKI Jakarta,Jakarta Pusat,4890700
01-06-2022,PHI Mini Market - Jakarta Pusat 01,Kristina Damai,W,Sayur-Sayuran,bawang putih 1 kg,DKI Jakarta,Jakarta Pusat,1356670
01-06-2022,PHI Mini Market - Jakarta Pusat 01,Kristina Damai,W,Sayur-Sayuran,buncis 1 kg,DKI Jakarta,Jakarta Pusat,1984310
01-06-2022,PHI Mini Market - Jakarta Pusat 01,Kristina Damai,W,Sayur-Sayuran,kacang hijau 1 kg,DKI Jakarta,Jakarta Pusat,2249290
01-06-2022,PHI Mini Market - Jakarta Pusat 01,Kristina Damai,W,Sayur-Sayuran,kacang panjang 1 kg,DKI Jakarta,Jakarta Pusat,2080070
01-06-2022,PHI Mini Market - Jakarta Pusat 01,Kristina Damai,W,Sayur-Sayuran,kentang 1 kg,DKI Jakarta,Jakarta Pusat,2651500
01-06-2022,PHI Mini Market - Jakarta Pusat 01,Kristina Damai,W,Sayur-Sayuran,ketimun 1 kg,DKI Jakarta,Jakarta Pusat,1689260
01-06-2022,PHI Mini Market - Jakarta Pusat 01,Kristina Damai,W,Sayur-Sayuran,kobis 1 kg,DKI Jakarta,Jakarta Pusat,402480
01-06-2022,PHI Mini Market - Jakarta Pusat 01,Kristina Damai,W,Sayur-Sayuran,tomat 1 kg,DKI Jakarta,Jakarta Pusat,1817610
01-06-2022,PHI Mini Market - Jakarta Pusat 01,Kristina Damai,W,Sayur-Sayuran,ubi jalar 1 kg,DKI Jakarta,Jakarta Pusat,516500
01-06-2022,PHI Mini Market - Jakarta Pusat 01,Kristina Damai,W,Sayur-Sayuran,ubi kayu basah 1 kg,DKI Jakarta,Jakarta Pusat,426520
01-06-2022,PHI Mini Market - Jakarta Pusat 01,Kristina Damai,W,Sayur-Sayuran,wortel 1 kg,DKI Jakarta,Jakarta Pusat,1385090
01-06-2022,PHI Mini Market - Jakarta Pusat 01,Kusuma Dominik,P,Buah,alpukat 1 kg,DKI Jakarta,Jakarta Pusat,1632070
01-06-2022,PHI Mini Market - Jakarta Pusat 01,Kusuma Dominik,P,Buah,apel 1 kg,DKI Jakarta,Jakarta Pusat,23933010
01-06-2022,PHI Mini Market - Jakarta Pusat 01,Kusuma Dominik,P,Buah,belimbing 1 kg,DKI Jakarta,Jakarta Pusat,1228250
01-06-2022,PHI Mini Market - Jakarta Pusat 01,Kusuma Dominik,P,Buah,durian 1 kg,DKI Jakarta,Jakarta Pusat,5078120
01-06-2022,PHI Mini Market - Jakarta Pusat 01,Kusuma Dominik,P,Buah,jeruk 1 kg,DKI Jakarta,Jakarta Pusat,3272800
01-06-2022,PHI Mini Market - Jakarta Pusat 01,Kusuma Dominik,P,Buah,kelapa muda,DKI Jakarta,Jakarta Pusat,1104100
01-06-2022,PHI Mini Market - Jakarta Pusat 01,Kusuma Dominik,P,Makanan & Minuman,air mineral 600 ml,DKI Jakarta,Jakarta Pusat,371740
01-06-2022,PHI Mini Market - Jakarta Pusat 01,Kusuma Dominik,P,Makanan & Minuman,bumbu fried chicken,DKI Jakarta,Jakarta Pusat,3275210
01-06-2022,PHI Mini Market - Jakarta Pusat 01,Kusuma Dominik,P,Makanan & Minuman,jus kesehatan 600 ml,DKI Jakarta,Jakarta Pusat,3543620
01-06-2022,PHI Mini Market - Jakarta Pusat 01,Kusuma Dominik,P,Makanan & Minuman,kacang goreng 1 kg,DKI Jakarta,Jakarta Pusat,4140230
01-06-2022,PHI Mini Market - Jakarta Pusat 01,Kusuma Dominik,P,Makanan & Minuman,kacang mete 1 kg,DKI Jakarta,Jakarta Pusat,24377910
01-06-2022,PHI Mini Market - Jakarta Pusat 01,Kusuma Dominik,P,Makanan & Minuman,markisa 600 ml,DKI Jakarta,Jakarta Pusat,4883410
01-06-2022,PHI Mini Market - Jakarta Pusat 01,Kusuma Dominik,P,Makanan & Minuman,mie instant 1 kotak (40 bungkus),DKI Jakarta,Jakarta Pusat,32223370
01-06-2022,PHI Mini Market - Jakarta Pusat 01,Kusuma Dominik,P,Makanan & Minuman,minuman probiotik,DKI Jakarta,Jakarta Pusat,256050
01-06-2022,PHI Mini Market - Jakarta Pusat 01,Kusuma Dominik,P,Makanan & Minuman,nasi goreng instant (1 ons),DKI Jakarta,Jakarta Pusat,1684780
01-06-2022,PHI Mini Market - Jakarta Pusat 01,Kusuma Dominik,P,Makanan & Minuman,snack gurih 1 ons,DKI Jakarta,Jakarta Pusat,1752640
01-06-2022,PHI Mini Market - Jakarta Pusat 01,Kusuma Dominik,P,Makanan & Minuman,susu kotak (800 ml),DKI Jakarta,Jakarta Pusat,2513450
01-06-2022,PHI Mini Market - Jakarta Pusat 01,Kusuma Dominik,P,Makanan & Minuman,susu kotak 1 l,DKI Jakarta,Jakarta Pusat,3754640
01-06-2022,PHI Mini Market - Jakarta Pusat 01,Kusuma Dominik,P,Makanan & Minuman,telur ayam kampung 1 kg,DKI Jakarta,Jakarta Pusat,6914660
01-06-2022,PHI Mini Market - Jakarta Pusat 01,Kusuma Dominik,P,Makanan & Minuman,telur ayam ras 1 kg,DKI Jakarta,Jakarta Pusat,3404440
01-06-2022,PHI Mini Market - Jakarta Pusat 01,Kusuma Dominik,P,Sayur-Sayuran,bawang merah 1 kg,DKI Jakarta,Jakarta Pusat,2421690
01-06-2022,PHI Mini Market - Jakarta Pusat 01,Kusuma Dominik,P,Sayur-Sayuran,bawang putih 1 kg,DKI Jakarta,Jakarta Pusat,1498020
01-06-2022,PHI Mini Market - Jakarta Pusat 01,Kusuma Dominik,P,Sayur-Sayuran,buncis 1 kg,DKI Jakarta,Jakarta Pusat,2763400
01-06-2022,PHI Mini Market - Jakarta Pusat 01,Kusuma Dominik,P,Sayur-Sayuran,kacang hijau 1 kg,DKI Jakarta,Jakarta Pusat,1839890
01-06-2022,PHI Mini Market - Jakarta Pusat 01,Kusuma Dominik,P,Sayur-Sayuran,kacang panjang 1 kg,DKI Jakarta,Jakarta Pusat,1592260
01-06-2022,PHI Mini Market - Jakarta Pusat 01,Kusuma Dominik,P,Sayur-Sayuran,kentang 1 kg,DKI Jakarta,Jakarta Pusat,2243090
01-06-2022,PHI Mini Market - Jakarta Pusat 01,Kusuma Dominik,P,Sayur-Sayuran,ketimun 1 kg,DKI Jakarta,Jakarta Pusat,1504560
01-06-2022,PHI Mini Market - Jakarta Pusat 01,Kusuma Dominik,P,Sayur-Sayuran,kobis 1 kg,DKI Jakarta,Jakarta Pusat,349480
01-06-2022,PHI Mini Market - Jakarta Pusat 01,Kusuma Dominik,P,Sayur-Sayuran,tomat 1 kg,DKI Jakarta,Jakarta Pusat,1727060
01-06-2022,PHI Mini Market - Jakarta Pusat 01,Kusuma Dominik,P,Sayur-Sayuran,ubi jalar 1 kg,DKI Jakarta,Jakarta Pusat,453290
01-06-2022,PHI Mini Market - Jakarta Pusat 01,Kusuma Dominik,P,Sayur-Sayuran,ubi kayu basah 1 kg,DKI Jakarta,Jakarta Pusat,350690
01-06-2022,PHI Mini Market - Jakarta Pusat 01,Kusuma Dominik,P,Sayur-Sayuran,wortel 1 kg,DKI Jakarta,Jakarta Pusat,1018690
01-06-2022,PHI Mini Market - Jakarta Pusat 01,Sentosa Indrawan,P,Buah,alpukat 1 kg,DKI Jakarta,Jakarta Pusat,1852560
01-06-2022,PHI Mini Market - Jakarta Pusat 01,Sentosa Indrawan,P,Buah,apel 1 kg,DKI Jakarta,Jakarta Pusat,13810480
01-06-2022,PHI Mini Market - Jakarta Pusat 01,Sentosa Indrawan,P,Buah,belimbing 1 kg,DKI Jakarta,Jakarta Pusat,1408700
01-06-2022,PHI Mini Market - Jakarta Pusat 01,Sentosa Indrawan,P,Buah,durian 1 kg,DKI Jakarta,Jakarta Pusat,4966040
01-06-2022,PHI Mini Market - Jakarta Pusat 01,Sentosa Indrawan,P,Buah,jeruk 1 kg,DKI Jakarta,Jakarta Pusat,3346020
01-06-2022,PHI Mini Market - Jakarta Pusat 01,Sentosa Indrawan,P,Buah,kelapa muda,DKI Jakarta,Jakarta Pusat,1356370
01-06-2022,PHI Mini Market - Jakarta Pusat 01,Sentosa Indrawan,P,Makanan & Minuman,air mineral 600 ml,DKI Jakarta,Jakarta Pusat,396130
01-06-2022,PHI Mini Market - Jakarta Pusat 01,Sentosa Indrawan,P,Makanan & Minuman,bumbu fried chicken,DKI Jakarta,Jakarta Pusat,2719830
01-06-2022,PHI Mini Market - Jakarta Pusat 01,Sentosa Indrawan,P,Makanan & Minuman,jus kesehatan 600 ml,DKI Jakarta,Jakarta Pusat,3057000
01-06-2022,PHI Mini Market - Jakarta Pusat 01,Sentosa Indrawan,P,Makanan & Minuman,kacang goreng 1 kg,DKI Jakarta,Jakarta Pusat,4699630
01-06-2022,PHI Mini Market - Jakarta Pusat 01,Sentosa Indrawan,P,Makanan & Minuman,kacang mete 1 kg,DKI Jakarta,Jakarta Pusat,23771650
01-06-2022,PHI Mini Market - Jakarta Pusat 01,Sentosa Indrawan,P,Makanan & Minuman,markisa 600 ml,DKI Jakarta,Jakarta Pusat,5130100
01-06-2022,PHI Mini Market - Jakarta Pusat 01,Sentosa Indrawan,P,Makanan & Minuman,mie instant 1 kotak (40 bungkus),DKI Jakarta,Jakarta Pusat,49101260
01-06-2022,PHI Mini Market - Jakarta Pusat 01,Sentosa Indrawan,P,Makanan & Minuman,minuman probiotik,DKI Jakarta,Jakarta Pusat,201510
01-06-2022,PHI Mini Market - Jakarta Pusat 01,Sentosa Indrawan,P,Makanan & Minuman,nasi goreng instant (1 ons),DKI Jakarta,Jakarta Pusat,1645920
01-06-2022,PHI Mini Market - Jakarta Pusat 01,Sentosa Indrawan,P,Makanan & Minuman,snack gurih 1 ons,DKI Jakarta,Jakarta Pusat,982210
01-06-2022,PHI Mini Market - Jakarta Pusat 01,Sentosa Indrawan,P,Makanan & Minuman,susu kotak (800 ml),DKI Jakarta,Jakarta Pusat,3236600
01-06-2022,PHI Mini Market - Jakarta Pusat 01,Sentosa Indrawan,P,Makanan & Minuman,susu kotak 1 l,DKI Jakarta,Jakarta Pusat,3314840
01-06-2022,PHI Mini Market - Jakarta Pusat 01,Sentosa Indrawan,P,Makanan & Minuman,telur ayam kampung 1 kg,DKI Jakarta,Jakarta Pusat,4560010
01-06-2022,PHI Mini Market - Jakarta Pusat 01,Sentosa Indrawan,P,Makanan & Minuman,telur ayam ras 1 kg,DKI Jakarta,Jakarta Pusat,2620910
01-06-2022,PHI Mini Market - Jakarta Pusat 01,Sentosa Indrawan,P,Sayur-Sayuran,bawang merah 1 kg,DKI Jakarta,Jakarta Pusat,4046940
01-06-2022,PHI Mini Market - Jakarta Pusat 01,Sentosa Indrawan,P,Sayur-Sayuran,bawang putih 1 kg,DKI Jakarta,Jakarta Pusat,1490540
01-06-2022,PHI Mini Market - Jakarta Pusat 01,Sentosa Indrawan,P,Sayur-Sayuran,buncis 1 kg,DKI Jakarta,Jakarta Pusat,2417050
01-06-2022,PHI Mini Market - Jakarta Pusat 01,Sentosa Indrawan,P,Sayur-Sayuran,kacang hijau 1 kg,DKI Jakarta,Jakarta Pusat,1941070
01-06-2022,PHI Mini Market - Jakarta Pusat 01,Sentosa Indrawan,P,Sayur-Sayuran,kacang panjang 1 kg,DKI Jakarta,Jakarta Pusat,2400180
01-06-2022,PHI Mini Market - Jakarta Pusat 01,Sentosa Indrawan,P,Sayur-Sayuran,kentang 1 kg,DKI Jakarta,Jakarta Pusat,2977940
01-06-2022,PHI Mini Market - Jakarta Pusat 01,Sentosa Indrawan,P,Sayur-Sayuran,ketimun 1 kg,DKI Jakarta,Jakarta Pusat,2053730
01-06-2022,PHI Mini Market - Jakarta Pusat 01,Sentosa Indrawan,P,Sayur-Sayuran,kobis 1 kg,DKI Jakarta,Jakarta Pusat,415070
01-06-2022,PHI Mini Market - Jakarta Pusat 01,Sentosa Indrawan,P,Sayur-Sayuran,tomat 1 kg,DKI Jakarta,Jakarta Pusat,1297820
01-06-2022,PHI Mini Market - Jakarta Pusat 01,Sentosa Indrawan,P,Sayur-Sayuran,ubi jalar 1 kg,DKI Jakarta,Jakarta Pusat,374000
01-06-2022,PHI Mini Market - Jakarta Pusat 01,Sentosa Indrawan,P,Sayur-Sayuran,ubi kayu basah 1 kg,DKI Jakarta,Jakarta Pusat,271320
01-06-2022,PHI Mini Market - Jakarta Pusat 01,Sentosa Indrawan,P,Sayur-Sayuran,wortel 1 kg,DKI Jakarta,Jakarta Pusat,784890
01-06-2022,PHI Mini Market - Makassar 01,Agus Dewangga,P,Buah,alpukat 1 kg,Sulawesi Selatan,Makassar,1926510
01-06-2022,PHI Mini Market - Makassar 01,Agus Dewangga,P,Buah,apel 1 kg,Sulawesi Selatan,Makassar,23211050
01-06-2022,PHI Mini Market - Makassar 01,Agus Dewangga,P,Buah,belimbing 1 kg,Sulawesi Selatan,Makassar,1113570
01-06-2022,PHI Mini Market - Makassar 01,Agus Dewangga,P,Buah,durian 1 kg,Sulawesi Selatan,Makassar,7590360
01-06-2022,PHI Mini Market - Makassar 01,Agus Dewangga,P,Buah,jeruk 1 kg,Sulawesi Selatan,Makassar,5186690
01-06-2022,PHI Mini Market - Makassar 01,Agus Dewangga,P,Buah,kelapa muda,Sulawesi Selatan,Makassar,2039140
01-06-2022,PHI Mini Market - Makassar 01,Agus Dewangga,P,Buah,mangga 1 kg,Sulawesi Selatan,Makassar,4624620
01-06-2022,PHI Mini Market - Makassar 01,Agus Dewangga,P,Makanan & Minuman,air mineral 600 ml,Sulawesi Selatan,Makassar,339580
01-06-2022,PHI Mini Market - Makassar 01,Agus Dewangga,P,Makanan & Minuman,bumbu fried chicken,Sulawesi Selatan,Makassar,4832950
01-06-2022,PHI Mini Market - Makassar 01,Agus Dewangga,P,Makanan & Minuman,jus kesehatan 600 ml,Sulawesi Selatan,Makassar,2606850
01-06-2022,PHI Mini Market - Makassar 01,Agus Dewangga,P,Makanan & Minuman,kacang goreng 1 kg,Sulawesi Selatan,Makassar,3627070
01-06-2022,PHI Mini Market - Makassar 01,Agus Dewangga,P,Makanan & Minuman,kacang mete 1 kg,Sulawesi Selatan,Makassar,22430260
01-06-2022,PHI Mini Market - Makassar 01,Agus Dewangga,P,Makanan & Minuman,markisa 600 ml,Sulawesi Selatan,Makassar,4512220
01-06-2022,PHI Mini Market - Makassar 01,Agus Dewangga,P,Makanan & Minuman,mie instant 1 kotak (40 bungkus),Sulawesi Selatan,Makassar,36985740
01-06-2022,PHI Mini Market - Makassar 01,Agus Dewangga,P,Makanan & Minuman,minuman probiotik,Sulawesi Selatan,Makassar,263110
01-06-2022,PHI Mini Market - Makassar 01,Agus Dewangga,P,Makanan & Minuman,nasi goreng instant (1 ons),Sulawesi Selatan,Makassar,2437710
01-06-2022,PHI Mini Market - Makassar 01,Agus Dewangga,P,Makanan & Minuman,snack gurih 1 ons,Sulawesi Selatan,Makassar,1300210
01-06-2022,PHI Mini Market - Makassar 01,Agus Dewangga,P,Makanan & Minuman,susu kotak (800 ml),Sulawesi Selatan,Makassar,3168870
01-06-2022,PHI Mini Market - Makassar 01,Agus Dewangga,P,Makanan & Minuman,susu kotak 1 l,Sulawesi Selatan,Makassar,3494200
01-06-2022,PHI Mini Market - Makassar 01,Agus Dewangga,P,Makanan & Minuman,telur ayam kampung 1 kg,Sulawesi Selatan,Makassar,4662920
01-06-2022,PHI Mini Market - Makassar 01,Agus Dewangga,P,Makanan & Minuman,telur ayam ras 1 kg,Sulawesi Selatan,Makassar,3907590
01-06-2022,PHI Mini Market - Makassar 01,Agus Dewangga,P,Sayur-Sayuran,bawang merah 1 kg,Sulawesi Selatan,Makassar,2668730
01-06-2022,PHI Mini Market - Makassar 01,Agus Dewangga,P,Sayur-Sayuran,bawang putih 1 kg,Sulawesi Selatan,Makassar,1285430
01-06-2022,PHI Mini Market - Makassar 01,Agus Dewangga,P,Sayur-Sayuran,buncis 1 kg,Sulawesi Selatan,Makassar,1738630
01-06-2022,PHI Mini Market - Makassar 01,Agus Dewangga,P,Sayur-Sayuran,kacang hijau 1 kg,Sulawesi Selatan,Makassar,2080300
01-06-2022,PHI Mini Market - Makassar 01,Agus Dewangga,P,Sayur-Sayuran,kacang panjang 1 kg,Sulawesi Selatan,Makassar,2059620
01-06-2022,PHI Mini Market - Makassar 01,Agus Dewangga,P,Sayur-Sayuran,kentang 1 kg,Sulawesi Selatan,Makassar,2732510
01-06-2022,PHI Mini Market - Makassar 01,Agus Dewangga,P,Sayur-Sayuran,ketimun 1 kg,Sulawesi Selatan,Makassar,1512990
01-06-2022,PHI Mini Market - Makassar 01,Agus Dewangga,P,Sayur-Sayuran,kobis 1 kg,Sulawesi Selatan,Makassar,238660
01-06-2022,PHI Mini Market - Makassar 01,Agus Dewangga,P,Sayur-Sayuran,tomat 1 kg,Sulawesi Selatan,Makassar,1322920
01-06-2022,PHI Mini Market - Makassar 01,Agus Dewangga,P,Sayur-Sayuran,ubi jalar 1 kg,Sulawesi Selatan,Makassar,421750
01-06-2022,PHI Mini Market - Makassar 01,Agus Dewangga,P,Sayur-Sayuran,ubi kayu basah 1 kg,Sulawesi Selatan,Makassar,183530
01-06-2022,PHI Mini Market - Makassar 01,Agus Dewangga,P,Sayur-Sayuran,wortel 1 kg,Sulawesi Selatan,Makassar,1378570
01-06-2022,PHI Mini Market - Makassar 01,Bintang Maven,W,Buah,alpukat 1 kg,Sulawesi Selatan,Makassar,3073530
01-06-2022,PHI Mini Market - Makassar 01,Bintang Maven,W,Buah,apel 1 kg,Sulawesi Selatan,Makassar,15575440
01-06-2022,PHI Mini Market - Makassar 01,Bintang Maven,W,Buah,belimbing 1 kg,Sulawesi Selatan,Makassar,1340490
01-06-2022,PHI Mini Market - Makassar 01,Bintang Maven,W,Buah,durian 1 kg,Sulawesi Selatan,Makassar,4253810
01-06-2022,PHI Mini Market - Makassar 01,Bintang Maven,W,Buah,jeruk 1 kg,Sulawesi Selatan,Makassar,3129030
01-06-2022,PHI Mini Market - Makassar 01,Bintang Maven,W,Buah,kelapa muda,Sulawesi Selatan,Makassar,1712250
01-06-2022,PHI Mini Market - Makassar 01,Bintang Maven,W,Buah,mangga 1 kg,Sulawesi Selatan,Makassar,3750740
01-06-2022,PHI Mini Market - Makassar 01,Bintang Maven,W,Makanan & Minuman,air mineral 600 ml,Sulawesi Selatan,Makassar,531090
01-06-2022,PHI Mini Market - Makassar 01,Bintang Maven,W,Makanan & Minuman,bumbu fried chicken,Sulawesi Selatan,Makassar,5689210
01-06-2022,PHI Mini Market - Makassar 01,Bintang Maven,W,Makanan & Minuman,jus kesehatan 600 ml,Sulawesi Selatan,Makassar,2793050
01-06-2022,PHI Mini Market - Makassar 01,Bintang Maven,W,Makanan & Minuman,kacang goreng 1 kg,Sulawesi Selatan,Makassar,2363100
01-06-2022,PHI Mini Market - Makassar 01,Bintang Maven,W,Makanan & Minuman,kacang mete 1 kg,Sulawesi Selatan,Makassar,21270360
01-06-2022,PHI Mini Market - Makassar 01,Bintang Maven,W,Makanan & Minuman,markisa 600 ml,Sulawesi Selatan,Makassar,4662990
01-06-2022,PHI Mini Market - Makassar 01,Bintang Maven,W,Makanan & Minuman,mie instant 1 kotak (40 bungkus),Sulawesi Selatan,Makassar,45882100
01-06-2022,PHI Mini Market - Makassar 01,Bintang Maven,W,Makanan & Minuman,minuman probiotik,Sulawesi Selatan,Makassar,220970
01-06-2022,PHI Mini Market - Makassar 01,Bintang Maven,W,Makanan & Minuman,nasi goreng instant (1 ons),Sulawesi Selatan,Makassar,1394630
01-06-2022,PHI Mini Market - Makassar 01,Bintang Maven,W,Makanan & Minuman,snack gurih 1 ons,Sulawesi Selatan,Makassar,1102450
01-06-2022,PHI Mini Market - Makassar 01,Bintang Maven,W,Makanan & Minuman,susu kotak (800 ml),Sulawesi Selatan,Makassar,4187490
01-06-2022,PHI Mini Market - Makassar 01,Bintang Maven,W,Makanan & Minuman,susu kotak 1 l,Sulawesi Selatan,Makassar,2198380
01-06-2022,PHI Mini Market - Makassar 01,Bintang Maven,W,Makanan & Minuman,telur ayam kampung 1 kg,Sulawesi Selatan,Makassar,5137890
01-06-2022,PHI Mini Market - Makassar 01,Bintang Maven,W,Makanan & Minuman,telur ayam ras 1 kg,Sulawesi Selatan,Makassar,2435370
01-06-2022,PHI Mini Market - Makassar 01,Bintang Maven,W,Sayur-Sayuran,bawang merah 1 kg,Sulawesi Selatan,Makassar,3067520
01-06-2022,PHI Mini Market - Makassar 01,Bintang Maven,W,Sayur-Sayuran,bawang putih 1 kg,Sulawesi Selatan,Makassar,1450870
01-06-2022,PHI Mini Market - Makassar 01,Bintang Maven,W,Sayur-Sayuran,buncis 1 kg,Sulawesi Selatan,Makassar,1597490
01-06-2022,PHI Mini Market - Makassar 01,Bintang Maven,W,Sayur-Sayuran,kacang hijau 1 kg,Sulawesi Selatan,Makassar,2657280
01-06-2022,PHI Mini Market - Makassar 01,Bintang Maven,W,Sayur-Sayuran,kacang panjang 1 kg,Sulawesi Selatan,Makassar,2107050
01-06-2022,PHI Mini Market - Makassar 01,Bintang Maven,W,Sayur-Sayuran,kentang 1 kg,Sulawesi Selatan,Makassar,3313000
01-06-2022,PHI Mini Market - Makassar 01,Bintang Maven,W,Sayur-Sayuran,ketimun 1 kg,Sulawesi Selatan,Makassar,1732720
01-06-2022,PHI Mini Market - Makassar 01,Bintang Maven,W,Sayur-Sayuran,kobis 1 kg,Sulawesi Selatan,Makassar,342980
01-06-2022,PHI Mini Market - Makassar 01,Bintang Maven,W,Sayur-Sayuran,tomat 1 kg,Sulawesi Selatan,Makassar,1183320
01-06-2022,PHI Mini Market - Makassar 01,Bintang Maven,W,Sayur-Sayuran,ubi jalar 1 kg,Sulawesi Selatan,Makassar,381060
01-06-2022,PHI Mini Market - Makassar 01,Bintang Maven,W,Sayur-Sayuran,ubi kayu basah 1 kg,Sulawesi Selatan,Makassar,389630
01-06-2022,PHI Mini Market - Makassar 01,Bintang Maven,W,Sayur-Sayuran,wortel 1 kg,Sulawesi Selatan,Makassar,948990
01-06-2022,PHI Mini Market - Makassar 01,Eriq Jagat,P,Buah,alpukat 1 kg,Sulawesi Selatan,Makassar,1465430
01-06-2022,PHI Mini Market - Makassar 01,Eriq Jagat,P,Buah,apel 1 kg,Sulawesi Selatan,Makassar,14758670
01-06-2022,PHI Mini Market - Makassar 01,Eriq Jagat,P,Buah,belimbing 1 kg,Sulawesi Selatan,Makassar,1253150
01-06-2022,PHI Mini Market - Makassar 01,Eriq Jagat,P,Buah,durian 1 kg,Sulawesi Selatan,Makassar,5372170
01-06-2022,PHI Mini Market - Makassar 01,Eriq Jagat,P,Buah,jeruk 1 kg,Sulawesi Selatan,Makassar,5463730
01-06-2022,PHI Mini Market - Makassar 01,Eriq Jagat,P,Buah,kelapa muda,Sulawesi Selatan,Makassar,1330350
01-06-2022,PHI Mini Market - Makassar 01,Eriq Jagat,P,Makanan & Minuman,air mineral 600 ml,Sulawesi Selatan,Makassar,267220
01-06-2022,PHI Mini Market - Makassar 01,Eriq Jagat,P,Makanan & Minuman,bumbu fried chicken,Sulawesi Selatan,Makassar,4616100
01-06-2022,PHI Mini Market - Makassar 01,Eriq Jagat,P,Makanan & Minuman,jus kesehatan 600 ml,Sulawesi Selatan,Makassar,2411840
01-06-2022,PHI Mini Market - Makassar 01,Eriq Jagat,P,Makanan & Minuman,kacang goreng 1 kg,Sulawesi Selatan,Makassar,4233830
01-06-2022,PHI Mini Market - Makassar 01,Eriq Jagat,P,Makanan & Minuman,kacang mete 1 kg,Sulawesi Selatan,Makassar,16849890
01-06-2022,PHI Mini Market - Makassar 01,Eriq Jagat,P,Makanan & Minuman,markisa 600 ml,Sulawesi Selatan,Makassar,4226250
01-06-2022,PHI Mini Market - Makassar 01,Eriq Jagat,P,Makanan & Minuman,mie instant 1 kotak (40 bungkus),Sulawesi Selatan,Makassar,27097030
01-06-2022,PHI Mini Market - Makassar 01,Eriq Jagat,P,Makanan & Minuman,minuman probiotik,Sulawesi Selatan,Makassar,278260
01-06-2022,PHI Mini Market - Makassar 01,Eriq Jagat,P,Makanan & Minuman,nasi goreng instant (1 ons),Sulawesi Selatan,Makassar,2250460
01-06-2022,PHI Mini Market - Makassar 01,Eriq Jagat,P,Makanan & Minuman,snack gurih 1 ons,Sulawesi Selatan,Makassar,812420
01-06-2022,PHI Mini Market - Makassar 01,Eriq Jagat,P,Makanan & Minuman,susu kotak (800 ml),Sulawesi Selatan,Makassar,3367780
01-06-2022,PHI Mini Market - Makassar 01,Eriq Jagat,P,Makanan & Minuman,susu kotak 1 l,Sulawesi Selatan,Makassar,3266720
01-06-2022,PHI Mini Market - Makassar 01,Eriq Jagat,P,Makanan & Minuman,telur ayam kampung 1 kg,Sulawesi Selatan,Makassar,5896330
01-06-2022,PHI Mini Market - Makassar 01,Eriq Jagat,P,Makanan & Minuman,telur ayam ras 1 kg,Sulawesi Selatan,Makassar,4211170
01-06-2022,PHI Mini Market - Makassar 01,Eriq Jagat,P,Sayur-Sayuran,bawang merah 1 kg,Sulawesi Selatan,Makassar,3176760
01-06-2022,PHI Mini Market - Makassar 01,Eriq Jagat,P,Sayur-Sayuran,bawang putih 1 kg,Sulawesi Selatan,Makassar,1628730
01-06-2022,PHI Mini Market - Makassar 01,Eriq Jagat,P,Sayur-Sayuran,buncis 1 kg,Sulawesi Selatan,Makassar,1932950
01-06-2022,PHI Mini Market - Makassar 01,Eriq Jagat,P,Sayur-Sayuran,kacang hijau 1 kg,Sulawesi Selatan,Makassar,2265960
01-06-2022,PHI Mini Market - Makassar 01,Eriq Jagat,P,Sayur-Sayuran,kacang panjang 1 kg,Sulawesi Selatan,Makassar,3525470
01-06-2022,PHI Mini Market - Makassar 01,Eriq Jagat,P,Sayur-Sayuran,kentang 1 kg,Sulawesi Selatan,Makassar,2799070
01-06-2022,PHI Mini Market - Makassar 01,Eriq Jagat,P,Sayur-Sayuran,ketimun 1 kg,Sulawesi Selatan,Makassar,1485030
01-06-2022,PHI Mini Market - Makassar 01,Eriq Jagat,P,Sayur-Sayuran,kobis 1 kg,Sulawesi Selatan,Makassar,148560
01-06-2022,PHI Mini Market - Makassar 01,Eriq Jagat,P,Sayur-Sayuran,tomat 1 kg,Sulawesi Selatan,Makassar,1913830
01-06-2022,PHI Mini Market - Makassar 01,Eriq Jagat,P,Sayur-Sayuran,ubi jalar 1 kg,Sulawesi Selatan,Makassar,258270
01-06-2022,PHI Mini Market - Makassar 01,Eriq Jagat,P,Sayur-Sayuran,ubi kayu basah 1 kg,Sulawesi Selatan,Makassar,377700
01-06-2022,PHI Mini Market - Makassar 01,Eriq Jagat,P,Sayur-Sayuran,wortel 1 kg,Sulawesi Selatan,Makassar,810450
01-06-2022,PHI Mini Market - Makassar 01,Eriq Menawan,P,Buah,alpukat 1 kg,Sulawesi Selatan,Makassar,892010
01-06-2022,PHI Mini Market - Makassar 01,Eriq Menawan,P,Buah,apel 1 kg,Sulawesi Selatan,Makassar,14296350
01-06-2022,PHI Mini Market - Makassar 01,Eriq Menawan,P,Buah,belimbing 1 kg,Sulawesi Selatan,Makassar,1277230
01-06-2022,PHI Mini Market - Makassar 01,Eriq Menawan,P,Buah,durian 1 kg,Sulawesi Selatan,Makassar,5377130
01-06-2022,PHI Mini Market - Makassar 01,Eriq Menawan,P,Buah,jeruk 1 kg,Sulawesi Selatan,Makassar,2774870
01-06-2022,PHI Mini Market - Makassar 01,Eriq Menawan,P,Buah,kelapa muda,Sulawesi Selatan,Makassar,1446440
01-06-2022,PHI Mini Market - Makassar 01,Eriq Menawan,P,Makanan & Minuman,air mineral 600 ml,Sulawesi Selatan,Makassar,337500
01-06-2022,PHI Mini Market - Makassar 01,Eriq Menawan,P,Makanan & Minuman,bumbu fried chicken,Sulawesi Selatan,Makassar,5455550
01-06-2022,PHI Mini Market - Makassar 01,Eriq Menawan,P,Makanan & Minuman,jus kesehatan 600 ml,Sulawesi Selatan,Makassar,2482260
01-06-2022,PHI Mini Market - Makassar 01,Eriq Menawan,P,Makanan & Minuman,kacang goreng 1 kg,Sulawesi Selatan,Makassar,2835760
01-06-2022,PHI Mini Market - Makassar 01,Eriq Menawan,P,Makanan & Minuman,kacang mete 1 kg,Sulawesi Selatan,Makassar,22098750
01-06-2022,PHI Mini Market - Makassar 01,Eriq Menawan,P,Makanan & Minuman,markisa 600 ml,Sulawesi Selatan,Makassar,4719540
01-06-2022,PHI Mini Market - Makassar 01,Eriq Menawan,P,Makanan & Minuman,mie instant 1 kotak (40 bungkus),Sulawesi Selatan,Makassar,33525860
01-06-2022,PHI Mini Market - Makassar 01,Eriq Menawan,P,Makanan & Minuman,minuman probiotik,Sulawesi Selatan,Makassar,327840
01-06-2022,PHI Mini Market - Makassar 01,Eriq Menawan,P,Makanan & Minuman,nasi goreng instant (1 ons),Sulawesi Selatan,Makassar,2443880
01-06-2022,PHI Mini Market - Makassar 01,Eriq Menawan,P,Makanan & Minuman,snack gurih 1 ons,Sulawesi Selatan,Makassar,1282440
01-06-2022,PHI Mini Market - Makassar 01,Eriq Menawan,P,Makanan & Minuman,susu kotak (800 ml),Sulawesi Selatan,Makassar,4205330
01-06-2022,PHI Mini Market - Makassar 01,Eriq Menawan,P,Makanan & Minuman,susu kotak 1 l,Sulawesi Selatan,Makassar,3253500
01-06-2022,PHI Mini Market - Makassar 01,Eriq Menawan,P,Makanan & Minuman,telur ayam kampung 1 kg,Sulawesi Selatan,Makassar,5217120
01-06-2022,PHI Mini Market - Makassar 01,Eriq Menawan,P,Makanan & Minuman,telur ayam ras 1 kg,Sulawesi Selatan,Makassar,4695170
01-06-2022,PHI Mini Market - Makassar 01,Eriq Menawan,P,Sayur-Sayuran,bawang merah 1 kg,Sulawesi Selatan,Makassar,4895410
01-06-2022,PHI Mini Market - Makassar 01,Eriq Menawan,P,Sayur-Sayuran,bawang putih 1 kg,Sulawesi Selatan,Makassar,1769120
01-06-2022,PHI Mini Market - Makassar 01,Eriq Menawan,P,Sayur-Sayuran,buncis 1 kg,Sulawesi Selatan,Makassar,3297560
01-06-2022,PHI Mini Market - Makassar 01,Eriq Menawan,P,Sayur-Sayuran,kacang hijau 1 kg,Sulawesi Selatan,Makassar,1866710
01-06-2022,PHI Mini Market - Makassar 01,Eriq Menawan,P,Sayur-Sayuran,kacang panjang 1 kg,Sulawesi Selatan,Makassar,2442280
01-06-2022,PHI Mini Market - Makassar 01,Eriq Menawan,P,Sayur-Sayuran,kentang 1 kg,Sulawesi Selatan,Makassar,1761790
01-06-2022,PHI Mini Market - Makassar 01,Eriq Menawan,P,Sayur-Sayuran,ketimun 1 kg,Sulawesi Selatan,Makassar,1265160
01-06-2022,PHI Mini Market - Makassar 01,Eriq Menawan,P,Sayur-Sayuran,kobis 1 kg,Sulawesi Selatan,Makassar,424040
01-06-2022,PHI Mini Market - Makassar 01,Eriq Menawan,P,Sayur-Sayuran,tomat 1 kg,Sulawesi Selatan,Makassar,1337430
01-06-2022,PHI Mini Market - Makassar 01,Eriq Menawan,P,Sayur-Sayuran,ubi jalar 1 kg,Sulawesi Selatan,Makassar,327800
01-06-2022,PHI Mini Market - Makassar 01,Eriq Menawan,P,Sayur-Sayuran,ubi kayu basah 1 kg,Sulawesi Selatan,Makassar,345010
01-06-2022,PHI Mini Market - Makassar 01,Eriq Menawan,P,Sayur-Sayuran,wortel 1 kg,Sulawesi Selatan,Makassar,1046770
01-06-2022,PHI Mini Market - Makassar 01,Ferdy Tenteram,P,Buah,alpukat 1 kg,Sulawesi Selatan,Makassar,1921890
01-06-2022,PHI Mini Market - Makassar 01,Ferdy Tenteram,P,Buah,apel 1 kg,Sulawesi Selatan,Makassar,13891440
01-06-2022,PHI Mini Market - Makassar 01,Ferdy Tenteram,P,Buah,belimbing 1 kg,Sulawesi Selatan,Makassar,1258160
01-06-2022,PHI Mini Market - Makassar 01,Ferdy Tenteram,P,Buah,durian 1 kg,Sulawesi Selatan,Makassar,5766720
01-06-2022,PHI Mini Market - Makassar 01,Ferdy Tenteram,P,Buah,jeruk 1 kg,Sulawesi Selatan,Makassar,2657500
01-06-2022,PHI Mini Market - Makassar 01,Ferdy Tenteram,P,Buah,kelapa muda,Sulawesi Selatan,Makassar,1829810
01-06-2022,PHI Mini Market - Makassar 01,Ferdy Tenteram,P,Buah,mangga 1 kg,Sulawesi Selatan,Makassar,6404930
01-06-2022,PHI Mini Market - Makassar 01,Ferdy Tenteram,P,Makanan & Minuman,air mineral 600 ml,Sulawesi Selatan,Makassar,396550
01-06-2022,PHI Mini Market - Makassar 01,Ferdy Tenteram,P,Makanan & Minuman,bumbu fried chicken,Sulawesi Selatan,Makassar,5979990
01-06-2022,PHI Mini Market - Makassar 01,Ferdy Tenteram,P,Makanan & Minuman,jus kesehatan 600 ml,Sulawesi Selatan,Makassar,2190430
01-06-2022,PHI Mini Market - Makassar 01,Ferdy Tenteram,P,Makanan & Minuman,kacang goreng 1 kg,Sulawesi Selatan,Makassar,3956390
01-06-2022,PHI Mini Market - Makassar 01,Ferdy Tenteram,P,Makanan & Minuman,kacang mete 1 kg,Sulawesi Selatan,Makassar,26850940
01-06-2022,PHI Mini Market - Makassar 01,Ferdy Tenteram,P,Makanan & Minuman,markisa 600 ml,Sulawesi Selatan,Makassar,4812820
01-06-2022,PHI Mini Market - Makassar 01,Ferdy Tenteram,P,Makanan & Minuman,mie instant 1 kotak (40 bungkus),Sulawesi Selatan,Makassar,21665410
01-06-2022,PHI Mini Market - Makassar 01,Ferdy Tenteram,P,Makanan & Minuman,minuman probiotik,Sulawesi Selatan,Makassar,286450
01-06-2022,PHI Mini Market - Makassar 01,Ferdy Tenteram,P,Makanan & Minuman,nasi goreng instant (1 ons),Sulawesi Selatan,Makassar,2622100
01-06-2022,PHI Mini Market - Makassar 01,Ferdy Tenteram,P,Makanan & Minuman,snack gurih 1 ons,Sulawesi Selatan,Makassar,1423370
01-06-2022,PHI Mini Market - Makassar 01,Ferdy Tenteram,P,Makanan & Minuman,susu kotak (800 ml),Sulawesi Selatan,Makassar,4749350
01-06-2022,PHI Mini Market - Makassar 01,Ferdy Tenteram,P,Makanan & Minuman,susu kotak 1 l,Sulawesi Selatan,Makassar,3131700
01-06-2022,PHI Mini Market - Makassar 01,Ferdy Tenteram,P,Makanan & Minuman,telur ayam kampung 1 kg,Sulawesi Selatan,Makassar,4949220
01-06-2022,PHI Mini Market - Makassar 01,Ferdy Tenteram,P,Makanan & Minuman,telur ayam ras 1 kg,Sulawesi Selatan,Makassar,2348110
01-06-2022,PHI Mini Market - Makassar 01,Ferdy Tenteram,P,Sayur-Sayuran,bawang merah 1 kg,Sulawesi Selatan,Makassar,4863930
01-06-2022,PHI Mini Market - Makassar 01,Ferdy Tenteram,P,Sayur-Sayuran,bawang putih 1 kg,Sulawesi Selatan,Makassar,1365080
01-06-2022,PHI Mini Market - Makassar 01,Ferdy Tenteram,P,Sayur-Sayuran,buncis 1 kg,Sulawesi Selatan,Makassar,1575500
01-06-2022,PHI Mini Market - Makassar 01,Ferdy Tenteram,P,Sayur-Sayuran,kacang hijau 1 kg,Sulawesi Selatan,Makassar,1885440
01-06-2022,PHI Mini Market - Makassar 01,Ferdy Tenteram,P,Sayur-Sayuran,kacang panjang 1 kg,Sulawesi Selatan,Makassar,2391660
01-06-2022,PHI Mini Market - Makassar 01,Ferdy Tenteram,P,Sayur-Sayuran,kentang 1 kg,Sulawesi Selatan,Makassar,2913410
01-06-2022,PHI Mini Market - Makassar 01,Ferdy Tenteram,P,Sayur-Sayuran,ketimun 1 kg,Sulawesi Selatan,Makassar,1215870
01-06-2022,PHI Mini Market - Makassar 01,Ferdy Tenteram,P,Sayur-Sayuran,kobis 1 kg,Sulawesi Selatan,Makassar,316720
01-06-2022,PHI Mini Market - Makassar 01,Ferdy Tenteram,P,Sayur-Sayuran,tomat 1 kg,Sulawesi Selatan,Makassar,1196540
01-06-2022,PHI Mini Market - Makassar 01,Ferdy Tenteram,P,Sayur-Sayuran,ubi jalar 1 kg,Sulawesi Selatan,Makassar,485530
01-06-2022,PHI Mini Market - Makassar 01,Ferdy Tenteram,P,Sayur-Sayuran,ubi kayu basah 1 kg,Sulawesi Selatan,Makassar,218620
01-06-2022,PHI Mini Market - Makassar 01,Ferdy Tenteram,P,Sayur-Sayuran,wortel 1 kg,Sulawesi Selatan,Makassar,1353080
01-06-2022,PHI Mini Market - Makassar 01,Galang Terang,P,Buah,alpukat 1 kg,Sulawesi Selatan,Makassar,1544520
01-06-2022,PHI Mini Market - Makassar 01,Galang Terang,P,Buah,apel 1 kg,Sulawesi Selatan,Makassar,18379350
01-06-2022,PHI Mini Market - Makassar 01,Galang Terang,P,Buah,belimbing 1 kg,Sulawesi Selatan,Makassar,1535440
01-06-2022,PHI Mini Market - Makassar 01,Galang Terang,P,Buah,durian 1 kg,Sulawesi Selatan,Makassar,4422870
01-06-2022,PHI Mini Market - Makassar 01,Galang Terang,P,Buah,jeruk 1 kg,Sulawesi Selatan,Makassar,2790280
01-06-2022,PHI Mini Market - Makassar 01,Galang Terang,P,Buah,kelapa muda,Sulawesi Selatan,Makassar,1642490
01-06-2022,PHI Mini Market - Makassar 01,Galang Terang,P,Buah,mangga 1 kg,Sulawesi Selatan,Makassar,4352310
01-06-2022,PHI Mini Market - Makassar 01,Galang Terang,P,Makanan & Minuman,air mineral 600 ml,Sulawesi Selatan,Makassar,483700
01-06-2022,PHI Mini Market - Makassar 01,Galang Terang,P,Makanan & Minuman,bumbu fried chicken,Sulawesi Selatan,Makassar,4272540
01-06-2022,PHI Mini Market - Makassar 01,Galang Terang,P,Makanan & Minuman,jus kesehatan 600 ml,Sulawesi Selatan,Makassar,2274330
01-06-2022,PHI Mini Market - Makassar 01,Galang Terang,P,Makanan & Minuman,kacang goreng 1 kg,Sulawesi Selatan,Makassar,3421580
01-06-2022,PHI Mini Market - Makassar 01,Galang Terang,P,Makanan & Minuman,kacang mete 1 kg,Sulawesi Selatan,Makassar,20806530
01-06-2022,PHI Mini Market - Makassar 01,Galang Terang,P,Makanan & Minuman,markisa 600 ml,Sulawesi Selatan,Makassar,2924440
01-06-2022,PHI Mini Market - Makassar 01,Galang Terang,P,Makanan & Minuman,mie instant 1 kotak (40 bungkus),Sulawesi Selatan,Makassar,30929690
01-06-2022,PHI Mini Market - Makassar 01,Galang Terang,P,Makanan & Minuman,minuman probiotik,Sulawesi Selatan,Makassar,206680
01-06-2022,PHI Mini Market - Makassar 01,Galang Terang,P,Makanan & Minuman,nasi goreng instant (1 ons),Sulawesi Selatan,Makassar,1169030
01-06-2022,PHI Mini Market - Makassar 01,Galang Terang,P,Makanan & Minuman,snack gurih 1 ons,Sulawesi Selatan,Makassar,1954130
01-06-2022,PHI Mini Market - Makassar 01,Galang Terang,P,Makanan & Minuman,susu kotak (800 ml),Sulawesi Selatan,Makassar,2969020
01-06-2022,PHI Mini Market - Makassar 01,Galang Terang,P,Makanan & Minuman,susu kotak 1 l,Sulawesi Selatan,Makassar,3470820
01-06-2022,PHI Mini Market - Makassar 01,Galang Terang,P,Makanan & Minuman,telur ayam kampung 1 kg,Sulawesi Selatan,Makassar,7563190
01-06-2022,PHI Mini Market - Makassar 01,Galang Terang,P,Makanan & Minuman,telur ayam ras 1 kg,Sulawesi Selatan,Makassar,3686730
01-06-2022,PHI Mini Market - Makassar 01,Galang Terang,P,Sayur-Sayuran,bawang merah 1 kg,Sulawesi Selatan,Makassar,3422270
01-06-2022,PHI Mini Market - Makassar 01,Galang Terang,P,Sayur-Sayuran,bawang putih 1 kg,Sulawesi Selatan,Makassar,1374030
01-06-2022,PHI Mini Market - Makassar 01,Galang Terang,P,Sayur-Sayuran,buncis 1 kg,Sulawesi Selatan,Makassar,1623880
01-06-2022,PHI Mini Market - Makassar 01,Galang Terang,P,Sayur-Sayuran,kacang hijau 1 kg,Sulawesi Selatan,Makassar,2209900
01-06-2022,PHI Mini Market - Makassar 01,Galang Terang,P,Sayur-Sayuran,kacang panjang 1 kg,Sulawesi Selatan,Makassar,1960030
01-06-2022,PHI Mini Market - Makassar 01,Galang Terang,P,Sayur-Sayuran,kentang 1 kg,Sulawesi Selatan,Makassar,2380570
01-06-2022,PHI Mini Market - Makassar 01,Galang Terang,P,Sayur-Sayuran,ketimun 1 kg,Sulawesi Selatan,Makassar,1518110
01-06-2022,PHI Mini Market - Makassar 01,Galang Terang,P,Sayur-Sayuran,kobis 1 kg,Sulawesi Selatan,Makassar,302060
01-06-2022,PHI Mini Market - Makassar 01,Galang Terang,P,Sayur-Sayuran,tomat 1 kg,Sulawesi Selatan,Makassar,1172380
01-06-2022,PHI Mini Market - Makassar 01,Galang Terang,P,Sayur-Sayuran,ubi jalar 1 kg,Sulawesi Selatan,Makassar,550560
01-06-2022,PHI Mini Market - Makassar 01,Galang Terang,P,Sayur-Sayuran,ubi kayu basah 1 kg,Sulawesi Selatan,Makassar,320430
01-06-2022,PHI Mini Market - Makassar 01,Galang Terang,P,Sayur-Sayuran,wortel 1 kg,Sulawesi Selatan,Makassar,1215480
01-06-2022,PHI Mini Market - Makassar 01,Kristina Damai,W,Buah,alpukat 1 kg,Sulawesi Selatan,Makassar,1814470
01-06-2022,PHI Mini Market - Makassar 01,Kristina Damai,W,Buah,apel 1 kg,Sulawesi Selatan,Makassar,28087230
01-06-2022,PHI Mini Market - Makassar 01,Kristina Damai,W,Buah,belimbing 1 kg,Sulawesi Selatan,Makassar,1210970
01-06-2022,PHI Mini Market - Makassar 01,Kristina Damai,W,Buah,durian 1 kg,Sulawesi Selatan,Makassar,6308300
01-06-2022,PHI Mini Market - Makassar 01,Kristina Damai,W,Buah,jeruk 1 kg,Sulawesi Selatan,Makassar,4639770
01-06-2022,PHI Mini Market - Makassar 01,Kristina Damai,W,Buah,kelapa muda,Sulawesi Selatan,Makassar,1250360
01-06-2022,PHI Mini Market - Makassar 01,Kristina Damai,W,Buah,mangga 1 kg,Sulawesi Selatan,Makassar,3646280
01-06-2022,PHI Mini Market - Makassar 01,Kristina Damai,W,Makanan & Minuman,air mineral 600 ml,Sulawesi Selatan,Makassar,176480
01-06-2022,PHI Mini Market - Makassar 01,Kristina Damai,W,Makanan & Minuman,bumbu fried chicken,Sulawesi Selatan,Makassar,6376600
01-06-2022,PHI Mini Market - Makassar 01,Kristina Damai,W,Makanan & Minuman,jus kesehatan 600 ml,Sulawesi Selatan,Makassar,2639320
01-06-2022,PHI Mini Market - Makassar 01,Kristina Damai,W,Makanan & Minuman,kacang goreng 1 kg,Sulawesi Selatan,Makassar,4272620
01-06-2022,PHI Mini Market - Makassar 01,Kristina Damai,W,Makanan & Minuman,kacang mete 1 kg,Sulawesi Selatan,Makassar,23656820
01-06-2022,PHI Mini Market - Makassar 01,Kristina Damai,W,Makanan & Minuman,markisa 600 ml,Sulawesi Selatan,Makassar,4302800
01-06-2022,PHI Mini Market - Makassar 01,Kristina Damai,W,Makanan & Minuman,mie instant 1 kotak (40 bungkus),Sulawesi Selatan,Makassar,24243750
01-06-2022,PHI Mini Market - Makassar 01,Kristina Damai,W,Makanan & Minuman,minuman probiotik,Sulawesi Selatan,Makassar,279490
01-06-2022,PHI Mini Market - Makassar 01,Kristina Damai,W,Makanan & Minuman,nasi goreng instant (1 ons),Sulawesi Selatan,Makassar,1357680
01-06-2022,PHI Mini Market - Makassar 01,Kristina Damai,W,Makanan & Minuman,snack gurih 1 ons,Sulawesi Selatan,Makassar,1906340
01-06-2022,PHI Mini Market - Makassar 01,Kristina Damai,W,Makanan & Minuman,susu kotak (800 ml),Sulawesi Selatan,Makassar,4696270
01-06-2022,PHI Mini Market - Makassar 01,Kristina Damai,W,Makanan & Minuman,susu kotak 1 l,Sulawesi Selatan,Makassar,3429480
01-06-2022,PHI Mini Market - Makassar 01,Kristina Damai,W,Makanan & Minuman,telur ayam kampung 1 kg,Sulawesi Selatan,Makassar,4235470
01-06-2022,PHI Mini Market - Makassar 01,Kristina Damai,W,Makanan & Minuman,telur ayam ras 1 kg,Sulawesi Selatan,Makassar,3215530
01-06-2022,PHI Mini Market - Makassar 01,Kristina Damai,W,Sayur-Sayuran,bawang merah 1 kg,Sulawesi Selatan,Makassar,3314910
01-06-2022,PHI Mini Market - Makassar 01,Kristina Damai,W,Sayur-Sayuran,bawang putih 1 kg,Sulawesi Selatan,Makassar,1478540
01-06-2022,PHI Mini Market - Makassar 01,Kristina Damai,W,Sayur-Sayuran,buncis 1 kg,Sulawesi Selatan,Makassar,1827500
01-06-2022,PHI Mini Market - Makassar 01,Kristina Damai,W,Sayur-Sayuran,kacang hijau 1 kg,Sulawesi Selatan,Makassar,2931250
01-06-2022,PHI Mini Market - Makassar 01,Kristina Damai,W,Sayur-Sayuran,kacang panjang 1 kg,Sulawesi Selatan,Makassar,1921100
01-06-2022,PHI Mini Market - Makassar 01,Kristina Damai,W,Sayur-Sayuran,kentang 1 kg,Sulawesi Selatan,Makassar,2951570
01-06-2022,PHI Mini Market - Makassar 01,Kristina Damai,W,Sayur-Sayuran,ketimun 1 kg,Sulawesi Selatan,Makassar,1226630
01-06-2022,PHI Mini Market - Makassar 01,Kristina Damai,W,Sayur-Sayuran,kobis 1 kg,Sulawesi Selatan,Makassar,502780
01-06-2022,PHI Mini Market - Makassar 01,Kristina Damai,W,Sayur-Sayuran,tomat 1 kg,Sulawesi Selatan,Makassar,1337910
01-06-2022,PHI Mini Market - Makassar 01,Kristina Damai,W,Sayur-Sayuran,ubi jalar 1 kg,Sulawesi Selatan,Makassar,422600
01-06-2022,PHI Mini Market - Makassar 01,Kristina Damai,W,Sayur-Sayuran,ubi kayu basah 1 kg,Sulawesi Selatan,Makassar,392740
01-06-2022,PHI Mini Market - Makassar 01,Kristina Damai,W,Sayur-Sayuran,wortel 1 kg,Sulawesi Selatan,Makassar,1397660
01-06-2022,PHI Mini Market - Makassar 01,Lastri Mardi,W,Buah,alpukat 1 kg,Sulawesi Selatan,Makassar,1389930
01-06-2022,PHI Mini Market - Makassar 01,Lastri Mardi,W,Buah,apel 1 kg,Sulawesi Selatan,Makassar,19934600
01-06-2022,PHI Mini Market - Makassar 01,Lastri Mardi,W,Buah,belimbing 1 kg,Sulawesi Selatan,Makassar,1190070
01-06-2022,PHI Mini Market - Makassar 01,Lastri Mardi,W,Buah,durian 1 kg,Sulawesi Selatan,Makassar,3628860
01-06-2022,PHI Mini Market - Makassar 01,Lastri Mardi,W,Buah,jeruk 1 kg,Sulawesi Selatan,Makassar,3638980
01-06-2022,PHI Mini Market - Makassar 01,Lastri Mardi,W,Buah,kelapa muda,Sulawesi Selatan,Makassar,1957550
01-06-2022,PHI Mini Market - Makassar 01,Lastri Mardi,W,Makanan & Minuman,air mineral 600 ml,Sulawesi Selatan,Makassar,239780
01-06-2022,PHI Mini Market - Makassar 01,Lastri Mardi,W,Makanan & Minuman,bumbu fried chicken,Sulawesi Selatan,Makassar,6645510
01-06-2022,PHI Mini Market - Makassar 01,Lastri Mardi,W,Makanan & Minuman,jus kesehatan 600 ml,Sulawesi Selatan,Makassar,3023760
01-06-2022,PHI Mini Market - Makassar 01,Lastri Mardi,W,Makanan & Minuman,kacang goreng 1 kg,Sulawesi Selatan,Makassar,3983840
01-06-2022,PHI Mini Market - Makassar 01,Lastri Mardi,W,Makanan & Minuman,kacang mete 1 kg,Sulawesi Selatan,Makassar,31580370
01-06-2022,PHI Mini Market - Makassar 01,Lastri Mardi,W,Makanan & Minuman,markisa 600 ml,Sulawesi Selatan,Makassar,2353460
01-06-2022,PHI Mini Market - Makassar 01,Lastri Mardi,W,Makanan & Minuman,mie instant 1 kotak (40 bungkus),Sulawesi Selatan,Makassar,28353470
01-06-2022,PHI Mini Market - Makassar 01,Lastri Mardi,W,Makanan & Minuman,minuman probiotik,Sulawesi Selatan,Makassar,270980
01-06-2022,PHI Mini Market - Makassar 01,Lastri Mardi,W,Makanan & Minuman,nasi goreng instant (1 ons),Sulawesi Selatan,Makassar,2139050
01-06-2022,PHI Mini Market - Makassar 01,Lastri Mardi,W,Makanan & Minuman,snack gurih 1 ons,Sulawesi Selatan,Makassar,1888550
01-06-2022,PHI Mini Market - Makassar 01,Lastri Mardi,W,Makanan & Minuman,susu kotak (800 ml),Sulawesi Selatan,Makassar,5015820
01-06-2022,PHI Mini Market - Makassar 01,Lastri Mardi,W,Makanan & Minuman,susu kotak 1 l,Sulawesi Selatan,Makassar,2281780
01-06-2022,PHI Mini Market - Makassar 01,Lastri Mardi,W,Makanan & Minuman,telur ayam kampung 1 kg,Sulawesi Selatan,Makassar,6834410
01-06-2022,PHI Mini Market - Makassar 01,Lastri Mardi,W,Makanan & Minuman,telur ayam ras 1 kg,Sulawesi Selatan,Makassar,3311960
01-06-2022,PHI Mini Market - Makassar 01,Lastri Mardi,W,Sayur-Sayuran,bawang merah 1 kg,Sulawesi Selatan,Makassar,5305260
01-06-2022,PHI Mini Market - Makassar 01,Lastri Mardi,W,Sayur-Sayuran,bawang putih 1 kg,Sulawesi Selatan,Makassar,1677050
01-06-2022,PHI Mini Market - Makassar 01,Lastri Mardi,W,Sayur-Sayuran,buncis 1 kg,Sulawesi Selatan,Makassar,2301700
01-06-2022,PHI Mini Market - Makassar 01,Lastri Mardi,W,Sayur-Sayuran,kacang hijau 1 kg,Sulawesi Selatan,Makassar,1234790
01-06-2022,PHI Mini Market - Makassar 01,Lastri Mardi,W,Sayur-Sayuran,kacang panjang 1 kg,Sulawesi Selatan,Makassar,2799540
01-06-2022,PHI Mini Market - Makassar 01,Lastri Mardi,W,Sayur-Sayuran,kentang 1 kg,Sulawesi Selatan,Makassar,1990360
01-06-2022,PHI Mini Market - Makassar 01,Lastri Mardi,W,Sayur-Sayuran,ketimun 1 kg,Sulawesi Selatan,Makassar,1376930
01-06-2022,PHI Mini Market - Makassar 01,Lastri Mardi,W,Sayur-Sayuran,kobis 1 kg,Sulawesi Selatan,Makassar,257260
01-06-2022,PHI Mini Market - Makassar 01,Lastri Mardi,W,Sayur-Sayuran,tomat 1 kg,Sulawesi Selatan,Makassar,1563510
01-06-2022,PHI Mini Market - Makassar 01,Lastri Mardi,W,Sayur-Sayuran,ubi jalar 1 kg,Sulawesi Selatan,Makassar,387580
01-06-2022,PHI Mini Market - Makassar 01,Lastri Mardi,W,Sayur-Sayuran,ubi kayu basah 1 kg,Sulawesi Selatan,Makassar,324750
01-06-2022,PHI Mini Market - Makassar 01,Lastri Mardi,W,Sayur-Sayuran,wortel 1 kg,Sulawesi Selatan,Makassar,1139130
01-06-2022,PHI Mini Market - Makassar 01,Mawar Mardi,W,Buah,alpukat 1 kg,Sulawesi Selatan,Makassar,2186010
01-06-2022,PHI Mini Market - Makassar 01,Mawar Mardi,W,Buah,apel 1 kg,Sulawesi Selatan,Makassar,10961870
01-06-2022,PHI Mini Market - Makassar 01,Mawar Mardi,W,Buah,belimbing 1 kg,Sulawesi Selatan,Makassar,934390
01-06-2022,PHI Mini Market - Makassar 01,Mawar Mardi,W,Buah,durian 1 kg,Sulawesi Selatan,Makassar,7652730
01-06-2022,PHI Mini Market - Makassar 01,Mawar Mardi,W,Buah,jeruk 1 kg,Sulawesi Selatan,Makassar,3478420
01-06-2022,PHI Mini Market - Makassar 01,Mawar Mardi,W,Buah,kelapa muda,Sulawesi Selatan,Makassar,1509040
01-06-2022,PHI Mini Market - Makassar 01,Mawar Mardi,W,Buah,mangga 1 kg,Sulawesi Selatan,Makassar,5478860
01-06-2022,PHI Mini Market - Makassar 01,Mawar Mardi,W,Makanan & Minuman,air mineral 600 ml,Sulawesi Selatan,Makassar,415250
01-06-2022,PHI Mini Market - Makassar 01,Mawar Mardi,W,Makanan & Minuman,bumbu fried chicken,Sulawesi Selatan,Makassar,3166440
01-06-2022,PHI Mini Market - Makassar 01,Mawar Mardi,W,Makanan & Minuman,jus kesehatan 600 ml,Sulawesi Selatan,Makassar,2752900
01-06-2022,PHI Mini Market - Makassar 01,Mawar Mardi,W,Makanan & Minuman,kacang goreng 1 kg,Sulawesi Selatan,Makassar,2084780
01-06-2022,PHI Mini Market - Makassar 01,Mawar Mardi,W,Makanan & Minuman,kacang mete 1 kg,Sulawesi Selatan,Makassar,28718130
01-06-2022,PHI Mini Market - Makassar 01,Mawar Mardi,W,Makanan & Minuman,markisa 600 ml,Sulawesi Selatan,Makassar,4470010
01-06-2022,PHI Mini Market - Makassar 01,Mawar Mardi,W,Makanan & Minuman,mie instant 1 kotak (40 bungkus),Sulawesi Selatan,Makassar,33273800
01-06-2022,PHI Mini Market - Makassar 01,Mawar Mardi,W,Makanan & Minuman,minuman probiotik,Sulawesi Selatan,Makassar,269170
01-06-2022,PHI Mini Market - Makassar 01,Mawar Mardi,W,Makanan & Minuman,nasi goreng instant (1 ons),Sulawesi Selatan,Makassar,2728760
01-06-2022,PHI Mini Market - Makassar 01,Mawar Mardi,W,Makanan & Minuman,snack gurih 1 ons,Sulawesi Selatan,Makassar,1808550
01-06-2022,PHI Mini Market - Makassar 01,Mawar Mardi,W,Makanan & Minuman,susu kotak (800 ml),Sulawesi Selatan,Makassar,4937620
01-06-2022,PHI Mini Market - Makassar 01,Mawar Mardi,W,Makanan & Minuman,susu kotak 1 l,Sulawesi Selatan,Makassar,1923100
01-06-2022,PHI Mini Market - Makassar 01,Mawar Mardi,W,Makanan & Minuman,telur ayam kampung 1 kg,Sulawesi Selatan,Makassar,6120320
01-06-2022,PHI Mini Market - Makassar 01,Mawar Mardi,W,Makanan & Minuman,telur ayam ras 1 kg,Sulawesi Selatan,Makassar,3111070
01-06-2022,PHI Mini Market - Makassar 01,Mawar Mardi,W,Sayur-Sayuran,bawang merah 1 kg,Sulawesi Selatan,Makassar,3840920
01-06-2022,PHI Mini Market - Makassar 01,Mawar Mardi,W,Sayur-Sayuran,bawang putih 1 kg,Sulawesi Selatan,Makassar,1357020
01-06-2022,PHI Mini Market - Makassar 01,Mawar Mardi,W,Sayur-Sayuran,buncis 1 kg,Sulawesi Selatan,Makassar,2409230
01-06-2022,PHI Mini Market - Makassar 01,Mawar Mardi,W,Sayur-Sayuran,kacang hijau 1 kg,Sulawesi Selatan,Makassar,3061930
01-06-2022,PHI Mini Market - Makassar 01,Mawar Mardi,W,Sayur-Sayuran,kacang panjang 1 kg,Sulawesi Selatan,Makassar,2820630
01-06-2022,PHI Mini Market - Makassar 01,Mawar Mardi,W,Sayur-Sayuran,kentang 1 kg,Sulawesi Selatan,Makassar,2884780
01-06-2022,PHI Mini Market - Makassar 01,Mawar Mardi,W,Sayur-Sayuran,ketimun 1 kg,Sulawesi Selatan,Makassar,768640
01-06-2022,PHI Mini Market - Makassar 01,Mawar Mardi,W,Sayur-Sayuran,kobis 1 kg,Sulawesi Selatan,Makassar,244570
01-06-2022,PHI Mini Market - Makassar 01,Mawar Mardi,W,Sayur-Sayuran,tomat 1 kg,Sulawesi Selatan,Makassar,1720930
01-06-2022,PHI Mini Market - Makassar 01,Mawar Mardi,W,Sayur-Sayuran,ubi jalar 1 kg,Sulawesi Selatan,Makassar,345710
01-06-2022,PHI Mini Market - Makassar 01,Mawar Mardi,W,Sayur-Sayuran,ubi kayu basah 1 kg,Sulawesi Selatan,Makassar,310570
01-06-2022,PHI Mini Market - Makassar 01,Mawar Mardi,W,Sayur-Sayuran,wortel 1 kg,Sulawesi Selatan,Makassar,944310
01-06-2022,PHI Mini Market - Makassar 01,Niken Setiawan,W,Buah,alpukat 1 kg,Sulawesi Selatan,Makassar,2066200
01-06-2022,PHI Mini Market - Makassar 01,Niken Setiawan,W,Buah,apel 1 kg,Sulawesi Selatan,Makassar,21454360
01-06-2022,PHI Mini Market - Makassar 01,Niken Setiawan,W,Buah,belimbing 1 kg,Sulawesi Selatan,Makassar,958380
01-06-2022,PHI Mini Market - Makassar 01,Niken Setiawan,W,Buah,durian 1 kg,Sulawesi Selatan,Makassar,6301830
01-06-2022,PHI Mini Market - Makassar 01,Niken Setiawan,W,Buah,jeruk 1 kg,Sulawesi Selatan,Makassar,4743090
01-06-2022,PHI Mini Market - Makassar 01,Niken Setiawan,W,Buah,kelapa muda,Sulawesi Selatan,Makassar,1766570
01-06-2022,PHI Mini Market - Makassar 01,Niken Setiawan,W,Makanan & Minuman,air mineral 600 ml,Sulawesi Selatan,Makassar,401460
01-06-2022,PHI Mini Market - Makassar 01,Niken Setiawan,W,Makanan & Minuman,bumbu fried chicken,Sulawesi Selatan,Makassar,3906120
01-06-2022,PHI Mini Market - Makassar 01,Niken Setiawan,W,Makanan & Minuman,jus kesehatan 600 ml,Sulawesi Selatan,Makassar,1906930
01-06-2022,PHI Mini Market - Makassar 01,Niken Setiawan,W,Makanan & Minuman,kacang goreng 1 kg,Sulawesi Selatan,Makassar,3694810
01-06-2022,PHI Mini Market - Makassar 01,Niken Setiawan,W,Makanan & Minuman,kacang mete 1 kg,Sulawesi Selatan,Makassar,20372080
01-06-2022,PHI Mini Market - Makassar 01,Niken Setiawan,W,Makanan & Minuman,markisa 600 ml,Sulawesi Selatan,Makassar,5499870
01-06-2022,PHI Mini Market - Makassar 01,Niken Setiawan,W,Makanan & Minuman,mie instant 1 kotak (40 bungkus),Sulawesi Selatan,Makassar,29496430
01-06-2022,PHI Mini Market - Makassar 01,Niken Setiawan,W,Makanan & Minuman,minuman probiotik,Sulawesi Selatan,Makassar,169230
01-06-2022,PHI Mini Market - Makassar 01,Niken Setiawan,W,Makanan & Minuman,nasi goreng instant (1 ons),Sulawesi Selatan,Makassar,1704450
01-06-2022,PHI Mini Market - Makassar 01,Niken Setiawan,W,Makanan & Minuman,snack gurih 1 ons,Sulawesi Selatan,Makassar,931750
01-06-2022,PHI Mini Market - Makassar 01,Niken Setiawan,W,Makanan & Minuman,susu kotak (800 ml),Sulawesi Selatan,Makassar,4000880
01-06-2022,PHI Mini Market - Makassar 01,Niken Setiawan,W,Makanan & Minuman,susu kotak 1 l,Sulawesi Selatan,Makassar,3554740
01-06-2022,PHI Mini Market - Makassar 01,Niken Setiawan,W,Makanan & Minuman,telur ayam kampung 1 kg,Sulawesi Selatan,Makassar,7826920
01-06-2022,PHI Mini Market - Makassar 01,Niken Setiawan,W,Makanan & Minuman,telur ayam ras 1 kg,Sulawesi Selatan,Makassar,4144410
01-06-2022,PHI Mini Market - Makassar 01,Niken Setiawan,W,Sayur-Sayuran,bawang merah 1 kg,Sulawesi Selatan,Makassar,4335550
01-06-2022,PHI Mini Market - Makassar 01,Niken Setiawan,W,Sayur-Sayuran,bawang putih 1 kg,Sulawesi Selatan,Makassar,778840
01-06-2022,PHI Mini Market - Makassar 01,Niken Setiawan,W,Sayur-Sayuran,buncis 1 kg,Sulawesi Selatan,Makassar,870230
01-06-2022,PHI Mini Market - Makassar 01,Niken Setiawan,W,Sayur-Sayuran,kacang hijau 1 kg,Sulawesi Selatan,Makassar,1912560
01-06-2022,PHI Mini Market - Makassar 01,Niken Setiawan,W,Sayur-Sayuran,kacang panjang 1 kg,Sulawesi Selatan,Makassar,2991090
01-06-2022,PHI Mini Market - Makassar 01,Niken Setiawan,W,Sayur-Sayuran,kentang 1 kg,Sulawesi Selatan,Makassar,2002030
01-06-2022,PHI Mini Market - Makassar 01,Niken Setiawan,W,Sayur-Sayuran,ketimun 1 kg,Sulawesi Selatan,Makassar,1383140
01-06-2022,PHI Mini Market - Makassar 01,Niken Setiawan,W,Sayur-Sayuran,kobis 1 kg,Sulawesi Selatan,Makassar,345680
01-06-2022,PHI Mini Market - Makassar 01,Niken Setiawan,W,Sayur-Sayuran,tomat 1 kg,Sulawesi Selatan,Makassar,1499620
01-06-2022,PHI Mini Market - Makassar 01,Niken Setiawan,W,Sayur-Sayuran,ubi jalar 1 kg,Sulawesi Selatan,Makassar,361350
01-06-2022,PHI Mini Market - Makassar 01,Niken Setiawan,W,Sayur-Sayuran,ubi kayu basah 1 kg,Sulawesi Selatan,Makassar,309260
01-06-2022,PHI Mini Market - Makassar 01,Niken Setiawan,W,Sayur-Sayuran,wortel 1 kg,Sulawesi Selatan,Makassar,825230
01-06-2022,PHI Mini Market - Surabaya 01,Aris Siberut,P,Buah,alpukat 1 kg,Jawa Timur,Surabaya,1618900
01-06-2022,PHI Mini Market - Surabaya 01,Aris Siberut,P,Buah,apel 1 kg,Jawa Timur,Surabaya,23341070
01-06-2022,PHI Mini Market - Surabaya 01,Aris Siberut,P,Buah,belimbing 1 kg,Jawa Timur,Surabaya,1444620
01-06-2022,PHI Mini Market - Surabaya 01,Aris Siberut,P,Buah,durian 1 kg,Jawa Timur,Surabaya,6214900
01-06-2022,PHI Mini Market - Surabaya 01,Aris Siberut,P,Buah,jeruk 1 kg,Jawa Timur,Surabaya,3851090
01-06-2022,PHI Mini Market - Surabaya 01,Aris Siberut,P,Buah,kelapa muda,Jawa Timur,Surabaya,1461000
01-06-2022,PHI Mini Market - Surabaya 01,Aris Siberut,P,Makanan & Minuman,air mineral 600 ml,Jawa Timur,Surabaya,552900
01-06-2022,PHI Mini Market - Surabaya 01,Aris Siberut,P,Makanan & Minuman,bumbu fried chicken,Jawa Timur,Surabaya,5450270
01-06-2022,PHI Mini Market - Surabaya 01,Aris Siberut,P,Makanan & Minuman,jus kesehatan 600 ml,Jawa Timur,Surabaya,2395210
01-06-2022,PHI Mini Market - Surabaya 01,Aris Siberut,P,Makanan & Minuman,kacang goreng 1 kg,Jawa Timur,Surabaya,3833270
01-06-2022,PHI Mini Market - Surabaya 01,Aris Siberut,P,Makanan & Minuman,kacang mete 1 kg,Jawa Timur,Surabaya,15352440
01-06-2022,PHI Mini Market - Surabaya 01,Aris Siberut,P,Makanan & Minuman,markisa 600 ml,Jawa Timur,Surabaya,4042560
01-06-2022,PHI Mini Market - Surabaya 01,Aris Siberut,P,Makanan & Minuman,mie instant 1 kotak (40 bungkus),Jawa Timur,Surabaya,33823140
01-06-2022,PHI Mini Market - Surabaya 01,Aris Siberut,P,Makanan & Minuman,minuman probiotik,Jawa Timur,Surabaya,363650
01-06-2022,PHI Mini Market - Surabaya 01,Aris Siberut,P,Makanan & Minuman,nasi goreng instant (1 ons),Jawa Timur,Surabaya,2135140
01-06-2022,PHI Mini Market - Surabaya 01,Aris Siberut,P,Makanan & Minuman,snack gurih 1 ons,Jawa Timur,Surabaya,1592940
01-06-2022,PHI Mini Market - Surabaya 01,Aris Siberut,P,Makanan & Minuman,susu kotak (800 ml),Jawa Timur,Surabaya,4085240
01-06-2022,PHI Mini Market - Surabaya 01,Aris Siberut,P,Makanan & Minuman,susu kotak 1 l,Jawa Timur,Surabaya,2270580
01-06-2022,PHI Mini Market - Surabaya 01,Aris Siberut,P,Makanan & Minuman,telur ayam kampung 1 kg,Jawa Timur,Surabaya,6343710
01-06-2022,PHI Mini Market - Surabaya 01,Aris Siberut,P,Makanan & Minuman,telur ayam ras 1 kg,Jawa Timur,Surabaya,3915070
01-06-2022,PHI Mini Market - Surabaya 01,Aris Siberut,P,Sayur-Sayuran,bawang merah 1 kg,Jawa Timur,Surabaya,3212690
01-06-2022,PHI Mini Market - Surabaya 01,Aris Siberut,P,Sayur-Sayuran,bawang putih 1 kg,Jawa Timur,Surabaya,1199620
01-06-2022,PHI Mini Market - Surabaya 01,Aris Siberut,P,Sayur-Sayuran,buncis 1 kg,Jawa Timur,Surabaya,1936850
01-06-2022,PHI Mini Market - Surabaya 01,Aris Siberut,P,Sayur-Sayuran,kacang hijau 1 kg,Jawa Timur,Surabaya,2558110
01-06-2022,PHI Mini Market - Surabaya 01,Aris Siberut,P,Sayur-Sayuran,kacang panjang 1 kg,Jawa Timur,Surabaya,2731870
01-06-2022,PHI Mini Market - Surabaya 01,Aris Siberut,P,Sayur-Sayuran,kentang 1 kg,Jawa Timur,Surabaya,2365730
01-06-2022,PHI Mini Market - Surabaya 01,Aris Siberut,P,Sayur-Sayuran,ketimun 1 kg,Jawa Timur,Surabaya,1425750
01-06-2022,PHI Mini Market - Surabaya 01,Aris Siberut,P,Sayur-Sayuran,kobis 1 kg,Jawa Timur,Surabaya,277030
01-06-2022,PHI Mini Market - Surabaya 01,Aris Siberut,P,Sayur-Sayuran,tomat 1 kg,Jawa Timur,Surabaya,1170860
01-06-2022,PHI Mini Market - Surabaya 01,Aris Siberut,P,Sayur-Sayuran,ubi jalar 1 kg,Jawa Timur,Surabaya,336580
01-06-2022,PHI Mini Market - Surabaya 01,Aris Siberut,P,Sayur-Sayuran,ubi kayu basah 1 kg,Jawa Timur,Surabaya,367080
01-06-2022,PHI Mini Market - Surabaya 01,Aris Siberut,P,Sayur-Sayuran,wortel 1 kg,Jawa Timur,Surabaya,1188240
01-06-2022,PHI Mini Market - Surabaya 01,Ayu Pekerti,W,Buah,alpukat 1 kg,Jawa Timur,Surabaya,1386590
01-06-2022,PHI Mini Market - Surabaya 01,Ayu Pekerti,W,Buah,apel 1 kg,Jawa Timur,Surabaya,21017750
01-06-2022,PHI Mini Market - Surabaya 01,Ayu Pekerti,W,Buah,belimbing 1 kg,Jawa Timur,Surabaya,1184090
01-06-2022,PHI Mini Market - Surabaya 01,Ayu Pekerti,W,Buah,durian 1 kg,Jawa Timur,Surabaya,4739320
01-06-2022,PHI Mini Market - Surabaya 01,Ayu Pekerti,W,Buah,jeruk 1 kg,Jawa Timur,Surabaya,3475020
01-06-2022,PHI Mini Market - Surabaya 01,Ayu Pekerti,W,Buah,kelapa muda,Jawa Timur,Surabaya,1190220
01-06-2022,PHI Mini Market - Surabaya 01,Ayu Pekerti,W,Buah,mangga 1 kg,Jawa Timur,Surabaya,3736640
01-06-2022,PHI Mini Market - Surabaya 01,Ayu Pekerti,W,Makanan & Minuman,air mineral 600 ml,Jawa Timur,Surabaya,440130
01-06-2022,PHI Mini Market - Surabaya 01,Ayu Pekerti,W,Makanan & Minuman,bumbu fried chicken,Jawa Timur,Surabaya,3548420
01-06-2022,PHI Mini Market - Surabaya 01,Ayu Pekerti,W,Makanan & Minuman,jus kesehatan 600 ml,Jawa Timur,Surabaya,3241310
01-06-2022,PHI Mini Market - Surabaya 01,Ayu Pekerti,W,Makanan & Minuman,kacang goreng 1 kg,Jawa Timur,Surabaya,4318740
01-06-2022,PHI Mini Market - Surabaya 01,Ayu Pekerti,W,Makanan & Minuman,kacang mete 1 kg,Jawa Timur,Surabaya,21061110
01-06-2022,PHI Mini Market - Surabaya 01,Ayu Pekerti,W,Makanan & Minuman,markisa 600 ml,Jawa Timur,Surabaya,3187930
01-06-2022,PHI Mini Market - Surabaya 01,Ayu Pekerti,W,Makanan & Minuman,mie instant 1 kotak (40 bungkus),Jawa Timur,Surabaya,40960450
01-06-2022,PHI Mini Market - Surabaya 01,Ayu Pekerti,W,Makanan & Minuman,minuman probiotik,Jawa Timur,Surabaya,302050
01-06-2022,PHI Mini Market - Surabaya 01,Ayu Pekerti,W,Makanan & Minuman,nasi goreng instant (1 ons),Jawa Timur,Surabaya,3108290
01-06-2022,PHI Mini Market - Surabaya 01,Ayu Pekerti,W,Makanan & Minuman,snack gurih 1 ons,Jawa Timur,Surabaya,1270130
01-06-2022,PHI Mini Market - Surabaya 01,Ayu Pekerti,W,Makanan & Minuman,susu kotak (800 ml),Jawa Timur,Surabaya,3580020
01-06-2022,PHI Mini Market - Surabaya 01,Ayu Pekerti,W,Makanan & Minuman,susu kotak 1 l,Jawa Timur,Surabaya,3746880
01-06-2022,PHI Mini Market - Surabaya 01,Ayu Pekerti,W,Makanan & Minuman,telur ayam kampung 1 kg,Jawa Timur,Surabaya,6630900
01-06-2022,PHI Mini Market - Surabaya 01,Ayu Pekerti,W,Makanan & Minuman,telur ayam ras 1 kg,Jawa Timur,Surabaya,3952440
01-06-2022,PHI Mini Market - Surabaya 01,Ayu Pekerti,W,Sayur-Sayuran,bawang merah 1 kg,Jawa Timur,Surabaya,3532970
01-06-2022,PHI Mini Market - Surabaya 01,Ayu Pekerti,W,Sayur-Sayuran,bawang putih 1 kg,Jawa Timur,Surabaya,1074040
01-06-2022,PHI Mini Market - Surabaya 01,Ayu Pekerti,W,Sayur-Sayuran,buncis 1 kg,Jawa Timur,Surabaya,2155560
01-06-2022,PHI Mini Market - Surabaya 01,Ayu Pekerti,W,Sayur-Sayuran,kacang hijau 1 kg,Jawa Timur,Surabaya,2296540
01-06-2022,PHI Mini Market - Surabaya 01,Ayu Pekerti,W,Sayur-Sayuran,kacang panjang 1 kg,Jawa Timur,Surabaya,1694360
01-06-2022,PHI Mini Market - Surabaya 01,Ayu Pekerti,W,Sayur-Sayuran,kentang 1 kg,Jawa Timur,Surabaya,2754860
01-06-2022,PHI Mini Market - Surabaya 01,Ayu Pekerti,W,Sayur-Sayuran,ketimun 1 kg,Jawa Timur,Surabaya,1195700
01-06-2022,PHI Mini Market - Surabaya 01,Ayu Pekerti,W,Sayur-Sayuran,kobis 1 kg,Jawa Timur,Surabaya,484300
01-06-2022,PHI Mini Market - Surabaya 01,Ayu Pekerti,W,Sayur-Sayuran,tomat 1 kg,Jawa Timur,Surabaya,1611520
01-06-2022,PHI Mini Market - Surabaya 01,Ayu Pekerti,W,Sayur-Sayuran,ubi jalar 1 kg,Jawa Timur,Surabaya,361770
01-06-2022,PHI Mini Market - Surabaya 01,Ayu Pekerti,W,Sayur-Sayuran,ubi kayu basah 1 kg,Jawa Timur,Surabaya,245980
01-06-2022,PHI Mini Market - Surabaya 01,Ayu Pekerti,W,Sayur-Sayuran,wortel 1 kg,Jawa Timur,Surabaya,842530
01-06-2022,PHI Mini Market - Surabaya 01,Budi Tenteram,P,Buah,alpukat 1 kg,Jawa Timur,Surabaya,2549570
01-06-2022,PHI Mini Market - Surabaya 01,Budi Tenteram,P,Buah,apel 1 kg,Jawa Timur,Surabaya,15258330
01-06-2022,PHI Mini Market - Surabaya 01,Budi Tenteram,P,Buah,belimbing 1 kg,Jawa Timur,Surabaya,1289180
01-06-2022,PHI Mini Market - Surabaya 01,Budi Tenteram,P,Buah,durian 1 kg,Jawa Timur,Surabaya,7963870
01-06-2022,PHI Mini Market - Surabaya 01,Budi Tenteram,P,Buah,jeruk 1 kg,Jawa Timur,Surabaya,4543150
01-06-2022,PHI Mini Market - Surabaya 01,Budi Tenteram,P,Buah,kelapa muda,Jawa Timur,Surabaya,1495030
01-06-2022,PHI Mini Market - Surabaya 01,Budi Tenteram,P,Buah,mangga 1 kg,Jawa Timur,Surabaya,4277770
01-06-2022,PHI Mini Market - Surabaya 01,Budi Tenteram,P,Makanan & Minuman,air mineral 600 ml,Jawa Timur,Surabaya,485750
01-06-2022,PHI Mini Market - Surabaya 01,Budi Tenteram,P,Makanan & Minuman,bumbu fried chicken,Jawa Timur,Surabaya,4255450
01-06-2022,PHI Mini Market - Surabaya 01,Budi Tenteram,P,Makanan & Minuman,jus kesehatan 600 ml,Jawa Timur,Surabaya,2626960
01-06-2022,PHI Mini Market - Surabaya 01,Budi Tenteram,P,Makanan & Minuman,kacang goreng 1 kg,Jawa Timur,Surabaya,5140160
01-06-2022,PHI Mini Market - Surabaya 01,Budi Tenteram,P,Makanan & Minuman,kacang mete 1 kg,Jawa Timur,Surabaya,20086270
01-06-2022,PHI Mini Market - Surabaya 01,Budi Tenteram,P,Makanan & Minuman,markisa 600 ml,Jawa Timur,Surabaya,4671030
01-06-2022,PHI Mini Market - Surabaya 01,Budi Tenteram,P,Makanan & Minuman,mie instant 1 kotak (40 bungkus),Jawa Timur,Surabaya,23601820
01-06-2022,PHI Mini Market - Surabaya 01,Budi Tenteram,P,Makanan & Minuman,minuman probiotik,Jawa Timur,Surabaya,200100
01-06-2022,PHI Mini Market - Surabaya 01,Budi Tenteram,P,Makanan & Minuman,nasi goreng instant (1 ons),Jawa Timur,Surabaya,2017400
01-06-2022,PHI Mini Market - Surabaya 01,Budi Tenteram,P,Makanan & Minuman,snack gurih 1 ons,Jawa Timur,Surabaya,2328110
01-06-2022,PHI Mini Market - Surabaya 01,Budi Tenteram,P,Makanan & Minuman,susu kotak (800 ml),Jawa Timur,Surabaya,2960200
01-06-2022,PHI Mini Market - Surabaya 01,Budi Tenteram,P,Makanan & Minuman,susu kotak 1 l,Jawa Timur,Surabaya,2597020
01-06-2022,PHI Mini Market - Surabaya 01,Budi Tenteram,P,Makanan & Minuman,telur ayam kampung 1 kg,Jawa Timur,Surabaya,6296490
01-06-2022,PHI Mini Market - Surabaya 01,Budi Tenteram,P,Makanan & Minuman,telur ayam ras 1 kg,Jawa Timur,Surabaya,2815410
01-06-2022,PHI Mini Market - Surabaya 01,Budi Tenteram,P,Sayur-Sayuran,bawang merah 1 kg,Jawa Timur,Surabaya,3214350
01-06-2022,PHI Mini Market - Surabaya 01,Budi Tenteram,P,Sayur-Sayuran,bawang putih 1 kg,Jawa Timur,Surabaya,784600
01-06-2022,PHI Mini Market - Surabaya 01,Budi Tenteram,P,Sayur-Sayuran,buncis 1 kg,Jawa Timur,Surabaya,1505940
01-06-2022,PHI Mini Market - Surabaya 01,Budi Tenteram,P,Sayur-Sayuran,kacang hijau 1 kg,Jawa Timur,Surabaya,1965750
01-06-2022,PHI Mini Market - Surabaya 01,Budi Tenteram,P,Sayur-Sayuran,kacang panjang 1 kg,Jawa Timur,Surabaya,3109440
01-06-2022,PHI Mini Market - Surabaya 01,Budi Tenteram,P,Sayur-Sayuran,kentang 1 kg,Jawa Timur,Surabaya,2129040
01-06-2022,PHI Mini Market - Surabaya 01,Budi Tenteram,P,Sayur-Sayuran,ketimun 1 kg,Jawa Timur,Surabaya,1513060
01-06-2022,PHI Mini Market - Surabaya 01,Budi Tenteram,P,Sayur-Sayuran,kobis 1 kg,Jawa Timur,Surabaya,368950
01-06-2022,PHI Mini Market - Surabaya 01,Budi Tenteram,P,Sayur-Sayuran,tomat 1 kg,Jawa Timur,Surabaya,1377960
01-06-2022,PHI Mini Market - Surabaya 01,Budi Tenteram,P,Sayur-Sayuran,ubi jalar 1 kg,Jawa Timur,Surabaya,462920
01-06-2022,PHI Mini Market - Surabaya 01,Budi Tenteram,P,Sayur-Sayuran,ubi kayu basah 1 kg,Jawa Timur,Surabaya,378290
01-06-2022,PHI Mini Market - Surabaya 01,Budi Tenteram,P,Sayur-Sayuran,wortel 1 kg,Jawa Timur,Surabaya,1343640
01-06-2022,PHI Mini Market - Surabaya 01,Galang Setiawan,P,Buah,alpukat 1 kg,Jawa Timur,Surabaya,2097560
01-06-2022,PHI Mini Market - Surabaya 01,Galang Setiawan,P,Buah,apel 1 kg,Jawa Timur,Surabaya,15735530
01-06-2022,PHI Mini Market - Surabaya 01,Galang Setiawan,P,Buah,belimbing 1 kg,Jawa Timur,Surabaya,1270230
01-06-2022,PHI Mini Market - Surabaya 01,Galang Setiawan,P,Buah,durian 1 kg,Jawa Timur,Surabaya,6801730
01-06-2022,PHI Mini Market - Surabaya 01,Galang Setiawan,P,Buah,jeruk 1 kg,Jawa Timur,Surabaya,4738580
01-06-2022,PHI Mini Market - Surabaya 01,Galang Setiawan,P,Buah,kelapa muda,Jawa Timur,Surabaya,1226130
01-06-2022,PHI Mini Market - Surabaya 01,Galang Setiawan,P,Buah,mangga 1 kg,Jawa Timur,Surabaya,2864350
01-06-2022,PHI Mini Market - Surabaya 01,Galang Setiawan,P,Makanan & Minuman,air mineral 600 ml,Jawa Timur,Surabaya,264630
01-06-2022,PHI Mini Market - Surabaya 01,Galang Setiawan,P,Makanan & Minuman,bumbu fried chicken,Jawa Timur,Surabaya,4200850
01-06-2022,PHI Mini Market - Surabaya 01,Galang Setiawan,P,Makanan & Minuman,jus kesehatan 600 ml,Jawa Timur,Surabaya,2380710
01-06-2022,PHI Mini Market - Surabaya 01,Galang Setiawan,P,Makanan & Minuman,kacang goreng 1 kg,Jawa Timur,Surabaya,3674210
01-06-2022,PHI Mini Market - Surabaya 01,Galang Setiawan,P,Makanan & Minuman,kacang mete 1 kg,Jawa Timur,Surabaya,19958330
01-06-2022,PHI Mini Market - Surabaya 01,Galang Setiawan,P,Makanan & Minuman,markisa 600 ml,Jawa Timur,Surabaya,4195840
01-06-2022,PHI Mini Market - Surabaya 01,Galang Setiawan,P,Makanan & Minuman,mie instant 1 kotak (40 bungkus),Jawa Timur,Surabaya,16817680
01-06-2022,PHI Mini Market - Surabaya 01,Galang Setiawan,P,Makanan & Minuman,minuman probiotik,Jawa Timur,Surabaya,220710
01-06-2022,PHI Mini Market - Surabaya 01,Galang Setiawan,P,Makanan & Minuman,nasi goreng instant (1 ons),Jawa Timur,Surabaya,1767850
01-06-2022,PHI Mini Market - Surabaya 01,Galang Setiawan,P,Makanan & Minuman,snack gurih 1 ons,Jawa Timur,Surabaya,633290
01-06-2022,PHI Mini Market - Surabaya 01,Galang Setiawan,P,Makanan & Minuman,susu kotak (800 ml),Jawa Timur,Surabaya,3848940
01-06-2022,PHI Mini Market - Surabaya 01,Galang Setiawan,P,Makanan & Minuman,susu kotak 1 l,Jawa Timur,Surabaya,2448480
01-06-2022,PHI Mini Market - Surabaya 01,Galang Setiawan,P,Makanan & Minuman,telur ayam kampung 1 kg,Jawa Timur,Surabaya,7947180
01-06-2022,PHI Mini Market - Surabaya 01,Galang Setiawan,P,Makanan & Minuman,telur ayam ras 1 kg,Jawa Timur,Surabaya,4526370
01-06-2022,PHI Mini Market - Surabaya 01,Galang Setiawan,P,Sayur-Sayuran,bawang merah 1 kg,Jawa Timur,Surabaya,3737060
01-06-2022,PHI Mini Market - Surabaya 01,Galang Setiawan,P,Sayur-Sayuran,bawang putih 1 kg,Jawa Timur,Surabaya,1385520
01-06-2022,PHI Mini Market - Surabaya 01,Galang Setiawan,P,Sayur-Sayuran,buncis 1 kg,Jawa Timur,Surabaya,2158380
01-06-2022,PHI Mini Market - Surabaya 01,Galang Setiawan,P,Sayur-Sayuran,kacang hijau 1 kg,Jawa Timur,Surabaya,1653990
01-06-2022,PHI Mini Market - Surabaya 01,Galang Setiawan,P,Sayur-Sayuran,kacang panjang 1 kg,Jawa Timur,Surabaya,2360360
01-06-2022,PHI Mini Market - Surabaya 01,Galang Setiawan,P,Sayur-Sayuran,kentang 1 kg,Jawa Timur,Surabaya,2058340
01-06-2022,PHI Mini Market - Surabaya 01,Galang Setiawan,P,Sayur-Sayuran,ketimun 1 kg,Jawa Timur,Surabaya,1752470
01-06-2022,PHI Mini Market - Surabaya 01,Galang Setiawan,P,Sayur-Sayuran,kobis 1 kg,Jawa Timur,Surabaya,314850
01-06-2022,PHI Mini Market - Surabaya 01,Galang Setiawan,P,Sayur-Sayuran,tomat 1 kg,Jawa Timur,Surabaya,1956370
01-06-2022,PHI Mini Market - Surabaya 01,Galang Setiawan,P,Sayur-Sayuran,ubi jalar 1 kg,Jawa Timur,Surabaya,250250
01-06-2022,PHI Mini Market - Surabaya 01,Galang Setiawan,P,Sayur-Sayuran,ubi kayu basah 1 kg,Jawa Timur,Surabaya,442340
01-06-2022,PHI Mini Market - Surabaya 01,Galang Setiawan,P,Sayur-Sayuran,wortel 1 kg,Jawa Timur,Surabaya,948250
01-06-2022,PHI Mini Market - Surabaya 01,Harum Selangit,W,Buah,alpukat 1 kg,Jawa Timur,Surabaya,1990700
01-06-2022,PHI Mini Market - Surabaya 01,Harum Selangit,W,Buah,apel 1 kg,Jawa Timur,Surabaya,18172990
01-06-2022,PHI Mini Market - Surabaya 01,Harum Selangit,W,Buah,belimbing 1 kg,Jawa Timur,Surabaya,1535870
01-06-2022,PHI Mini Market - Surabaya 01,Harum Selangit,W,Buah,durian 1 kg,Jawa Timur,Surabaya,5034500
01-06-2022,PHI Mini Market - Surabaya 01,Harum Selangit,W,Buah,jeruk 1 kg,Jawa Timur,Surabaya,3931590
01-06-2022,PHI Mini Market - Surabaya 01,Harum Selangit,W,Buah,kelapa muda,Jawa Timur,Surabaya,1670180
01-06-2022,PHI Mini Market - Surabaya 01,Harum Selangit,W,Buah,mangga 1 kg,Jawa Timur,Surabaya,3988980
01-06-2022,PHI Mini Market - Surabaya 01,Harum Selangit,W,Makanan & Minuman,air mineral 600 ml,Jawa Timur,Surabaya,334090
01-06-2022,PHI Mini Market - Surabaya 01,Harum Selangit,W,Makanan & Minuman,bumbu fried chicken,Jawa Timur,Surabaya,4760250
01-06-2022,PHI Mini Market - Surabaya 01,Harum Selangit,W,Makanan & Minuman,jus kesehatan 600 ml,Jawa Timur,Surabaya,2278680
01-06-2022,PHI Mini Market - Surabaya 01,Harum Selangit,W,Makanan & Minuman,kacang goreng 1 kg,Jawa Timur,Surabaya,3318230
01-06-2022,PHI Mini Market - Surabaya 01,Harum Selangit,W,Makanan & Minuman,kacang mete 1 kg,Jawa Timur,Surabaya,22690830
01-06-2022,PHI Mini Market - Surabaya 01,Harum Selangit,W,Makanan & Minuman,markisa 600 ml,Jawa Timur,Surabaya,4439360
01-06-2022,PHI Mini Market - Surabaya 01,Harum Selangit,W,Makanan & Minuman,mie instant 1 kotak (40 bungkus),Jawa Timur,Surabaya,35049340
01-06-2022,PHI Mini Market - Surabaya 01,Harum Selangit,W,Makanan & Minuman,minuman probiotik,Jawa Timur,Surabaya,276490
01-06-2022,PHI Mini Market - Surabaya 01,Harum Selangit,W,Makanan & Minuman,nasi goreng instant (1 ons),Jawa Timur,Surabaya,2390540
01-06-2022,PHI Mini Market - Surabaya 01,Harum Selangit,W,Makanan & Minuman,snack gurih 1 ons,Jawa Timur,Surabaya,2167850
01-06-2022,PHI Mini Market - Surabaya 01,Harum Selangit,W,Makanan & Minuman,susu kotak (800 ml),Jawa Timur,Surabaya,3204010
01-06-2022,PHI Mini Market - Surabaya 01,Harum Selangit,W,Makanan & Minuman,susu kotak 1 l,Jawa Timur,Surabaya,3047860
01-06-2022,PHI Mini Market - Surabaya 01,Harum Selangit,W,Makanan & Minuman,telur ayam kampung 1 kg,Jawa Timur,Surabaya,7029270
01-06-2022,PHI Mini Market - Surabaya 01,Harum Selangit,W,Makanan & Minuman,telur ayam ras 1 kg,Jawa Timur,Surabaya,3471020
01-06-2022,PHI Mini Market - Surabaya 01,Harum Selangit,W,Sayur-Sayuran,bawang merah 1 kg,Jawa Timur,Surabaya,2676070
01-06-2022,PHI Mini Market - Surabaya 01,Harum Selangit,W,Sayur-Sayuran,bawang putih 1 kg,Jawa Timur,Surabaya,1727490
01-06-2022,PHI Mini Market - Surabaya 01,Harum Selangit,W,Sayur-Sayuran,buncis 1 kg,Jawa Timur,Surabaya,2109880
01-06-2022,PHI Mini Market - Surabaya 01,Harum Selangit,W,Sayur-Sayuran,kacang hijau 1 kg,Jawa Timur,Surabaya,1574270
01-06-2022,PHI Mini Market - Surabaya 01,Harum Selangit,W,Sayur-Sayuran,kacang panjang 1 kg,Jawa Timur,Surabaya,3803940
01-06-2022,PHI Mini Market - Surabaya 01,Harum Selangit,W,Sayur-Sayuran,kentang 1 kg,Jawa Timur,Surabaya,2939590
01-06-2022,PHI Mini Market - Surabaya 01,Harum Selangit,W,Sayur-Sayuran,ketimun 1 kg,Jawa Timur,Surabaya,950700
01-06-2022,PHI Mini Market - Surabaya 01,Harum Selangit,W,Sayur-Sayuran,kobis 1 kg,Jawa Timur,Surabaya,253140
01-06-2022,PHI Mini Market - Surabaya 01,Harum Selangit,W,Sayur-Sayuran,tomat 1 kg,Jawa Timur,Surabaya,1339640
01-06-2022,PHI Mini Market - Surabaya 01,Harum Selangit,W,Sayur-Sayuran,ubi jalar 1 kg,Jawa Timur,Surabaya,472180
01-06-2022,PHI Mini Market - Surabaya 01,Harum Selangit,W,Sayur-Sayuran,ubi kayu basah 1 kg,Jawa Timur,Surabaya,395160
01-06-2022,PHI Mini Market - Surabaya 01,Harum Selangit,W,Sayur-Sayuran,wortel 1 kg,Jawa Timur,Surabaya,1450260
01-06-2022,PHI Mini Market - Surabaya 01,Mariani Damai,W,Buah,alpukat 1 kg,Jawa Timur,Surabaya,2981900
01-06-2022,PHI Mini Market - Surabaya 01,Mariani Damai,W,Buah,apel 1 kg,Jawa Timur,Surabaya,19655650
01-06-2022,PHI Mini Market - Surabaya 01,Mariani Damai,W,Buah,belimbing 1 kg,Jawa Timur,Surabaya,1141920
01-06-2022,PHI Mini Market - Surabaya 01,Mariani Damai,W,Buah,durian 1 kg,Jawa Timur,Surabaya,8729210
01-06-2022,PHI Mini Market - Surabaya 01,Mariani Damai,W,Buah,jeruk 1 kg,Jawa Timur,Surabaya,4016700
01-06-2022,PHI Mini Market - Surabaya 01,Mariani Damai,W,Buah,kelapa muda,Jawa Timur,Surabaya,1945620
01-06-2022,PHI Mini Market - Surabaya 01,Mariani Damai,W,Makanan & Minuman,air mineral 600 ml,Jawa Timur,Surabaya,357080
01-06-2022,PHI Mini Market - Surabaya 01,Mariani Damai,W,Makanan & Minuman,bumbu fried chicken,Jawa Timur,Surabaya,5514950
01-06-2022,PHI Mini Market - Surabaya 01,Mariani Damai,W,Makanan & Minuman,jus kesehatan 600 ml,Jawa Timur,Surabaya,3860100
01-06-2022,PHI Mini Market - Surabaya 01,Mariani Damai,W,Makanan & Minuman,kacang goreng 1 kg,Jawa Timur,Surabaya,3595690
01-06-2022,PHI Mini Market - Surabaya 01,Mariani Damai,W,Makanan & Minuman,kacang mete 1 kg,Jawa Timur,Surabaya,33873750
01-06-2022,PHI Mini Market - Surabaya 01,Mariani Damai,W,Makanan & Minuman,markisa 600 ml,Jawa Timur,Surabaya,5545380
01-06-2022,PHI Mini Market - Surabaya 01,Mariani Damai,W,Makanan & Minuman,mie instant 1 kotak (40 bungkus),Jawa Timur,Surabaya,26454120
01-06-2022,PHI Mini Market - Surabaya 01,Mariani Damai,W,Makanan & Minuman,minuman probiotik,Jawa Timur,Surabaya,279580
01-06-2022,PHI Mini Market - Surabaya 01,Mariani Damai,W,Makanan & Minuman,nasi goreng instant (1 ons),Jawa Timur,Surabaya,1731740
01-06-2022,PHI Mini Market - Surabaya 01,Mariani Damai,W,Makanan & Minuman,snack gurih 1 ons,Jawa Timur,Surabaya,1420090
01-06-2022,PHI Mini Market - Surabaya 01,Mariani Damai,W,Makanan & Minuman,susu kotak (800 ml),Jawa Timur,Surabaya,1387780
01-06-2022,PHI Mini Market - Surabaya 01,Mariani Damai,W,Makanan & Minuman,susu kotak 1 l,Jawa Timur,Surabaya,3185600
01-06-2022,PHI Mini Market - Surabaya 01,Mariani Damai,W,Makanan & Minuman,telur ayam kampung 1 kg,Jawa Timur,Surabaya,4634880
01-06-2022,PHI Mini Market - Surabaya 01,Mariani Damai,W,Makanan & Minuman,telur ayam ras 1 kg,Jawa Timur,Surabaya,3559250
01-06-2022,PHI Mini Market - Surabaya 01,Mariani Damai,W,Sayur-Sayuran,bawang merah 1 kg,Jawa Timur,Surabaya,4537840
01-06-2022,PHI Mini Market - Surabaya 01,Mariani Damai,W,Sayur-Sayuran,bawang putih 1 kg,Jawa Timur,Surabaya,1532210
01-06-2022,PHI Mini Market - Surabaya 01,Mariani Damai,W,Sayur-Sayuran,buncis 1 kg,Jawa Timur,Surabaya,2244630
01-06-2022,PHI Mini Market - Surabaya 01,Mariani Damai,W,Sayur-Sayuran,kacang hijau 1 kg,Jawa Timur,Surabaya,2531450
01-06-2022,PHI Mini Market - Surabaya 01,Mariani Damai,W,Sayur-Sayuran,kacang panjang 1 kg,Jawa Timur,Surabaya,1997970
01-06-2022,PHI Mini Market - Surabaya 01,Mariani Damai,W,Sayur-Sayuran,kentang 1 kg,Jawa Timur,Surabaya,1615700
01-06-2022,PHI Mini Market - Surabaya 01,Mariani Damai,W,Sayur-Sayuran,ketimun 1 kg,Jawa Timur,Surabaya,1375180
01-06-2022,PHI Mini Market - Surabaya 01,Mariani Damai,W,Sayur-Sayuran,kobis 1 kg,Jawa Timur,Surabaya,348780
01-06-2022,PHI Mini Market - Surabaya 01,Mariani Damai,W,Sayur-Sayuran,tomat 1 kg,Jawa Timur,Surabaya,1540640
01-06-2022,PHI Mini Market - Surabaya 01,Mariani Damai,W,Sayur-Sayuran,ubi jalar 1 kg,Jawa Timur,Surabaya,441510
01-06-2022,PHI Mini Market - Surabaya 01,Mariani Damai,W,Sayur-Sayuran,ubi kayu basah 1 kg,Jawa Timur,Surabaya,419710
01-06-2022,PHI Mini Market - Surabaya 01,Mariani Damai,W,Sayur-Sayuran,wortel 1 kg,Jawa Timur,Surabaya,1392390
01-06-2022,PHI Mini Market - Surabaya 01,Mulia Setiawan,P,Buah,alpukat 1 kg,Jawa Timur,Surabaya,1588430
01-06-2022,PHI Mini Market - Surabaya 01,Mulia Setiawan,P,Buah,apel 1 kg,Jawa Timur,Surabaya,17148580
01-06-2022,PHI Mini Market - Surabaya 01,Mulia Setiawan,P,Buah,belimbing 1 kg,Jawa Timur,Surabaya,832660
01-06-2022,PHI Mini Market - Surabaya 01,Mulia Setiawan,P,Buah,durian 1 kg,Jawa Timur,Surabaya,4801740
01-06-2022,PHI Mini Market - Surabaya 01,Mulia Setiawan,P,Buah,jeruk 1 kg,Jawa Timur,Surabaya,2943050
01-06-2022,PHI Mini Market - Surabaya 01,Mulia Setiawan,P,Buah,kelapa muda,Jawa Timur,Surabaya,1675580
01-06-2022,PHI Mini Market - Surabaya 01,Mulia Setiawan,P,Buah,mangga 1 kg,Jawa Timur,Surabaya,5266660
01-06-2022,PHI Mini Market - Surabaya 01,Mulia Setiawan,P,Makanan & Minuman,air mineral 600 ml,Jawa Timur,Surabaya,519280
01-06-2022,PHI Mini Market - Surabaya 01,Mulia Setiawan,P,Makanan & Minuman,bumbu fried chicken,Jawa Timur,Surabaya,4451600
01-06-2022,PHI Mini Market - Surabaya 01,Mulia Setiawan,P,Makanan & Minuman,jus kesehatan 600 ml,Jawa Timur,Surabaya,2913620
01-06-2022,PHI Mini Market - Surabaya 01,Mulia Setiawan,P,Makanan & Minuman,kacang goreng 1 kg,Jawa Timur,Surabaya,3153270
01-06-2022,PHI Mini Market - Surabaya 01,Mulia Setiawan,P,Makanan & Minuman,kacang mete 1 kg,Jawa Timur,Surabaya,23493370
01-06-2022,PHI Mini Market - Surabaya 01,Mulia Setiawan,P,Makanan & Minuman,markisa 600 ml,Jawa Timur,Surabaya,4485720
01-06-2022,PHI Mini Market - Surabaya 01,Mulia Setiawan,P,Makanan & Minuman,mie instant 1 kotak (40 bungkus),Jawa Timur,Surabaya,32247990
01-06-2022,PHI Mini Market - Surabaya 01,Mulia Setiawan,P,Makanan & Minuman,minuman probiotik,Jawa Timur,Surabaya,370200
01-06-2022,PHI Mini Market - Surabaya 01,Mulia Setiawan,P,Makanan & Minuman,nasi goreng instant (1 ons),Jawa Timur,Surabaya,2432640
01-06-2022,PHI Mini Market - Surabaya 01,Mulia Setiawan,P,Makanan & Minuman,snack gurih 1 ons,Jawa Timur,Surabaya,1869220
01-06-2022,PHI Mini Market - Surabaya 01,Mulia Setiawan,P,Makanan & Minuman,susu kotak (800 ml),Jawa Timur,Surabaya,3472250
01-06-2022,PHI Mini Market - Surabaya 01,Mulia Setiawan,P,Makanan & Minuman,susu kotak 1 l,Jawa Timur,Surabaya,4051200
01-06-2022,PHI Mini Market - Surabaya 01,Mulia Setiawan,P,Makanan & Minuman,telur ayam kampung 1 kg,Jawa Timur,Surabaya,5945590
01-06-2022,PHI Mini Market - Surabaya 01,Mulia Setiawan,P,Makanan & Minuman,telur ayam ras 1 kg,Jawa Timur,Surabaya,3479920
01-06-2022,PHI Mini Market - Surabaya 01,Mulia Setiawan,P,Sayur-Sayuran,bawang merah 1 kg,Jawa Timur,Surabaya,2746050
01-06-2022,PHI Mini Market - Surabaya 01,Mulia Setiawan,P,Sayur-Sayuran,bawang putih 1 kg,Jawa Timur,Surabaya,1400840
01-06-2022,PHI Mini Market - Surabaya 01,Mulia Setiawan,P,Sayur-Sayuran,buncis 1 kg,Jawa Timur,Surabaya,1514850
01-06-2022,PHI Mini Market - Surabaya 01,Mulia Setiawan,P,Sayur-Sayuran,kacang hijau 1 kg,Jawa Timur,Surabaya,2093220
01-06-2022,PHI Mini Market - Surabaya 01,Mulia Setiawan,P,Sayur-Sayuran,kacang panjang 1 kg,Jawa Timur,Surabaya,1986620
01-06-2022,PHI Mini Market - Surabaya 01,Mulia Setiawan,P,Sayur-Sayuran,kentang 1 kg,Jawa Timur,Surabaya,3734590
01-06-2022,PHI Mini Market - Surabaya 01,Mulia Setiawan,P,Sayur-Sayuran,ketimun 1 kg,Jawa Timur,Surabaya,1985270
01-06-2022,PHI Mini Market - Surabaya 01,Mulia Setiawan,P,Sayur-Sayuran,kobis 1 kg,Jawa Timur,Surabaya,273070
01-06-2022,PHI Mini Market - Surabaya 01,Mulia Setiawan,P,Sayur-Sayuran,tomat 1 kg,Jawa Timur,Surabaya,1856600
01-06-2022,PHI Mini Market - Surabaya 01,Mulia Setiawan,P,Sayur-Sayuran,ubi jalar 1 kg,Jawa Timur,Surabaya,337080
01-06-2022,PHI Mini Market - Surabaya 01,Mulia Setiawan,P,Sayur-Sayuran,ubi kayu basah 1 kg,Jawa Timur,Surabaya,308880
01-06-2022,PHI Mini Market - Surabaya 01,Mulia Setiawan,P,Sayur-Sayuran,wortel 1 kg,Jawa Timur,Surabaya,964690
01-06-2022,PHI Mini Market - Surabaya 01,Mulyo Damai,P,Buah,alpukat 1 kg,Jawa Timur,Surabaya,2054010
01-06-2022,PHI Mini Market - Surabaya 01,Mulyo Damai,P,Buah,apel 1 kg,Jawa Timur,Surabaya,18951530
01-06-2022,PHI Mini Market - Surabaya 01,Mulyo Damai,P,Buah,belimbing 1 kg,Jawa Timur,Surabaya,1656500
01-06-2022,PHI Mini Market - Surabaya 01,Mulyo Damai,P,Buah,durian 1 kg,Jawa Timur,Surabaya,5558610
01-06-2022,PHI Mini Market - Surabaya 01,Mulyo Damai,P,Buah,jeruk 1 kg,Jawa Timur,Surabaya,4385890
01-06-2022,PHI Mini Market - Surabaya 01,Mulyo Damai,P,Buah,kelapa muda,Jawa Timur,Surabaya,1971060
01-06-2022,PHI Mini Market - Surabaya 01,Mulyo Damai,P,Makanan & Minuman,air mineral 600 ml,Jawa Timur,Surabaya,324980
01-06-2022,PHI Mini Market - Surabaya 01,Mulyo Damai,P,Makanan & Minuman,bumbu fried chicken,Jawa Timur,Surabaya,4290130
01-06-2022,PHI Mini Market - Surabaya 01,Mulyo Damai,P,Makanan & Minuman,jus kesehatan 600 ml,Jawa Timur,Surabaya,2216470
01-06-2022,PHI Mini Market - Surabaya 01,Mulyo Damai,P,Makanan & Minuman,kacang goreng 1 kg,Jawa Timur,Surabaya,5429340
01-06-2022,PHI Mini Market - Surabaya 01,Mulyo Damai,P,Makanan & Minuman,kacang mete 1 kg,Jawa Timur,Surabaya,26790260
01-06-2022,PHI Mini Market - Surabaya 01,Mulyo Damai,P,Makanan & Minuman,markisa 600 ml,Jawa Timur,Surabaya,6823740
01-06-2022,PHI Mini Market - Surabaya 01,Mulyo Damai,P,Makanan & Minuman,mie instant 1 kotak (40 bungkus),Jawa Timur,Surabaya,42975540
01-06-2022,PHI Mini Market - Surabaya 01,Mulyo Damai,P,Makanan & Minuman,minuman probiotik,Jawa Timur,Surabaya,221530
01-06-2022,PHI Mini Market - Surabaya 01,Mulyo Damai,P,Makanan & Minuman,nasi goreng instant (1 ons),Jawa Timur,Surabaya,1282380
01-06-2022,PHI Mini Market - Surabaya 01,Mulyo Damai,P,Makanan & Minuman,snack gurih 1 ons,Jawa Timur,Surabaya,1779150
01-06-2022,PHI Mini Market - Surabaya 01,Mulyo Damai,P,Makanan & Minuman,susu kotak (800 ml),Jawa Timur,Surabaya,4266970
01-06-2022,PHI Mini Market - Surabaya 01,Mulyo Damai,P,Makanan & Minuman,susu kotak 1 l,Jawa Timur,Surabaya,3116640
01-06-2022,PHI Mini Market - Surabaya 01,Mulyo Damai,P,Makanan & Minuman,telur ayam kampung 1 kg,Jawa Timur,Surabaya,5672800
01-06-2022,PHI Mini Market - Surabaya 01,Mulyo Damai,P,Makanan & Minuman,telur ayam ras 1 kg,Jawa Timur,Surabaya,3299410
01-06-2022,PHI Mini Market - Surabaya 01,Mulyo Damai,P,Sayur-Sayuran,bawang merah 1 kg,Jawa Timur,Surabaya,2285360
01-06-2022,PHI Mini Market - Surabaya 01,Mulyo Damai,P,Sayur-Sayuran,bawang putih 1 kg,Jawa Timur,Surabaya,1242520
01-06-2022,PHI Mini Market - Surabaya 01,Mulyo Damai,P,Sayur-Sayuran,buncis 1 kg,Jawa Timur,Surabaya,2352770
01-06-2022,PHI Mini Market - Surabaya 01,Mulyo Damai,P,Sayur-Sayuran,kacang hijau 1 kg,Jawa Timur,Surabaya,2710370
01-06-2022,PHI Mini Market - Surabaya 01,Mulyo Damai,P,Sayur-Sayuran,kacang panjang 1 kg,Jawa Timur,Surabaya,2639990
01-06-2022,PHI Mini Market - Surabaya 01,Mulyo Damai,P,Sayur-Sayuran,kentang 1 kg,Jawa Timur,Surabaya,1840830
01-06-2022,PHI Mini Market - Surabaya 01,Mulyo Damai,P,Sayur-Sayuran,ketimun 1 kg,Jawa Timur,Surabaya,1242820
01-06-2022,PHI Mini Market - Surabaya 01,Mulyo Damai,P,Sayur-Sayuran,kobis 1 kg,Jawa Timur,Surabaya,257350
01-06-2022,PHI Mini Market - Surabaya 01,Mulyo Damai,P,Sayur-Sayuran,tomat 1 kg,Jawa Timur,Surabaya,1145390
01-06-2022,PHI Mini Market - Surabaya 01,Mulyo Damai,P,Sayur-Sayuran,ubi jalar 1 kg,Jawa Timur,Surabaya,377160
01-06-2022,PHI Mini Market - Surabaya 01,Mulyo Damai,P,Sayur-Sayuran,ubi kayu basah 1 kg,Jawa Timur,Surabaya,430520
01-06-2022,PHI Mini Market - Surabaya 01,Mulyo Damai,P,Sayur-Sayuran,wortel 1 kg,Jawa Timur,Surabaya,849450
01-06-2022,PHI Mini Market - Surabaya 01,Natali Menawan,W,Buah,alpukat 1 kg,Jawa Timur,Surabaya,3845410
01-06-2022,PHI Mini Market - Surabaya 01,Natali Menawan,W,Buah,apel 1 kg,Jawa Timur,Surabaya,35661730
01-06-2022,PHI Mini Market - Surabaya 01,Natali Menawan,W,Buah,belimbing 1 kg,Jawa Timur,Surabaya,1911100
01-06-2022,PHI Mini Market - Surabaya 01,Natali Menawan,W,Buah,durian 1 kg,Jawa Timur,Surabaya,11365490
01-06-2022,PHI Mini Market - Surabaya 01,Natali Menawan,W,Buah,jeruk 1 kg,Jawa Timur,Surabaya,8636460
01-06-2022,PHI Mini Market - Surabaya 01,Natali Menawan,W,Buah,kelapa muda,Jawa Timur,Surabaya,3257200
01-06-2022,PHI Mini Market - Surabaya 01,Natali Menawan,W,Buah,mangga 1 kg,Jawa Timur,Surabaya,10197810
01-06-2022,PHI Mini Market - Surabaya 01,Natali Menawan,W,Makanan & Minuman,air mineral 600 ml,Jawa Timur,Surabaya,820940
01-06-2022,PHI Mini Market - Surabaya 01,Natali Menawan,W,Makanan & Minuman,bumbu fried chicken,Jawa Timur,Surabaya,6688750
01-06-2022,PHI Mini Market - Surabaya 01,Natali Menawan,W,Makanan & Minuman,jus kesehatan 600 ml,Jawa Timur,Surabaya,6647470
01-06-2022,PHI Mini Market - Surabaya 01,Natali Menawan,W,Makanan & Minuman,kacang goreng 1 kg,Jawa Timur,Surabaya,10584700
01-06-2022,PHI Mini Market - Surabaya 01,Natali Menawan,W,Makanan & Minuman,kacang mete 1 kg,Jawa Timur,Surabaya,49845810
01-06-2022,PHI Mini Market - Surabaya 01,Natali Menawan,W,Makanan & Minuman,markisa 600 ml,Jawa Timur,Surabaya,8250680
01-06-2022,PHI Mini Market - Surabaya 01,Natali Menawan,W,Makanan & Minuman,mie instant 1 kotak (40 bungkus),Jawa Timur,Surabaya,45829890
01-06-2022,PHI Mini Market - Surabaya 01,Natali Menawan,W,Makanan & Minuman,minuman probiotik,Jawa Timur,Surabaya,646880
01-06-2022,PHI Mini Market - Surabaya 01,Natali Menawan,W,Makanan & Minuman,nasi goreng instant (1 ons),Jawa Timur,Surabaya,4013220
01-06-2022,PHI Mini Market - Surabaya 01,Natali Menawan,W,Makanan & Minuman,snack gurih 1 ons,Jawa Timur,Surabaya,2576130
01-06-2022,PHI Mini Market - Surabaya 01,Natali Menawan,W,Makanan & Minuman,susu kotak (800 ml),Jawa Timur,Surabaya,6697990
01-06-2022,PHI Mini Market - Surabaya 01,Natali Menawan,W,Makanan & Minuman,susu kotak 1 l,Jawa Timur,Surabaya,6119540
01-06-2022,PHI Mini Market - Surabaya 01,Natali Menawan,W,Makanan & Minuman,telur ayam kampung 1 kg,Jawa Timur,Surabaya,13869930
01-06-2022,PHI Mini Market - Surabaya 01,Natali Menawan,W,Makanan & Minuman,telur ayam ras 1 kg,Jawa Timur,Surabaya,7978850
01-06-2022,PHI Mini Market - Surabaya 01,Natali Menawan,W,Sayur-Sayuran,bawang merah 1 kg,Jawa Timur,Surabaya,8339820
01-06-2022,PHI Mini Market - Surabaya 01,Natali Menawan,W,Sayur-Sayuran,bawang putih 1 kg,Jawa Timur,Surabaya,3305010
01-06-2022,PHI Mini Market - Surabaya 01,Natali Menawan,W,Sayur-Sayuran,buncis 1 kg,Jawa Timur,Surabaya,4681960
01-06-2022,PHI Mini Market - Surabaya 01,Natali Menawan,W,Sayur-Sayuran,kacang hijau 1 kg,Jawa Timur,Surabaya,4038350
01-06-2022,PHI Mini Market - Surabaya 01,Natali Menawan,W,Sayur-Sayuran,kacang panjang 1 kg,Jawa Timur,Surabaya,5549000
01-06-2022,PHI Mini Market - Surabaya 01,Natali Menawan,W,Sayur-Sayuran,kentang 1 kg,Jawa Timur,Surabaya,5577560
01-06-2022,PHI Mini Market - Surabaya 01,Natali Menawan,W,Sayur-Sayuran,ketimun 1 kg,Jawa Timur,Surabaya,3404870
01-06-2022,PHI Mini Market - Surabaya 01,Natali Menawan,W,Sayur-Sayuran,kobis 1 kg,Jawa Timur,Surabaya,594140
01-06-2022,PHI Mini Market - Surabaya 01,Natali Menawan,W,Sayur-Sayuran,tomat 1 kg,Jawa Timur,Surabaya,3026290
01-06-2022,PHI Mini Market - Surabaya 01,Natali Menawan,W,Sayur-Sayuran,ubi jalar 1 kg,Jawa Timur,Surabaya,785210
01-06-2022,PHI Mini Market - Surabaya 01,Natali Menawan,W,Sayur-Sayuran,ubi kayu basah 1 kg,Jawa Timur,Surabaya,565250
01-06-2022,PHI Mini Market - Surabaya 01,Natali Menawan,W,Sayur-Sayuran,wortel 1 kg,Jawa Timur,Surabaya,2467620
01-07-2022,PHI Mini Market - Jakarta Pusat 01,Agung Alexander,P,Buah,alpukat 1 kg,DKI Jakarta,Jakarta Pusat,2383440
01-07-2022,PHI Mini Market - Jakarta Pusat 01,Agung Alexander,P,Buah,apel 1 kg,DKI Jakarta,Jakarta Pusat,17050960
01-07-2022,PHI Mini Market - Jakarta Pusat 01,Agung Alexander,P,Buah,belimbing 1 kg,DKI Jakarta,Jakarta Pusat,1463300
01-07-2022,PHI Mini Market - Jakarta Pusat 01,Agung Alexander,P,Buah,durian 1 kg,DKI Jakarta,Jakarta Pusat,7120020
01-07-2022,PHI Mini Market - Jakarta Pusat 01,Agung Alexander,P,Buah,jeruk 1 kg,DKI Jakarta,Jakarta Pusat,3255480
01-07-2022,PHI Mini Market - Jakarta Pusat 01,Agung Alexander,P,Buah,kelapa muda,DKI Jakarta,Jakarta Pusat,1713520
01-07-2022,PHI Mini Market - Jakarta Pusat 01,Agung Alexander,P,Makanan & Minuman,air mineral 600 ml,DKI Jakarta,Jakarta Pusat,397020
01-07-2022,PHI Mini Market - Jakarta Pusat 01,Agung Alexander,P,Makanan & Minuman,bumbu fried chicken,DKI Jakarta,Jakarta Pusat,6195680
01-07-2022,PHI Mini Market - Jakarta Pusat 01,Agung Alexander,P,Makanan & Minuman,jus kesehatan 600 ml,DKI Jakarta,Jakarta Pusat,1817350
01-07-2022,PHI Mini Market - Jakarta Pusat 01,Agung Alexander,P,Makanan & Minuman,kacang goreng 1 kg,DKI Jakarta,Jakarta Pusat,3363310
01-07-2022,PHI Mini Market - Jakarta Pusat 01,Agung Alexander,P,Makanan & Minuman,kacang mete 1 kg,DKI Jakarta,Jakarta Pusat,22900840
01-07-2022,PHI Mini Market - Jakarta Pusat 01,Agung Alexander,P,Makanan & Minuman,markisa 600 ml,DKI Jakarta,Jakarta Pusat,4569220
01-07-2022,PHI Mini Market - Jakarta Pusat 01,Agung Alexander,P,Makanan & Minuman,mie instant 1 kotak (40 bungkus),DKI Jakarta,Jakarta Pusat,37811340
01-07-2022,PHI Mini Market - Jakarta Pusat 01,Agung Alexander,P,Makanan & Minuman,minuman probiotik,DKI Jakarta,Jakarta Pusat,336190
01-07-2022,PHI Mini Market - Jakarta Pusat 01,Agung Alexander,P,Makanan & Minuman,nasi goreng instant (1 ons),DKI Jakarta,Jakarta Pusat,2594450
01-07-2022,PHI Mini Market - Jakarta Pusat 01,Agung Alexander,P,Makanan & Minuman,snack gurih 1 ons,DKI Jakarta,Jakarta Pusat,1492320
01-07-2022,PHI Mini Market - Jakarta Pusat 01,Agung Alexander,P,Makanan & Minuman,susu kotak (800 ml),DKI Jakarta,Jakarta Pusat,4380670
01-07-2022,PHI Mini Market - Jakarta Pusat 01,Agung Alexander,P,Makanan & Minuman,susu kotak 1 l,DKI Jakarta,Jakarta Pusat,2803880
01-07-2022,PHI Mini Market - Jakarta Pusat 01,Agung Alexander,P,Makanan & Minuman,telur ayam kampung 1 kg,DKI Jakarta,Jakarta Pusat,4715620
01-07-2022,PHI Mini Market - Jakarta Pusat 01,Agung Alexander,P,Makanan & Minuman,telur ayam ras 1 kg,DKI Jakarta,Jakarta Pusat,2887670
01-07-2022,PHI Mini Market - Jakarta Pusat 01,Agung Alexander,P,Sayur-Sayuran,bawang merah 1 kg,DKI Jakarta,Jakarta Pusat,4600890
01-07-2022,PHI Mini Market - Jakarta Pusat 01,Agung Alexander,P,Sayur-Sayuran,bawang putih 1 kg,DKI Jakarta,Jakarta Pusat,1553020
01-07-2022,PHI Mini Market - Jakarta Pusat 01,Agung Alexander,P,Sayur-Sayuran,buncis 1 kg,DKI Jakarta,Jakarta Pusat,1595720
01-07-2022,PHI Mini Market - Jakarta Pusat 01,Agung Alexander,P,Sayur-Sayuran,kacang hijau 1 kg,DKI Jakarta,Jakarta Pusat,3017930
01-07-2022,PHI Mini Market - Jakarta Pusat 01,Agung Alexander,P,Sayur-Sayuran,kacang panjang 1 kg,DKI Jakarta,Jakarta Pusat,2314210
01-07-2022,PHI Mini Market - Jakarta Pusat 01,Agung Alexander,P,Sayur-Sayuran,kentang 1 kg,DKI Jakarta,Jakarta Pusat,3258290
01-07-2022,PHI Mini Market - Jakarta Pusat 01,Agung Alexander,P,Sayur-Sayuran,ketimun 1 kg,DKI Jakarta,Jakarta Pusat,988290
01-07-2022,PHI Mini Market - Jakarta Pusat 01,Agung Alexander,P,Sayur-Sayuran,kobis 1 kg,DKI Jakarta,Jakarta Pusat,257170
01-07-2022,PHI Mini Market - Jakarta Pusat 01,Agung Alexander,P,Sayur-Sayuran,tomat 1 kg,DKI Jakarta,Jakarta Pusat,1131010
01-07-2022,PHI Mini Market - Jakarta Pusat 01,Agung Alexander,P,Sayur-Sayuran,ubi jalar 1 kg,DKI Jakarta,Jakarta Pusat,489640
01-07-2022,PHI Mini Market - Jakarta Pusat 01,Agung Alexander,P,Sayur-Sayuran,ubi kayu basah 1 kg,DKI Jakarta,Jakarta Pusat,269610
01-07-2022,PHI Mini Market - Jakarta Pusat 01,Agung Alexander,P,Sayur-Sayuran,wortel 1 kg,DKI Jakarta,Jakarta Pusat,1399300
01-07-2022,PHI Mini Market - Jakarta Pusat 01,Budiwati Ramah,W,Buah,alpukat 1 kg,DKI Jakarta,Jakarta Pusat,2185750
01-07-2022,PHI Mini Market - Jakarta Pusat 01,Budiwati Ramah,W,Buah,apel 1 kg,DKI Jakarta,Jakarta Pusat,11551250
01-07-2022,PHI Mini Market - Jakarta Pusat 01,Budiwati Ramah,W,Buah,belimbing 1 kg,DKI Jakarta,Jakarta Pusat,1635620
01-07-2022,PHI Mini Market - Jakarta Pusat 01,Budiwati Ramah,W,Buah,durian 1 kg,DKI Jakarta,Jakarta Pusat,5605380
01-07-2022,PHI Mini Market - Jakarta Pusat 01,Budiwati Ramah,W,Buah,jeruk 1 kg,DKI Jakarta,Jakarta Pusat,3997900
01-07-2022,PHI Mini Market - Jakarta Pusat 01,Budiwati Ramah,W,Buah,kelapa muda,DKI Jakarta,Jakarta Pusat,1861400
01-07-2022,PHI Mini Market - Jakarta Pusat 01,Budiwati Ramah,W,Buah,mangga 1 kg,DKI Jakarta,Jakarta Pusat,4130910
01-07-2022,PHI Mini Market - Jakarta Pusat 01,Budiwati Ramah,W,Makanan & Minuman,air mineral 600 ml,DKI Jakarta,Jakarta Pusat,521010
01-07-2022,PHI Mini Market - Jakarta Pusat 01,Budiwati Ramah,W,Makanan & Minuman,bumbu fried chicken,DKI Jakarta,Jakarta Pusat,4778140
01-07-2022,PHI Mini Market - Jakarta Pusat 01,Budiwati Ramah,W,Makanan & Minuman,jus kesehatan 600 ml,DKI Jakarta,Jakarta Pusat,3304390
01-07-2022,PHI Mini Market - Jakarta Pusat 01,Budiwati Ramah,W,Makanan & Minuman,kacang goreng 1 kg,DKI Jakarta,Jakarta Pusat,5712680
01-07-2022,PHI Mini Market - Jakarta Pusat 01,Budiwati Ramah,W,Makanan & Minuman,kacang mete 1 kg,DKI Jakarta,Jakarta Pusat,21815480
01-07-2022,PHI Mini Market - Jakarta Pusat 01,Budiwati Ramah,W,Makanan & Minuman,markisa 600 ml,DKI Jakarta,Jakarta Pusat,4540200
01-07-2022,PHI Mini Market - Jakarta Pusat 01,Budiwati Ramah,W,Makanan & Minuman,mie instant 1 kotak (40 bungkus),DKI Jakarta,Jakarta Pusat,38951930
01-07-2022,PHI Mini Market - Jakarta Pusat 01,Budiwati Ramah,W,Makanan & Minuman,minuman probiotik,DKI Jakarta,Jakarta Pusat,335690
01-07-2022,PHI Mini Market - Jakarta Pusat 01,Budiwati Ramah,W,Makanan & Minuman,nasi goreng instant (1 ons),DKI Jakarta,Jakarta Pusat,1210700
01-07-2022,PHI Mini Market - Jakarta Pusat 01,Budiwati Ramah,W,Makanan & Minuman,snack gurih 1 ons,DKI Jakarta,Jakarta Pusat,1919270
01-07-2022,PHI Mini Market - Jakarta Pusat 01,Budiwati Ramah,W,Makanan & Minuman,susu kotak (800 ml),DKI Jakarta,Jakarta Pusat,5102750
01-07-2022,PHI Mini Market - Jakarta Pusat 01,Budiwati Ramah,W,Makanan & Minuman,susu kotak 1 l,DKI Jakarta,Jakarta Pusat,2669990
01-07-2022,PHI Mini Market - Jakarta Pusat 01,Budiwati Ramah,W,Makanan & Minuman,telur ayam kampung 1 kg,DKI Jakarta,Jakarta Pusat,5904200
01-07-2022,PHI Mini Market - Jakarta Pusat 01,Budiwati Ramah,W,Makanan & Minuman,telur ayam ras 1 kg,DKI Jakarta,Jakarta Pusat,3352070
01-07-2022,PHI Mini Market - Jakarta Pusat 01,Budiwati Ramah,W,Sayur-Sayuran,bawang merah 1 kg,DKI Jakarta,Jakarta Pusat,2721200
01-07-2022,PHI Mini Market - Jakarta Pusat 01,Budiwati Ramah,W,Sayur-Sayuran,bawang putih 1 kg,DKI Jakarta,Jakarta Pusat,1783140
01-07-2022,PHI Mini Market - Jakarta Pusat 01,Budiwati Ramah,W,Sayur-Sayuran,buncis 1 kg,DKI Jakarta,Jakarta Pusat,2349310
01-07-2022,PHI Mini Market - Jakarta Pusat 01,Budiwati Ramah,W,Sayur-Sayuran,kacang hijau 1 kg,DKI Jakarta,Jakarta Pusat,3218160
01-07-2022,PHI Mini Market - Jakarta Pusat 01,Budiwati Ramah,W,Sayur-Sayuran,kacang panjang 1 kg,DKI Jakarta,Jakarta Pusat,3131790
01-07-2022,PHI Mini Market - Jakarta Pusat 01,Budiwati Ramah,W,Sayur-Sayuran,kentang 1 kg,DKI Jakarta,Jakarta Pusat,2572360
01-07-2022,PHI Mini Market - Jakarta Pusat 01,Budiwati Ramah,W,Sayur-Sayuran,ketimun 1 kg,DKI Jakarta,Jakarta Pusat,1531140
01-07-2022,PHI Mini Market - Jakarta Pusat 01,Budiwati Ramah,W,Sayur-Sayuran,kobis 1 kg,DKI Jakarta,Jakarta Pusat,492340
01-07-2022,PHI Mini Market - Jakarta Pusat 01,Budiwati Ramah,W,Sayur-Sayuran,tomat 1 kg,DKI Jakarta,Jakarta Pusat,1203920
01-07-2022,PHI Mini Market - Jakarta Pusat 01,Budiwati Ramah,W,Sayur-Sayuran,ubi jalar 1 kg,DKI Jakarta,Jakarta Pusat,465540
01-07-2022,PHI Mini Market - Jakarta Pusat 01,Budiwati Ramah,W,Sayur-Sayuran,ubi kayu basah 1 kg,DKI Jakarta,Jakarta Pusat,165520
01-07-2022,PHI Mini Market - Jakarta Pusat 01,Budiwati Ramah,W,Sayur-Sayuran,wortel 1 kg,DKI Jakarta,Jakarta Pusat,1034320
01-07-2022,PHI Mini Market - Jakarta Pusat 01,Cahya Terang,W,Buah,alpukat 1 kg,DKI Jakarta,Jakarta Pusat,1621120
01-07-2022,PHI Mini Market - Jakarta Pusat 01,Cahya Terang,W,Buah,apel 1 kg,DKI Jakarta,Jakarta Pusat,15624900
01-07-2022,PHI Mini Market - Jakarta Pusat 01,Cahya Terang,W,Buah,belimbing 1 kg,DKI Jakarta,Jakarta Pusat,1247280
01-07-2022,PHI Mini Market - Jakarta Pusat 01,Cahya Terang,W,Buah,durian 1 kg,DKI Jakarta,Jakarta Pusat,5877670
01-07-2022,PHI Mini Market - Jakarta Pusat 01,Cahya Terang,W,Buah,jeruk 1 kg,DKI Jakarta,Jakarta Pusat,4200720
01-07-2022,PHI Mini Market - Jakarta Pusat 01,Cahya Terang,W,Buah,kelapa muda,DKI Jakarta,Jakarta Pusat,2332220
01-07-2022,PHI Mini Market - Jakarta Pusat 01,Cahya Terang,W,Makanan & Minuman,air mineral 600 ml,DKI Jakarta,Jakarta Pusat,467340
01-07-2022,PHI Mini Market - Jakarta Pusat 01,Cahya Terang,W,Makanan & Minuman,bumbu fried chicken,DKI Jakarta,Jakarta Pusat,5816200
01-07-2022,PHI Mini Market - Jakarta Pusat 01,Cahya Terang,W,Makanan & Minuman,jus kesehatan 600 ml,DKI Jakarta,Jakarta Pusat,2800050
01-07-2022,PHI Mini Market - Jakarta Pusat 01,Cahya Terang,W,Makanan & Minuman,kacang goreng 1 kg,DKI Jakarta,Jakarta Pusat,3278450
01-07-2022,PHI Mini Market - Jakarta Pusat 01,Cahya Terang,W,Makanan & Minuman,kacang mete 1 kg,DKI Jakarta,Jakarta Pusat,26352170
01-07-2022,PHI Mini Market - Jakarta Pusat 01,Cahya Terang,W,Makanan & Minuman,markisa 600 ml,DKI Jakarta,Jakarta Pusat,5968200
01-07-2022,PHI Mini Market - Jakarta Pusat 01,Cahya Terang,W,Makanan & Minuman,mie instant 1 kotak (40 bungkus),DKI Jakarta,Jakarta Pusat,31485450
01-07-2022,PHI Mini Market - Jakarta Pusat 01,Cahya Terang,W,Makanan & Minuman,minuman probiotik,DKI Jakarta,Jakarta Pusat,358140
01-07-2022,PHI Mini Market - Jakarta Pusat 01,Cahya Terang,W,Makanan & Minuman,nasi goreng instant (1 ons),DKI Jakarta,Jakarta Pusat,1947990
01-07-2022,PHI Mini Market - Jakarta Pusat 01,Cahya Terang,W,Makanan & Minuman,snack gurih 1 ons,DKI Jakarta,Jakarta Pusat,1592540
01-07-2022,PHI Mini Market - Jakarta Pusat 01,Cahya Terang,W,Makanan & Minuman,susu kotak (800 ml),DKI Jakarta,Jakarta Pusat,4843310
01-07-2022,PHI Mini Market - Jakarta Pusat 01,Cahya Terang,W,Makanan & Minuman,susu kotak 1 l,DKI Jakarta,Jakarta Pusat,3547840
01-07-2022,PHI Mini Market - Jakarta Pusat 01,Cahya Terang,W,Makanan & Minuman,telur ayam kampung 1 kg,DKI Jakarta,Jakarta Pusat,4938340
01-07-2022,PHI Mini Market - Jakarta Pusat 01,Cahya Terang,W,Makanan & Minuman,telur ayam ras 1 kg,DKI Jakarta,Jakarta Pusat,4235450
01-07-2022,PHI Mini Market - Jakarta Pusat 01,Cahya Terang,W,Sayur-Sayuran,bawang merah 1 kg,DKI Jakarta,Jakarta Pusat,4258860
01-07-2022,PHI Mini Market - Jakarta Pusat 01,Cahya Terang,W,Sayur-Sayuran,bawang putih 1 kg,DKI Jakarta,Jakarta Pusat,1001610
01-07-2022,PHI Mini Market - Jakarta Pusat 01,Cahya Terang,W,Sayur-Sayuran,buncis 1 kg,DKI Jakarta,Jakarta Pusat,2132790
01-07-2022,PHI Mini Market - Jakarta Pusat 01,Cahya Terang,W,Sayur-Sayuran,kacang hijau 1 kg,DKI Jakarta,Jakarta Pusat,2325100
01-07-2022,PHI Mini Market - Jakarta Pusat 01,Cahya Terang,W,Sayur-Sayuran,kacang panjang 1 kg,DKI Jakarta,Jakarta Pusat,3172550
01-07-2022,PHI Mini Market - Jakarta Pusat 01,Cahya Terang,W,Sayur-Sayuran,kentang 1 kg,DKI Jakarta,Jakarta Pusat,2827780
01-07-2022,PHI Mini Market - Jakarta Pusat 01,Cahya Terang,W,Sayur-Sayuran,ketimun 1 kg,DKI Jakarta,Jakarta Pusat,1565850
01-07-2022,PHI Mini Market - Jakarta Pusat 01,Cahya Terang,W,Sayur-Sayuran,kobis 1 kg,DKI Jakarta,Jakarta Pusat,339170
01-07-2022,PHI Mini Market - Jakarta Pusat 01,Cahya Terang,W,Sayur-Sayuran,tomat 1 kg,DKI Jakarta,Jakarta Pusat,1715470
01-07-2022,PHI Mini Market - Jakarta Pusat 01,Cahya Terang,W,Sayur-Sayuran,ubi jalar 1 kg,DKI Jakarta,Jakarta Pusat,447160
01-07-2022,PHI Mini Market - Jakarta Pusat 01,Cahya Terang,W,Sayur-Sayuran,ubi kayu basah 1 kg,DKI Jakarta,Jakarta Pusat,300900
01-07-2022,PHI Mini Market - Jakarta Pusat 01,Cahya Terang,W,Sayur-Sayuran,wortel 1 kg,DKI Jakarta,Jakarta Pusat,1452390
01-07-2022,PHI Mini Market - Jakarta Pusat 01,Eko Rukun,P,Buah,alpukat 1 kg,DKI Jakarta,Jakarta Pusat,2089100
01-07-2022,PHI Mini Market - Jakarta Pusat 01,Eko Rukun,P,Buah,apel 1 kg,DKI Jakarta,Jakarta Pusat,20419670
01-07-2022,PHI Mini Market - Jakarta Pusat 01,Eko Rukun,P,Buah,belimbing 1 kg,DKI Jakarta,Jakarta Pusat,1063060
01-07-2022,PHI Mini Market - Jakarta Pusat 01,Eko Rukun,P,Buah,durian 1 kg,DKI Jakarta,Jakarta Pusat,6733480
01-07-2022,PHI Mini Market - Jakarta Pusat 01,Eko Rukun,P,Buah,jeruk 1 kg,DKI Jakarta,Jakarta Pusat,3799520
01-07-2022,PHI Mini Market - Jakarta Pusat 01,Eko Rukun,P,Buah,kelapa muda,DKI Jakarta,Jakarta Pusat,1523840
01-07-2022,PHI Mini Market - Jakarta Pusat 01,Eko Rukun,P,Buah,mangga 1 kg,DKI Jakarta,Jakarta Pusat,6865620
01-07-2022,PHI Mini Market - Jakarta Pusat 01,Eko Rukun,P,Makanan & Minuman,air mineral 600 ml,DKI Jakarta,Jakarta Pusat,221720
01-07-2022,PHI Mini Market - Jakarta Pusat 01,Eko Rukun,P,Makanan & Minuman,bumbu fried chicken,DKI Jakarta,Jakarta Pusat,7240510
01-07-2022,PHI Mini Market - Jakarta Pusat 01,Eko Rukun,P,Makanan & Minuman,jus kesehatan 600 ml,DKI Jakarta,Jakarta Pusat,4443250
01-07-2022,PHI Mini Market - Jakarta Pusat 01,Eko Rukun,P,Makanan & Minuman,kacang goreng 1 kg,DKI Jakarta,Jakarta Pusat,4902120
01-07-2022,PHI Mini Market - Jakarta Pusat 01,Eko Rukun,P,Makanan & Minuman,kacang mete 1 kg,DKI Jakarta,Jakarta Pusat,26263150
01-07-2022,PHI Mini Market - Jakarta Pusat 01,Eko Rukun,P,Makanan & Minuman,markisa 600 ml,DKI Jakarta,Jakarta Pusat,4492430
01-07-2022,PHI Mini Market - Jakarta Pusat 01,Eko Rukun,P,Makanan & Minuman,mie instant 1 kotak (40 bungkus),DKI Jakarta,Jakarta Pusat,23160010
01-07-2022,PHI Mini Market - Jakarta Pusat 01,Eko Rukun,P,Makanan & Minuman,minuman probiotik,DKI Jakarta,Jakarta Pusat,216680
01-07-2022,PHI Mini Market - Jakarta Pusat 01,Eko Rukun,P,Makanan & Minuman,nasi goreng instant (1 ons),DKI Jakarta,Jakarta Pusat,2258010
01-07-2022,PHI Mini Market - Jakarta Pusat 01,Eko Rukun,P,Makanan & Minuman,snack gurih 1 ons,DKI Jakarta,Jakarta Pusat,1494710
01-07-2022,PHI Mini Market - Jakarta Pusat 01,Eko Rukun,P,Makanan & Minuman,susu kotak (800 ml),DKI Jakarta,Jakarta Pusat,3969800
01-07-2022,PHI Mini Market - Jakarta Pusat 01,Eko Rukun,P,Makanan & Minuman,susu kotak 1 l,DKI Jakarta,Jakarta Pusat,2903740
01-07-2022,PHI Mini Market - Jakarta Pusat 01,Eko Rukun,P,Makanan & Minuman,telur ayam kampung 1 kg,DKI Jakarta,Jakarta Pusat,6658920
01-07-2022,PHI Mini Market - Jakarta Pusat 01,Eko Rukun,P,Makanan & Minuman,telur ayam ras 1 kg,DKI Jakarta,Jakarta Pusat,4972700
01-07-2022,PHI Mini Market - Jakarta Pusat 01,Eko Rukun,P,Sayur-Sayuran,bawang merah 1 kg,DKI Jakarta,Jakarta Pusat,3317280
01-07-2022,PHI Mini Market - Jakarta Pusat 01,Eko Rukun,P,Sayur-Sayuran,bawang putih 1 kg,DKI Jakarta,Jakarta Pusat,1152850
01-07-2022,PHI Mini Market - Jakarta Pusat 01,Eko Rukun,P,Sayur-Sayuran,buncis 1 kg,DKI Jakarta,Jakarta Pusat,2166370
01-07-2022,PHI Mini Market - Jakarta Pusat 01,Eko Rukun,P,Sayur-Sayuran,kacang hijau 1 kg,DKI Jakarta,Jakarta Pusat,2571320
01-07-2022,PHI Mini Market - Jakarta Pusat 01,Eko Rukun,P,Sayur-Sayuran,kacang panjang 1 kg,DKI Jakarta,Jakarta Pusat,2959040
01-07-2022,PHI Mini Market - Jakarta Pusat 01,Eko Rukun,P,Sayur-Sayuran,kentang 1 kg,DKI Jakarta,Jakarta Pusat,1650390
01-07-2022,PHI Mini Market - Jakarta Pusat 01,Eko Rukun,P,Sayur-Sayuran,ketimun 1 kg,DKI Jakarta,Jakarta Pusat,1158860
01-07-2022,PHI Mini Market - Jakarta Pusat 01,Eko Rukun,P,Sayur-Sayuran,kobis 1 kg,DKI Jakarta,Jakarta Pusat,316010
01-07-2022,PHI Mini Market - Jakarta Pusat 01,Eko Rukun,P,Sayur-Sayuran,tomat 1 kg,DKI Jakarta,Jakarta Pusat,1549960
01-07-2022,PHI Mini Market - Jakarta Pusat 01,Eko Rukun,P,Sayur-Sayuran,ubi jalar 1 kg,DKI Jakarta,Jakarta Pusat,369570
01-07-2022,PHI Mini Market - Jakarta Pusat 01,Eko Rukun,P,Sayur-Sayuran,ubi kayu basah 1 kg,DKI Jakarta,Jakarta Pusat,392820
01-07-2022,PHI Mini Market - Jakarta Pusat 01,Eko Rukun,P,Sayur-Sayuran,wortel 1 kg,DKI Jakarta,Jakarta Pusat,1004690
01-07-2022,PHI Mini Market - Jakarta Pusat 01,Eria Setiawan,W,Buah,alpukat 1 kg,DKI Jakarta,Jakarta Pusat,1564290
01-07-2022,PHI Mini Market - Jakarta Pusat 01,Eria Setiawan,W,Buah,apel 1 kg,DKI Jakarta,Jakarta Pusat,26323830
01-07-2022,PHI Mini Market - Jakarta Pusat 01,Eria Setiawan,W,Buah,belimbing 1 kg,DKI Jakarta,Jakarta Pusat,966890
01-07-2022,PHI Mini Market - Jakarta Pusat 01,Eria Setiawan,W,Buah,durian 1 kg,DKI Jakarta,Jakarta Pusat,5457050
01-07-2022,PHI Mini Market - Jakarta Pusat 01,Eria Setiawan,W,Buah,jeruk 1 kg,DKI Jakarta,Jakarta Pusat,4093400
01-07-2022,PHI Mini Market - Jakarta Pusat 01,Eria Setiawan,W,Buah,kelapa muda,DKI Jakarta,Jakarta Pusat,1031130
01-07-2022,PHI Mini Market - Jakarta Pusat 01,Eria Setiawan,W,Buah,mangga 1 kg,DKI Jakarta,Jakarta Pusat,5519830
01-07-2022,PHI Mini Market - Jakarta Pusat 01,Eria Setiawan,W,Makanan & Minuman,air mineral 600 ml,DKI Jakarta,Jakarta Pusat,434600
01-07-2022,PHI Mini Market - Jakarta Pusat 01,Eria Setiawan,W,Makanan & Minuman,bumbu fried chicken,DKI Jakarta,Jakarta Pusat,4714020
01-07-2022,PHI Mini Market - Jakarta Pusat 01,Eria Setiawan,W,Makanan & Minuman,jus kesehatan 600 ml,DKI Jakarta,Jakarta Pusat,4134320
01-07-2022,PHI Mini Market - Jakarta Pusat 01,Eria Setiawan,W,Makanan & Minuman,kacang goreng 1 kg,DKI Jakarta,Jakarta Pusat,3403680
01-07-2022,PHI Mini Market - Jakarta Pusat 01,Eria Setiawan,W,Makanan & Minuman,kacang mete 1 kg,DKI Jakarta,Jakarta Pusat,24557220
01-07-2022,PHI Mini Market - Jakarta Pusat 01,Eria Setiawan,W,Makanan & Minuman,markisa 600 ml,DKI Jakarta,Jakarta Pusat,4524130
01-07-2022,PHI Mini Market - Jakarta Pusat 01,Eria Setiawan,W,Makanan & Minuman,mie instant 1 kotak (40 bungkus),DKI Jakarta,Jakarta Pusat,35025850
01-07-2022,PHI Mini Market - Jakarta Pusat 01,Eria Setiawan,W,Makanan & Minuman,minuman probiotik,DKI Jakarta,Jakarta Pusat,194700
01-07-2022,PHI Mini Market - Jakarta Pusat 01,Eria Setiawan,W,Makanan & Minuman,nasi goreng instant (1 ons),DKI Jakarta,Jakarta Pusat,1358140
01-07-2022,PHI Mini Market - Jakarta Pusat 01,Eria Setiawan,W,Makanan & Minuman,snack gurih 1 ons,DKI Jakarta,Jakarta Pusat,1942620
01-07-2022,PHI Mini Market - Jakarta Pusat 01,Eria Setiawan,W,Makanan & Minuman,susu kotak (800 ml),DKI Jakarta,Jakarta Pusat,3242190
01-07-2022,PHI Mini Market - Jakarta Pusat 01,Eria Setiawan,W,Makanan & Minuman,susu kotak 1 l,DKI Jakarta,Jakarta Pusat,4363910
01-07-2022,PHI Mini Market - Jakarta Pusat 01,Eria Setiawan,W,Makanan & Minuman,telur ayam kampung 1 kg,DKI Jakarta,Jakarta Pusat,5362700
01-07-2022,PHI Mini Market - Jakarta Pusat 01,Eria Setiawan,W,Makanan & Minuman,telur ayam ras 1 kg,DKI Jakarta,Jakarta Pusat,5244960
01-07-2022,PHI Mini Market - Jakarta Pusat 01,Eria Setiawan,W,Sayur-Sayuran,bawang merah 1 kg,DKI Jakarta,Jakarta Pusat,3685230
01-07-2022,PHI Mini Market - Jakarta Pusat 01,Eria Setiawan,W,Sayur-Sayuran,bawang putih 1 kg,DKI Jakarta,Jakarta Pusat,1117310
01-07-2022,PHI Mini Market - Jakarta Pusat 01,Eria Setiawan,W,Sayur-Sayuran,buncis 1 kg,DKI Jakarta,Jakarta Pusat,1730750
01-07-2022,PHI Mini Market - Jakarta Pusat 01,Eria Setiawan,W,Sayur-Sayuran,kacang hijau 1 kg,DKI Jakarta,Jakarta Pusat,2048830
01-07-2022,PHI Mini Market - Jakarta Pusat 01,Eria Setiawan,W,Sayur-Sayuran,kacang panjang 1 kg,DKI Jakarta,Jakarta Pusat,3057330
01-07-2022,PHI Mini Market - Jakarta Pusat 01,Eria Setiawan,W,Sayur-Sayuran,kentang 1 kg,DKI Jakarta,Jakarta Pusat,3244330
01-07-2022,PHI Mini Market - Jakarta Pusat 01,Eria Setiawan,W,Sayur-Sayuran,ketimun 1 kg,DKI Jakarta,Jakarta Pusat,1403820
01-07-2022,PHI Mini Market - Jakarta Pusat 01,Eria Setiawan,W,Sayur-Sayuran,kobis 1 kg,DKI Jakarta,Jakarta Pusat,259670
01-07-2022,PHI Mini Market - Jakarta Pusat 01,Eria Setiawan,W,Sayur-Sayuran,tomat 1 kg,DKI Jakarta,Jakarta Pusat,1223850
01-07-2022,PHI Mini Market - Jakarta Pusat 01,Eria Setiawan,W,Sayur-Sayuran,ubi jalar 1 kg,DKI Jakarta,Jakarta Pusat,351430
01-07-2022,PHI Mini Market - Jakarta Pusat 01,Eria Setiawan,W,Sayur-Sayuran,ubi kayu basah 1 kg,DKI Jakarta,Jakarta Pusat,309330
01-07-2022,PHI Mini Market - Jakarta Pusat 01,Eria Setiawan,W,Sayur-Sayuran,wortel 1 kg,DKI Jakarta,Jakarta Pusat,1059890
01-07-2022,PHI Mini Market - Jakarta Pusat 01,Erman Margo,P,Buah,alpukat 1 kg,DKI Jakarta,Jakarta Pusat,2446940
01-07-2022,PHI Mini Market - Jakarta Pusat 01,Erman Margo,P,Buah,apel 1 kg,DKI Jakarta,Jakarta Pusat,20677890
01-07-2022,PHI Mini Market - Jakarta Pusat 01,Erman Margo,P,Buah,belimbing 1 kg,DKI Jakarta,Jakarta Pusat,1692810
01-07-2022,PHI Mini Market - Jakarta Pusat 01,Erman Margo,P,Buah,durian 1 kg,DKI Jakarta,Jakarta Pusat,6747110
01-07-2022,PHI Mini Market - Jakarta Pusat 01,Erman Margo,P,Buah,jeruk 1 kg,DKI Jakarta,Jakarta Pusat,3056230
01-07-2022,PHI Mini Market - Jakarta Pusat 01,Erman Margo,P,Buah,kelapa muda,DKI Jakarta,Jakarta Pusat,1781500
01-07-2022,PHI Mini Market - Jakarta Pusat 01,Erman Margo,P,Buah,mangga 1 kg,DKI Jakarta,Jakarta Pusat,5533390
01-07-2022,PHI Mini Market - Jakarta Pusat 01,Erman Margo,P,Makanan & Minuman,air mineral 600 ml,DKI Jakarta,Jakarta Pusat,394510
01-07-2022,PHI Mini Market - Jakarta Pusat 01,Erman Margo,P,Makanan & Minuman,bumbu fried chicken,DKI Jakarta,Jakarta Pusat,4982490
01-07-2022,PHI Mini Market - Jakarta Pusat 01,Erman Margo,P,Makanan & Minuman,jus kesehatan 600 ml,DKI Jakarta,Jakarta Pusat,3223260
01-07-2022,PHI Mini Market - Jakarta Pusat 01,Erman Margo,P,Makanan & Minuman,kacang goreng 1 kg,DKI Jakarta,Jakarta Pusat,4936050
01-07-2022,PHI Mini Market - Jakarta Pusat 01,Erman Margo,P,Makanan & Minuman,kacang mete 1 kg,DKI Jakarta,Jakarta Pusat,19985230
01-07-2022,PHI Mini Market - Jakarta Pusat 01,Erman Margo,P,Makanan & Minuman,markisa 600 ml,DKI Jakarta,Jakarta Pusat,3503020
01-07-2022,PHI Mini Market - Jakarta Pusat 01,Erman Margo,P,Makanan & Minuman,mie instant 1 kotak (40 bungkus),DKI Jakarta,Jakarta Pusat,30894360
01-07-2022,PHI Mini Market - Jakarta Pusat 01,Erman Margo,P,Makanan & Minuman,minuman probiotik,DKI Jakarta,Jakarta Pusat,393410
01-07-2022,PHI Mini Market - Jakarta Pusat 01,Erman Margo,P,Makanan & Minuman,nasi goreng instant (1 ons),DKI Jakarta,Jakarta Pusat,2348600
01-07-2022,PHI Mini Market - Jakarta Pusat 01,Erman Margo,P,Makanan & Minuman,snack gurih 1 ons,DKI Jakarta,Jakarta Pusat,1822180
01-07-2022,PHI Mini Market - Jakarta Pusat 01,Erman Margo,P,Makanan & Minuman,susu kotak (800 ml),DKI Jakarta,Jakarta Pusat,3425040
01-07-2022,PHI Mini Market - Jakarta Pusat 01,Erman Margo,P,Makanan & Minuman,susu kotak 1 l,DKI Jakarta,Jakarta Pusat,3737430
01-07-2022,PHI Mini Market - Jakarta Pusat 01,Erman Margo,P,Makanan & Minuman,telur ayam kampung 1 kg,DKI Jakarta,Jakarta Pusat,5907430
01-07-2022,PHI Mini Market - Jakarta Pusat 01,Erman Margo,P,Makanan & Minuman,telur ayam ras 1 kg,DKI Jakarta,Jakarta Pusat,3686390
01-07-2022,PHI Mini Market - Jakarta Pusat 01,Erman Margo,P,Sayur-Sayuran,bawang merah 1 kg,DKI Jakarta,Jakarta Pusat,3842390
01-07-2022,PHI Mini Market - Jakarta Pusat 01,Erman Margo,P,Sayur-Sayuran,bawang putih 1 kg,DKI Jakarta,Jakarta Pusat,865460
01-07-2022,PHI Mini Market - Jakarta Pusat 01,Erman Margo,P,Sayur-Sayuran,buncis 1 kg,DKI Jakarta,Jakarta Pusat,1601940
01-07-2022,PHI Mini Market - Jakarta Pusat 01,Erman Margo,P,Sayur-Sayuran,kacang hijau 1 kg,DKI Jakarta,Jakarta Pusat,2885410
01-07-2022,PHI Mini Market - Jakarta Pusat 01,Erman Margo,P,Sayur-Sayuran,kacang panjang 1 kg,DKI Jakarta,Jakarta Pusat,2931980
01-07-2022,PHI Mini Market - Jakarta Pusat 01,Erman Margo,P,Sayur-Sayuran,kentang 1 kg,DKI Jakarta,Jakarta Pusat,2215790
01-07-2022,PHI Mini Market - Jakarta Pusat 01,Erman Margo,P,Sayur-Sayuran,ketimun 1 kg,DKI Jakarta,Jakarta Pusat,1430900
01-07-2022,PHI Mini Market - Jakarta Pusat 01,Erman Margo,P,Sayur-Sayuran,kobis 1 kg,DKI Jakarta,Jakarta Pusat,451660
01-07-2022,PHI Mini Market - Jakarta Pusat 01,Erman Margo,P,Sayur-Sayuran,tomat 1 kg,DKI Jakarta,Jakarta Pusat,1415720
01-07-2022,PHI Mini Market - Jakarta Pusat 01,Erman Margo,P,Sayur-Sayuran,ubi jalar 1 kg,DKI Jakarta,Jakarta Pusat,308540
01-07-2022,PHI Mini Market - Jakarta Pusat 01,Erman Margo,P,Sayur-Sayuran,ubi kayu basah 1 kg,DKI Jakarta,Jakarta Pusat,285530
01-07-2022,PHI Mini Market - Jakarta Pusat 01,Erman Margo,P,Sayur-Sayuran,wortel 1 kg,DKI Jakarta,Jakarta Pusat,1001460
01-07-2022,PHI Mini Market - Jakarta Pusat 01,Harum Maven,W,Buah,alpukat 1 kg,DKI Jakarta,Jakarta Pusat,1685980
01-07-2022,PHI Mini Market - Jakarta Pusat 01,Harum Maven,W,Buah,apel 1 kg,DKI Jakarta,Jakarta Pusat,10575940
01-07-2022,PHI Mini Market - Jakarta Pusat 01,Harum Maven,W,Buah,belimbing 1 kg,DKI Jakarta,Jakarta Pusat,1855910
01-07-2022,PHI Mini Market - Jakarta Pusat 01,Harum Maven,W,Buah,durian 1 kg,DKI Jakarta,Jakarta Pusat,7824530
01-07-2022,PHI Mini Market - Jakarta Pusat 01,Harum Maven,W,Buah,jeruk 1 kg,DKI Jakarta,Jakarta Pusat,3722560
01-07-2022,PHI Mini Market - Jakarta Pusat 01,Harum Maven,W,Buah,kelapa muda,DKI Jakarta,Jakarta Pusat,2030140
01-07-2022,PHI Mini Market - Jakarta Pusat 01,Harum Maven,W,Buah,mangga 1 kg,DKI Jakarta,Jakarta Pusat,3362380
01-07-2022,PHI Mini Market - Jakarta Pusat 01,Harum Maven,W,Makanan & Minuman,air mineral 600 ml,DKI Jakarta,Jakarta Pusat,392750
01-07-2022,PHI Mini Market - Jakarta Pusat 01,Harum Maven,W,Makanan & Minuman,bumbu fried chicken,DKI Jakarta,Jakarta Pusat,3712200
01-07-2022,PHI Mini Market - Jakarta Pusat 01,Harum Maven,W,Makanan & Minuman,jus kesehatan 600 ml,DKI Jakarta,Jakarta Pusat,2691200
01-07-2022,PHI Mini Market - Jakarta Pusat 01,Harum Maven,W,Makanan & Minuman,kacang goreng 1 kg,DKI Jakarta,Jakarta Pusat,3495020
01-07-2022,PHI Mini Market - Jakarta Pusat 01,Harum Maven,W,Makanan & Minuman,kacang mete 1 kg,DKI Jakarta,Jakarta Pusat,21327710
01-07-2022,PHI Mini Market - Jakarta Pusat 01,Harum Maven,W,Makanan & Minuman,markisa 600 ml,DKI Jakarta,Jakarta Pusat,5627140
01-07-2022,PHI Mini Market - Jakarta Pusat 01,Harum Maven,W,Makanan & Minuman,mie instant 1 kotak (40 bungkus),DKI Jakarta,Jakarta Pusat,30373480
01-07-2022,PHI Mini Market - Jakarta Pusat 01,Harum Maven,W,Makanan & Minuman,minuman probiotik,DKI Jakarta,Jakarta Pusat,216990
01-07-2022,PHI Mini Market - Jakarta Pusat 01,Harum Maven,W,Makanan & Minuman,nasi goreng instant (1 ons),DKI Jakarta,Jakarta Pusat,1802190
01-07-2022,PHI Mini Market - Jakarta Pusat 01,Harum Maven,W,Makanan & Minuman,snack gurih 1 ons,DKI Jakarta,Jakarta Pusat,2071920
01-07-2022,PHI Mini Market - Jakarta Pusat 01,Harum Maven,W,Makanan & Minuman,susu kotak (800 ml),DKI Jakarta,Jakarta Pusat,4687120
01-07-2022,PHI Mini Market - Jakarta Pusat 01,Harum Maven,W,Makanan & Minuman,susu kotak 1 l,DKI Jakarta,Jakarta Pusat,2756860
01-07-2022,PHI Mini Market - Jakarta Pusat 01,Harum Maven,W,Makanan & Minuman,telur ayam kampung 1 kg,DKI Jakarta,Jakarta Pusat,5518530
01-07-2022,PHI Mini Market - Jakarta Pusat 01,Harum Maven,W,Makanan & Minuman,telur ayam ras 1 kg,DKI Jakarta,Jakarta Pusat,2966420
01-07-2022,PHI Mini Market - Jakarta Pusat 01,Harum Maven,W,Sayur-Sayuran,bawang merah 1 kg,DKI Jakarta,Jakarta Pusat,2720310
01-07-2022,PHI Mini Market - Jakarta Pusat 01,Harum Maven,W,Sayur-Sayuran,bawang putih 1 kg,DKI Jakarta,Jakarta Pusat,1462150
01-07-2022,PHI Mini Market - Jakarta Pusat 01,Harum Maven,W,Sayur-Sayuran,buncis 1 kg,DKI Jakarta,Jakarta Pusat,1673790
01-07-2022,PHI Mini Market - Jakarta Pusat 01,Harum Maven,W,Sayur-Sayuran,kacang hijau 1 kg,DKI Jakarta,Jakarta Pusat,2907210
01-07-2022,PHI Mini Market - Jakarta Pusat 01,Harum Maven,W,Sayur-Sayuran,kacang panjang 1 kg,DKI Jakarta,Jakarta Pusat,2166010
01-07-2022,PHI Mini Market - Jakarta Pusat 01,Harum Maven,W,Sayur-Sayuran,kentang 1 kg,DKI Jakarta,Jakarta Pusat,3362220
01-07-2022,PHI Mini Market - Jakarta Pusat 01,Harum Maven,W,Sayur-Sayuran,ketimun 1 kg,DKI Jakarta,Jakarta Pusat,1551360
01-07-2022,PHI Mini Market - Jakarta Pusat 01,Harum Maven,W,Sayur-Sayuran,kobis 1 kg,DKI Jakarta,Jakarta Pusat,248380
01-07-2022,PHI Mini Market - Jakarta Pusat 01,Harum Maven,W,Sayur-Sayuran,tomat 1 kg,DKI Jakarta,Jakarta Pusat,1282540
01-07-2022,PHI Mini Market - Jakarta Pusat 01,Harum Maven,W,Sayur-Sayuran,ubi jalar 1 kg,DKI Jakarta,Jakarta Pusat,426570
01-07-2022,PHI Mini Market - Jakarta Pusat 01,Harum Maven,W,Sayur-Sayuran,ubi kayu basah 1 kg,DKI Jakarta,Jakarta Pusat,457060
01-07-2022,PHI Mini Market - Jakarta Pusat 01,Harum Maven,W,Sayur-Sayuran,wortel 1 kg,DKI Jakarta,Jakarta Pusat,1163980
01-07-2022,PHI Mini Market - Jakarta Pusat 01,Kristina Damai,W,Buah,alpukat 1 kg,DKI Jakarta,Jakarta Pusat,2290790
01-07-2022,PHI Mini Market - Jakarta Pusat 01,Kristina Damai,W,Buah,apel 1 kg,DKI Jakarta,Jakarta Pusat,15615990
01-07-2022,PHI Mini Market - Jakarta Pusat 01,Kristina Damai,W,Buah,belimbing 1 kg,DKI Jakarta,Jakarta Pusat,1595930
01-07-2022,PHI Mini Market - Jakarta Pusat 01,Kristina Damai,W,Buah,durian 1 kg,DKI Jakarta,Jakarta Pusat,7844920
01-07-2022,PHI Mini Market - Jakarta Pusat 01,Kristina Damai,W,Buah,jeruk 1 kg,DKI Jakarta,Jakarta Pusat,2072160
01-07-2022,PHI Mini Market - Jakarta Pusat 01,Kristina Damai,W,Buah,kelapa muda,DKI Jakarta,Jakarta Pusat,1257230
01-07-2022,PHI Mini Market - Jakarta Pusat 01,Kristina Damai,W,Buah,mangga 1 kg,DKI Jakarta,Jakarta Pusat,4232890
01-07-2022,PHI Mini Market - Jakarta Pusat 01,Kristina Damai,W,Makanan & Minuman,air mineral 600 ml,DKI Jakarta,Jakarta Pusat,531960
01-07-2022,PHI Mini Market - Jakarta Pusat 01,Kristina Damai,W,Makanan & Minuman,bumbu fried chicken,DKI Jakarta,Jakarta Pusat,3301020
01-07-2022,PHI Mini Market - Jakarta Pusat 01,Kristina Damai,W,Makanan & Minuman,jus kesehatan 600 ml,DKI Jakarta,Jakarta Pusat,3031440
01-07-2022,PHI Mini Market - Jakarta Pusat 01,Kristina Damai,W,Makanan & Minuman,kacang goreng 1 kg,DKI Jakarta,Jakarta Pusat,3857030
01-07-2022,PHI Mini Market - Jakarta Pusat 01,Kristina Damai,W,Makanan & Minuman,kacang mete 1 kg,DKI Jakarta,Jakarta Pusat,22842980
01-07-2022,PHI Mini Market - Jakarta Pusat 01,Kristina Damai,W,Makanan & Minuman,markisa 600 ml,DKI Jakarta,Jakarta Pusat,5615880
01-07-2022,PHI Mini Market - Jakarta Pusat 01,Kristina Damai,W,Makanan & Minuman,mie instant 1 kotak (40 bungkus),DKI Jakarta,Jakarta Pusat,44444200
01-07-2022,PHI Mini Market - Jakarta Pusat 01,Kristina Damai,W,Makanan & Minuman,minuman probiotik,DKI Jakarta,Jakarta Pusat,300900
01-07-2022,PHI Mini Market - Jakarta Pusat 01,Kristina Damai,W,Makanan & Minuman,nasi goreng instant (1 ons),DKI Jakarta,Jakarta Pusat,2597220
01-07-2022,PHI Mini Market - Jakarta Pusat 01,Kristina Damai,W,Makanan & Minuman,snack gurih 1 ons,DKI Jakarta,Jakarta Pusat,2177190
01-07-2022,PHI Mini Market - Jakarta Pusat 01,Kristina Damai,W,Makanan & Minuman,susu kotak (800 ml),DKI Jakarta,Jakarta Pusat,5421560
01-07-2022,PHI Mini Market - Jakarta Pusat 01,Kristina Damai,W,Makanan & Minuman,susu kotak 1 l,DKI Jakarta,Jakarta Pusat,1919100
01-07-2022,PHI Mini Market - Jakarta Pusat 01,Kristina Damai,W,Makanan & Minuman,telur ayam kampung 1 kg,DKI Jakarta,Jakarta Pusat,4871770
01-07-2022,PHI Mini Market - Jakarta Pusat 01,Kristina Damai,W,Makanan & Minuman,telur ayam ras 1 kg,DKI Jakarta,Jakarta Pusat,5007160
01-07-2022,PHI Mini Market - Jakarta Pusat 01,Kristina Damai,W,Sayur-Sayuran,bawang merah 1 kg,DKI Jakarta,Jakarta Pusat,2329330
01-07-2022,PHI Mini Market - Jakarta Pusat 01,Kristina Damai,W,Sayur-Sayuran,bawang putih 1 kg,DKI Jakarta,Jakarta Pusat,1500540
01-07-2022,PHI Mini Market - Jakarta Pusat 01,Kristina Damai,W,Sayur-Sayuran,buncis 1 kg,DKI Jakarta,Jakarta Pusat,2276470
01-07-2022,PHI Mini Market - Jakarta Pusat 01,Kristina Damai,W,Sayur-Sayuran,kacang hijau 1 kg,DKI Jakarta,Jakarta Pusat,1963210
01-07-2022,PHI Mini Market - Jakarta Pusat 01,Kristina Damai,W,Sayur-Sayuran,kacang panjang 1 kg,DKI Jakarta,Jakarta Pusat,2902080
01-07-2022,PHI Mini Market - Jakarta Pusat 01,Kristina Damai,W,Sayur-Sayuran,kentang 1 kg,DKI Jakarta,Jakarta Pusat,2501420
01-07-2022,PHI Mini Market - Jakarta Pusat 01,Kristina Damai,W,Sayur-Sayuran,ketimun 1 kg,DKI Jakarta,Jakarta Pusat,1681130
01-07-2022,PHI Mini Market - Jakarta Pusat 01,Kristina Damai,W,Sayur-Sayuran,kobis 1 kg,DKI Jakarta,Jakarta Pusat,313650
01-07-2022,PHI Mini Market - Jakarta Pusat 01,Kristina Damai,W,Sayur-Sayuran,tomat 1 kg,DKI Jakarta,Jakarta Pusat,1302410
01-07-2022,PHI Mini Market - Jakarta Pusat 01,Kristina Damai,W,Sayur-Sayuran,ubi jalar 1 kg,DKI Jakarta,Jakarta Pusat,397480
01-07-2022,PHI Mini Market - Jakarta Pusat 01,Kristina Damai,W,Sayur-Sayuran,ubi kayu basah 1 kg,DKI Jakarta,Jakarta Pusat,339970
01-07-2022,PHI Mini Market - Jakarta Pusat 01,Kristina Damai,W,Sayur-Sayuran,wortel 1 kg,DKI Jakarta,Jakarta Pusat,1347660
01-07-2022,PHI Mini Market - Jakarta Pusat 01,Kusuma Dominik,P,Buah,alpukat 1 kg,DKI Jakarta,Jakarta Pusat,2394780
01-07-2022,PHI Mini Market - Jakarta Pusat 01,Kusuma Dominik,P,Buah,apel 1 kg,DKI Jakarta,Jakarta Pusat,15104830
01-07-2022,PHI Mini Market - Jakarta Pusat 01,Kusuma Dominik,P,Buah,belimbing 1 kg,DKI Jakarta,Jakarta Pusat,1095230
01-07-2022,PHI Mini Market - Jakarta Pusat 01,Kusuma Dominik,P,Buah,durian 1 kg,DKI Jakarta,Jakarta Pusat,6884860
01-07-2022,PHI Mini Market - Jakarta Pusat 01,Kusuma Dominik,P,Buah,jeruk 1 kg,DKI Jakarta,Jakarta Pusat,3434270
01-07-2022,PHI Mini Market - Jakarta Pusat 01,Kusuma Dominik,P,Buah,kelapa muda,DKI Jakarta,Jakarta Pusat,1790000
01-07-2022,PHI Mini Market - Jakarta Pusat 01,Kusuma Dominik,P,Makanan & Minuman,air mineral 600 ml,DKI Jakarta,Jakarta Pusat,595590
01-07-2022,PHI Mini Market - Jakarta Pusat 01,Kusuma Dominik,P,Makanan & Minuman,bumbu fried chicken,DKI Jakarta,Jakarta Pusat,4516590
01-07-2022,PHI Mini Market - Jakarta Pusat 01,Kusuma Dominik,P,Makanan & Minuman,jus kesehatan 600 ml,DKI Jakarta,Jakarta Pusat,3448300
01-07-2022,PHI Mini Market - Jakarta Pusat 01,Kusuma Dominik,P,Makanan & Minuman,kacang goreng 1 kg,DKI Jakarta,Jakarta Pusat,4026180
01-07-2022,PHI Mini Market - Jakarta Pusat 01,Kusuma Dominik,P,Makanan & Minuman,kacang mete 1 kg,DKI Jakarta,Jakarta Pusat,22900720
01-07-2022,PHI Mini Market - Jakarta Pusat 01,Kusuma Dominik,P,Makanan & Minuman,markisa 600 ml,DKI Jakarta,Jakarta Pusat,2900190
01-07-2022,PHI Mini Market - Jakarta Pusat 01,Kusuma Dominik,P,Makanan & Minuman,mie instant 1 kotak (40 bungkus),DKI Jakarta,Jakarta Pusat,31509910
01-07-2022,PHI Mini Market - Jakarta Pusat 01,Kusuma Dominik,P,Makanan & Minuman,minuman probiotik,DKI Jakarta,Jakarta Pusat,418630
01-07-2022,PHI Mini Market - Jakarta Pusat 01,Kusuma Dominik,P,Makanan & Minuman,nasi goreng instant (1 ons),DKI Jakarta,Jakarta Pusat,2089370
01-07-2022,PHI Mini Market - Jakarta Pusat 01,Kusuma Dominik,P,Makanan & Minuman,snack gurih 1 ons,DKI Jakarta,Jakarta Pusat,1189200
01-07-2022,PHI Mini Market - Jakarta Pusat 01,Kusuma Dominik,P,Makanan & Minuman,susu kotak (800 ml),DKI Jakarta,Jakarta Pusat,3774450
01-07-2022,PHI Mini Market - Jakarta Pusat 01,Kusuma Dominik,P,Makanan & Minuman,susu kotak 1 l,DKI Jakarta,Jakarta Pusat,2408700
01-07-2022,PHI Mini Market - Jakarta Pusat 01,Kusuma Dominik,P,Makanan & Minuman,telur ayam kampung 1 kg,DKI Jakarta,Jakarta Pusat,5665750
01-07-2022,PHI Mini Market - Jakarta Pusat 01,Kusuma Dominik,P,Makanan & Minuman,telur ayam ras 1 kg,DKI Jakarta,Jakarta Pusat,4485990
01-07-2022,PHI Mini Market - Jakarta Pusat 01,Kusuma Dominik,P,Sayur-Sayuran,bawang merah 1 kg,DKI Jakarta,Jakarta Pusat,2195640
01-07-2022,PHI Mini Market - Jakarta Pusat 01,Kusuma Dominik,P,Sayur-Sayuran,bawang putih 1 kg,DKI Jakarta,Jakarta Pusat,1657370
01-07-2022,PHI Mini Market - Jakarta Pusat 01,Kusuma Dominik,P,Sayur-Sayuran,buncis 1 kg,DKI Jakarta,Jakarta Pusat,1328370
01-07-2022,PHI Mini Market - Jakarta Pusat 01,Kusuma Dominik,P,Sayur-Sayuran,kacang hijau 1 kg,DKI Jakarta,Jakarta Pusat,2330020
01-07-2022,PHI Mini Market - Jakarta Pusat 01,Kusuma Dominik,P,Sayur-Sayuran,kacang panjang 1 kg,DKI Jakarta,Jakarta Pusat,2509330
01-07-2022,PHI Mini Market - Jakarta Pusat 01,Kusuma Dominik,P,Sayur-Sayuran,kentang 1 kg,DKI Jakarta,Jakarta Pusat,2086720
01-07-2022,PHI Mini Market - Jakarta Pusat 01,Kusuma Dominik,P,Sayur-Sayuran,ketimun 1 kg,DKI Jakarta,Jakarta Pusat,1273120
01-07-2022,PHI Mini Market - Jakarta Pusat 01,Kusuma Dominik,P,Sayur-Sayuran,kobis 1 kg,DKI Jakarta,Jakarta Pusat,261560
01-07-2022,PHI Mini Market - Jakarta Pusat 01,Kusuma Dominik,P,Sayur-Sayuran,tomat 1 kg,DKI Jakarta,Jakarta Pusat,1206490
01-07-2022,PHI Mini Market - Jakarta Pusat 01,Kusuma Dominik,P,Sayur-Sayuran,ubi jalar 1 kg,DKI Jakarta,Jakarta Pusat,447650
01-07-2022,PHI Mini Market - Jakarta Pusat 01,Kusuma Dominik,P,Sayur-Sayuran,ubi kayu basah 1 kg,DKI Jakarta,Jakarta Pusat,329020
01-07-2022,PHI Mini Market - Jakarta Pusat 01,Kusuma Dominik,P,Sayur-Sayuran,wortel 1 kg,DKI Jakarta,Jakarta Pusat,1167580
01-07-2022,PHI Mini Market - Jakarta Pusat 01,Sentosa Indrawan,P,Buah,alpukat 1 kg,DKI Jakarta,Jakarta Pusat,1830610
01-07-2022,PHI Mini Market - Jakarta Pusat 01,Sentosa Indrawan,P,Buah,apel 1 kg,DKI Jakarta,Jakarta Pusat,19233680
01-07-2022,PHI Mini Market - Jakarta Pusat 01,Sentosa Indrawan,P,Buah,belimbing 1 kg,DKI Jakarta,Jakarta Pusat,1090530
01-07-2022,PHI Mini Market - Jakarta Pusat 01,Sentosa Indrawan,P,Buah,durian 1 kg,DKI Jakarta,Jakarta Pusat,5778880
01-07-2022,PHI Mini Market - Jakarta Pusat 01,Sentosa Indrawan,P,Buah,jeruk 1 kg,DKI Jakarta,Jakarta Pusat,5264490
01-07-2022,PHI Mini Market - Jakarta Pusat 01,Sentosa Indrawan,P,Buah,kelapa muda,DKI Jakarta,Jakarta Pusat,1510330
01-07-2022,PHI Mini Market - Jakarta Pusat 01,Sentosa Indrawan,P,Makanan & Minuman,air mineral 600 ml,DKI Jakarta,Jakarta Pusat,381060
01-07-2022,PHI Mini Market - Jakarta Pusat 01,Sentosa Indrawan,P,Makanan & Minuman,bumbu fried chicken,DKI Jakarta,Jakarta Pusat,5633420
01-07-2022,PHI Mini Market - Jakarta Pusat 01,Sentosa Indrawan,P,Makanan & Minuman,jus kesehatan 600 ml,DKI Jakarta,Jakarta Pusat,3138300
01-07-2022,PHI Mini Market - Jakarta Pusat 01,Sentosa Indrawan,P,Makanan & Minuman,kacang goreng 1 kg,DKI Jakarta,Jakarta Pusat,3251230
01-07-2022,PHI Mini Market - Jakarta Pusat 01,Sentosa Indrawan,P,Makanan & Minuman,kacang mete 1 kg,DKI Jakarta,Jakarta Pusat,17298790
01-07-2022,PHI Mini Market - Jakarta Pusat 01,Sentosa Indrawan,P,Makanan & Minuman,markisa 600 ml,DKI Jakarta,Jakarta Pusat,3301290
01-07-2022,PHI Mini Market - Jakarta Pusat 01,Sentosa Indrawan,P,Makanan & Minuman,mie instant 1 kotak (40 bungkus),DKI Jakarta,Jakarta Pusat,37162130
01-07-2022,PHI Mini Market - Jakarta Pusat 01,Sentosa Indrawan,P,Makanan & Minuman,minuman probiotik,DKI Jakarta,Jakarta Pusat,322150
01-07-2022,PHI Mini Market - Jakarta Pusat 01,Sentosa Indrawan,P,Makanan & Minuman,nasi goreng instant (1 ons),DKI Jakarta,Jakarta Pusat,2482780
01-07-2022,PHI Mini Market - Jakarta Pusat 01,Sentosa Indrawan,P,Makanan & Minuman,snack gurih 1 ons,DKI Jakarta,Jakarta Pusat,1753730
01-07-2022,PHI Mini Market - Jakarta Pusat 01,Sentosa Indrawan,P,Makanan & Minuman,susu kotak (800 ml),DKI Jakarta,Jakarta Pusat,3768420
01-07-2022,PHI Mini Market - Jakarta Pusat 01,Sentosa Indrawan,P,Makanan & Minuman,susu kotak 1 l,DKI Jakarta,Jakarta Pusat,2849400
01-07-2022,PHI Mini Market - Jakarta Pusat 01,Sentosa Indrawan,P,Makanan & Minuman,telur ayam kampung 1 kg,DKI Jakarta,Jakarta Pusat,7390600
01-07-2022,PHI Mini Market - Jakarta Pusat 01,Sentosa Indrawan,P,Makanan & Minuman,telur ayam ras 1 kg,DKI Jakarta,Jakarta Pusat,3263370
01-07-2022,PHI Mini Market - Jakarta Pusat 01,Sentosa Indrawan,P,Sayur-Sayuran,bawang merah 1 kg,DKI Jakarta,Jakarta Pusat,3772100
01-07-2022,PHI Mini Market - Jakarta Pusat 01,Sentosa Indrawan,P,Sayur-Sayuran,bawang putih 1 kg,DKI Jakarta,Jakarta Pusat,1262480
01-07-2022,PHI Mini Market - Jakarta Pusat 01,Sentosa Indrawan,P,Sayur-Sayuran,buncis 1 kg,DKI Jakarta,Jakarta Pusat,2270070
01-07-2022,PHI Mini Market - Jakarta Pusat 01,Sentosa Indrawan,P,Sayur-Sayuran,kacang hijau 1 kg,DKI Jakarta,Jakarta Pusat,2486490
01-07-2022,PHI Mini Market - Jakarta Pusat 01,Sentosa Indrawan,P,Sayur-Sayuran,kacang panjang 1 kg,DKI Jakarta,Jakarta Pusat,2700470
01-07-2022,PHI Mini Market - Jakarta Pusat 01,Sentosa Indrawan,P,Sayur-Sayuran,kentang 1 kg,DKI Jakarta,Jakarta Pusat,2090320
01-07-2022,PHI Mini Market - Jakarta Pusat 01,Sentosa Indrawan,P,Sayur-Sayuran,ketimun 1 kg,DKI Jakarta,Jakarta Pusat,2352630
01-07-2022,PHI Mini Market - Jakarta Pusat 01,Sentosa Indrawan,P,Sayur-Sayuran,kobis 1 kg,DKI Jakarta,Jakarta Pusat,412200
01-07-2022,PHI Mini Market - Jakarta Pusat 01,Sentosa Indrawan,P,Sayur-Sayuran,tomat 1 kg,DKI Jakarta,Jakarta Pusat,1096140
01-07-2022,PHI Mini Market - Jakarta Pusat 01,Sentosa Indrawan,P,Sayur-Sayuran,ubi jalar 1 kg,DKI Jakarta,Jakarta Pusat,294770
01-07-2022,PHI Mini Market - Jakarta Pusat 01,Sentosa Indrawan,P,Sayur-Sayuran,ubi kayu basah 1 kg,DKI Jakarta,Jakarta Pusat,439010
01-07-2022,PHI Mini Market - Jakarta Pusat 01,Sentosa Indrawan,P,Sayur-Sayuran,wortel 1 kg,DKI Jakarta,Jakarta Pusat,825950
01-07-2022,PHI Mini Market - Makassar 01,Agus Dewangga,P,Buah,alpukat 1 kg,Sulawesi Selatan,Makassar,1902400
01-07-2022,PHI Mini Market - Makassar 01,Agus Dewangga,P,Buah,apel 1 kg,Sulawesi Selatan,Makassar,19638820
01-07-2022,PHI Mini Market - Makassar 01,Agus Dewangga,P,Buah,belimbing 1 kg,Sulawesi Selatan,Makassar,1050900
01-07-2022,PHI Mini Market - Makassar 01,Agus Dewangga,P,Buah,durian 1 kg,Sulawesi Selatan,Makassar,4921940
01-07-2022,PHI Mini Market - Makassar 01,Agus Dewangga,P,Buah,jeruk 1 kg,Sulawesi Selatan,Makassar,4409100
01-07-2022,PHI Mini Market - Makassar 01,Agus Dewangga,P,Buah,kelapa muda,Sulawesi Selatan,Makassar,1414620
01-07-2022,PHI Mini Market - Makassar 01,Agus Dewangga,P,Buah,mangga 1 kg,Sulawesi Selatan,Makassar,4554150
01-07-2022,PHI Mini Market - Makassar 01,Agus Dewangga,P,Makanan & Minuman,air mineral 600 ml,Sulawesi Selatan,Makassar,266240
01-07-2022,PHI Mini Market - Makassar 01,Agus Dewangga,P,Makanan & Minuman,bumbu fried chicken,Sulawesi Selatan,Makassar,4289230
01-07-2022,PHI Mini Market - Makassar 01,Agus Dewangga,P,Makanan & Minuman,jus kesehatan 600 ml,Sulawesi Selatan,Makassar,2826480
01-07-2022,PHI Mini Market - Makassar 01,Agus Dewangga,P,Makanan & Minuman,kacang goreng 1 kg,Sulawesi Selatan,Makassar,3384870
01-07-2022,PHI Mini Market - Makassar 01,Agus Dewangga,P,Makanan & Minuman,kacang mete 1 kg,Sulawesi Selatan,Makassar,19434120
01-07-2022,PHI Mini Market - Makassar 01,Agus Dewangga,P,Makanan & Minuman,markisa 600 ml,Sulawesi Selatan,Makassar,6729130
01-07-2022,PHI Mini Market - Makassar 01,Agus Dewangga,P,Makanan & Minuman,mie instant 1 kotak (40 bungkus),Sulawesi Selatan,Makassar,32385500
01-07-2022,PHI Mini Market - Makassar 01,Agus Dewangga,P,Makanan & Minuman,minuman probiotik,Sulawesi Selatan,Makassar,349030
01-07-2022,PHI Mini Market - Makassar 01,Agus Dewangga,P,Makanan & Minuman,nasi goreng instant (1 ons),Sulawesi Selatan,Makassar,1885290
01-07-2022,PHI Mini Market - Makassar 01,Agus Dewangga,P,Makanan & Minuman,snack gurih 1 ons,Sulawesi Selatan,Makassar,1658000
01-07-2022,PHI Mini Market - Makassar 01,Agus Dewangga,P,Makanan & Minuman,susu kotak (800 ml),Sulawesi Selatan,Makassar,4161930
01-07-2022,PHI Mini Market - Makassar 01,Agus Dewangga,P,Makanan & Minuman,susu kotak 1 l,Sulawesi Selatan,Makassar,3997460
01-07-2022,PHI Mini Market - Makassar 01,Agus Dewangga,P,Makanan & Minuman,telur ayam kampung 1 kg,Sulawesi Selatan,Makassar,5566790
01-07-2022,PHI Mini Market - Makassar 01,Agus Dewangga,P,Makanan & Minuman,telur ayam ras 1 kg,Sulawesi Selatan,Makassar,4612180
01-07-2022,PHI Mini Market - Makassar 01,Agus Dewangga,P,Sayur-Sayuran,bawang merah 1 kg,Sulawesi Selatan,Makassar,3123280
01-07-2022,PHI Mini Market - Makassar 01,Agus Dewangga,P,Sayur-Sayuran,bawang putih 1 kg,Sulawesi Selatan,Makassar,1268900
01-07-2022,PHI Mini Market - Makassar 01,Agus Dewangga,P,Sayur-Sayuran,buncis 1 kg,Sulawesi Selatan,Makassar,2836040
01-07-2022,PHI Mini Market - Makassar 01,Agus Dewangga,P,Sayur-Sayuran,kacang hijau 1 kg,Sulawesi Selatan,Makassar,1451950
01-07-2022,PHI Mini Market - Makassar 01,Agus Dewangga,P,Sayur-Sayuran,kacang panjang 1 kg,Sulawesi Selatan,Makassar,2780720
01-07-2022,PHI Mini Market - Makassar 01,Agus Dewangga,P,Sayur-Sayuran,kentang 1 kg,Sulawesi Selatan,Makassar,2635920
01-07-2022,PHI Mini Market - Makassar 01,Agus Dewangga,P,Sayur-Sayuran,ketimun 1 kg,Sulawesi Selatan,Makassar,1416010
01-07-2022,PHI Mini Market - Makassar 01,Agus Dewangga,P,Sayur-Sayuran,kobis 1 kg,Sulawesi Selatan,Makassar,344770
01-07-2022,PHI Mini Market - Makassar 01,Agus Dewangga,P,Sayur-Sayuran,tomat 1 kg,Sulawesi Selatan,Makassar,1665910
01-07-2022,PHI Mini Market - Makassar 01,Agus Dewangga,P,Sayur-Sayuran,ubi jalar 1 kg,Sulawesi Selatan,Makassar,402470
01-07-2022,PHI Mini Market - Makassar 01,Agus Dewangga,P,Sayur-Sayuran,ubi kayu basah 1 kg,Sulawesi Selatan,Makassar,331660
01-07-2022,PHI Mini Market - Makassar 01,Agus Dewangga,P,Sayur-Sayuran,wortel 1 kg,Sulawesi Selatan,Makassar,785480
01-07-2022,PHI Mini Market - Makassar 01,Bintang Maven,W,Buah,alpukat 1 kg,Sulawesi Selatan,Makassar,2482410
01-07-2022,PHI Mini Market - Makassar 01,Bintang Maven,W,Buah,apel 1 kg,Sulawesi Selatan,Makassar,27305060
01-07-2022,PHI Mini Market - Makassar 01,Bintang Maven,W,Buah,belimbing 1 kg,Sulawesi Selatan,Makassar,1901540
01-07-2022,PHI Mini Market - Makassar 01,Bintang Maven,W,Buah,durian 1 kg,Sulawesi Selatan,Makassar,7138860
01-07-2022,PHI Mini Market - Makassar 01,Bintang Maven,W,Buah,jeruk 1 kg,Sulawesi Selatan,Makassar,4902730
01-07-2022,PHI Mini Market - Makassar 01,Bintang Maven,W,Buah,kelapa muda,Sulawesi Selatan,Makassar,1355080
01-07-2022,PHI Mini Market - Makassar 01,Bintang Maven,W,Buah,mangga 1 kg,Sulawesi Selatan,Makassar,3683160
01-07-2022,PHI Mini Market - Makassar 01,Bintang Maven,W,Makanan & Minuman,air mineral 600 ml,Sulawesi Selatan,Makassar,412660
01-07-2022,PHI Mini Market - Makassar 01,Bintang Maven,W,Makanan & Minuman,bumbu fried chicken,Sulawesi Selatan,Makassar,5099010
01-07-2022,PHI Mini Market - Makassar 01,Bintang Maven,W,Makanan & Minuman,jus kesehatan 600 ml,Sulawesi Selatan,Makassar,2757990
01-07-2022,PHI Mini Market - Makassar 01,Bintang Maven,W,Makanan & Minuman,kacang goreng 1 kg,Sulawesi Selatan,Makassar,6089160
01-07-2022,PHI Mini Market - Makassar 01,Bintang Maven,W,Makanan & Minuman,kacang mete 1 kg,Sulawesi Selatan,Makassar,23311570
01-07-2022,PHI Mini Market - Makassar 01,Bintang Maven,W,Makanan & Minuman,markisa 600 ml,Sulawesi Selatan,Makassar,4351010
01-07-2022,PHI Mini Market - Makassar 01,Bintang Maven,W,Makanan & Minuman,mie instant 1 kotak (40 bungkus),Sulawesi Selatan,Makassar,21885350
01-07-2022,PHI Mini Market - Makassar 01,Bintang Maven,W,Makanan & Minuman,minuman probiotik,Sulawesi Selatan,Makassar,354290
01-07-2022,PHI Mini Market - Makassar 01,Bintang Maven,W,Makanan & Minuman,nasi goreng instant (1 ons),Sulawesi Selatan,Makassar,2424350
01-07-2022,PHI Mini Market - Makassar 01,Bintang Maven,W,Makanan & Minuman,snack gurih 1 ons,Sulawesi Selatan,Makassar,1786250
01-07-2022,PHI Mini Market - Makassar 01,Bintang Maven,W,Makanan & Minuman,susu kotak (800 ml),Sulawesi Selatan,Makassar,4125790
01-07-2022,PHI Mini Market - Makassar 01,Bintang Maven,W,Makanan & Minuman,susu kotak 1 l,Sulawesi Selatan,Makassar,2467880
01-07-2022,PHI Mini Market - Makassar 01,Bintang Maven,W,Makanan & Minuman,telur ayam kampung 1 kg,Sulawesi Selatan,Makassar,4525510
01-07-2022,PHI Mini Market - Makassar 01,Bintang Maven,W,Makanan & Minuman,telur ayam ras 1 kg,Sulawesi Selatan,Makassar,3517570
01-07-2022,PHI Mini Market - Makassar 01,Bintang Maven,W,Sayur-Sayuran,bawang merah 1 kg,Sulawesi Selatan,Makassar,3670290
01-07-2022,PHI Mini Market - Makassar 01,Bintang Maven,W,Sayur-Sayuran,bawang putih 1 kg,Sulawesi Selatan,Makassar,2209030
01-07-2022,PHI Mini Market - Makassar 01,Bintang Maven,W,Sayur-Sayuran,buncis 1 kg,Sulawesi Selatan,Makassar,2243070
01-07-2022,PHI Mini Market - Makassar 01,Bintang Maven,W,Sayur-Sayuran,kacang hijau 1 kg,Sulawesi Selatan,Makassar,2202040
01-07-2022,PHI Mini Market - Makassar 01,Bintang Maven,W,Sayur-Sayuran,kacang panjang 1 kg,Sulawesi Selatan,Makassar,1809120
01-07-2022,PHI Mini Market - Makassar 01,Bintang Maven,W,Sayur-Sayuran,kentang 1 kg,Sulawesi Selatan,Makassar,3006970
01-07-2022,PHI Mini Market - Makassar 01,Bintang Maven,W,Sayur-Sayuran,ketimun 1 kg,Sulawesi Selatan,Makassar,958100
01-07-2022,PHI Mini Market - Makassar 01,Bintang Maven,W,Sayur-Sayuran,kobis 1 kg,Sulawesi Selatan,Makassar,378920
01-07-2022,PHI Mini Market - Makassar 01,Bintang Maven,W,Sayur-Sayuran,tomat 1 kg,Sulawesi Selatan,Makassar,1623240
01-07-2022,PHI Mini Market - Makassar 01,Bintang Maven,W,Sayur-Sayuran,ubi jalar 1 kg,Sulawesi Selatan,Makassar,336730
01-07-2022,PHI Mini Market - Makassar 01,Bintang Maven,W,Sayur-Sayuran,ubi kayu basah 1 kg,Sulawesi Selatan,Makassar,474620
01-07-2022,PHI Mini Market - Makassar 01,Bintang Maven,W,Sayur-Sayuran,wortel 1 kg,Sulawesi Selatan,Makassar,935310
01-07-2022,PHI Mini Market - Makassar 01,Eriq Jagat,P,Buah,alpukat 1 kg,Sulawesi Selatan,Makassar,1330420
01-07-2022,PHI Mini Market - Makassar 01,Eriq Jagat,P,Buah,apel 1 kg,Sulawesi Selatan,Makassar,17261120
01-07-2022,PHI Mini Market - Makassar 01,Eriq Jagat,P,Buah,belimbing 1 kg,Sulawesi Selatan,Makassar,1017620
01-07-2022,PHI Mini Market - Makassar 01,Eriq Jagat,P,Buah,durian 1 kg,Sulawesi Selatan,Makassar,5366800
01-07-2022,PHI Mini Market - Makassar 01,Eriq Jagat,P,Buah,jeruk 1 kg,Sulawesi Selatan,Makassar,3971270
01-07-2022,PHI Mini Market - Makassar 01,Eriq Jagat,P,Buah,kelapa muda,Sulawesi Selatan,Makassar,1499920
01-07-2022,PHI Mini Market - Makassar 01,Eriq Jagat,P,Makanan & Minuman,air mineral 600 ml,Sulawesi Selatan,Makassar,459750
01-07-2022,PHI Mini Market - Makassar 01,Eriq Jagat,P,Makanan & Minuman,bumbu fried chicken,Sulawesi Selatan,Makassar,4951360
01-07-2022,PHI Mini Market - Makassar 01,Eriq Jagat,P,Makanan & Minuman,jus kesehatan 600 ml,Sulawesi Selatan,Makassar,3092960
01-07-2022,PHI Mini Market - Makassar 01,Eriq Jagat,P,Makanan & Minuman,kacang goreng 1 kg,Sulawesi Selatan,Makassar,4356340
01-07-2022,PHI Mini Market - Makassar 01,Eriq Jagat,P,Makanan & Minuman,kacang mete 1 kg,Sulawesi Selatan,Makassar,20227270
01-07-2022,PHI Mini Market - Makassar 01,Eriq Jagat,P,Makanan & Minuman,markisa 600 ml,Sulawesi Selatan,Makassar,4230770
01-07-2022,PHI Mini Market - Makassar 01,Eriq Jagat,P,Makanan & Minuman,mie instant 1 kotak (40 bungkus),Sulawesi Selatan,Makassar,26058990
01-07-2022,PHI Mini Market - Makassar 01,Eriq Jagat,P,Makanan & Minuman,minuman probiotik,Sulawesi Selatan,Makassar,346930
01-07-2022,PHI Mini Market - Makassar 01,Eriq Jagat,P,Makanan & Minuman,nasi goreng instant (1 ons),Sulawesi Selatan,Makassar,1430830
01-07-2022,PHI Mini Market - Makassar 01,Eriq Jagat,P,Makanan & Minuman,snack gurih 1 ons,Sulawesi Selatan,Makassar,1552540
01-07-2022,PHI Mini Market - Makassar 01,Eriq Jagat,P,Makanan & Minuman,susu kotak (800 ml),Sulawesi Selatan,Makassar,4868140
01-07-2022,PHI Mini Market - Makassar 01,Eriq Jagat,P,Makanan & Minuman,susu kotak 1 l,Sulawesi Selatan,Makassar,2590900
01-07-2022,PHI Mini Market - Makassar 01,Eriq Jagat,P,Makanan & Minuman,telur ayam kampung 1 kg,Sulawesi Selatan,Makassar,5976620
01-07-2022,PHI Mini Market - Makassar 01,Eriq Jagat,P,Makanan & Minuman,telur ayam ras 1 kg,Sulawesi Selatan,Makassar,4341070
01-07-2022,PHI Mini Market - Makassar 01,Eriq Jagat,P,Sayur-Sayuran,bawang merah 1 kg,Sulawesi Selatan,Makassar,3730060
01-07-2022,PHI Mini Market - Makassar 01,Eriq Jagat,P,Sayur-Sayuran,bawang putih 1 kg,Sulawesi Selatan,Makassar,1678300
01-07-2022,PHI Mini Market - Makassar 01,Eriq Jagat,P,Sayur-Sayuran,buncis 1 kg,Sulawesi Selatan,Makassar,1956530
01-07-2022,PHI Mini Market - Makassar 01,Eriq Jagat,P,Sayur-Sayuran,kacang hijau 1 kg,Sulawesi Selatan,Makassar,2974630
01-07-2022,PHI Mini Market - Makassar 01,Eriq Jagat,P,Sayur-Sayuran,kacang panjang 1 kg,Sulawesi Selatan,Makassar,3488170
01-07-2022,PHI Mini Market - Makassar 01,Eriq Jagat,P,Sayur-Sayuran,kentang 1 kg,Sulawesi Selatan,Makassar,2601020
01-07-2022,PHI Mini Market - Makassar 01,Eriq Jagat,P,Sayur-Sayuran,ketimun 1 kg,Sulawesi Selatan,Makassar,1982360
01-07-2022,PHI Mini Market - Makassar 01,Eriq Jagat,P,Sayur-Sayuran,kobis 1 kg,Sulawesi Selatan,Makassar,348540
01-07-2022,PHI Mini Market - Makassar 01,Eriq Jagat,P,Sayur-Sayuran,tomat 1 kg,Sulawesi Selatan,Makassar,1693900
01-07-2022,PHI Mini Market - Makassar 01,Eriq Jagat,P,Sayur-Sayuran,ubi jalar 1 kg,Sulawesi Selatan,Makassar,410200
01-07-2022,PHI Mini Market - Makassar 01,Eriq Jagat,P,Sayur-Sayuran,ubi kayu basah 1 kg,Sulawesi Selatan,Makassar,290890
01-07-2022,PHI Mini Market - Makassar 01,Eriq Jagat,P,Sayur-Sayuran,wortel 1 kg,Sulawesi Selatan,Makassar,1240620
01-07-2022,PHI Mini Market - Makassar 01,Eriq Menawan,P,Buah,alpukat 1 kg,Sulawesi Selatan,Makassar,1736020
01-07-2022,PHI Mini Market - Makassar 01,Eriq Menawan,P,Buah,apel 1 kg,Sulawesi Selatan,Makassar,18032970
01-07-2022,PHI Mini Market - Makassar 01,Eriq Menawan,P,Buah,belimbing 1 kg,Sulawesi Selatan,Makassar,1497840
01-07-2022,PHI Mini Market - Makassar 01,Eriq Menawan,P,Buah,durian 1 kg,Sulawesi Selatan,Makassar,4932900
01-07-2022,PHI Mini Market - Makassar 01,Eriq Menawan,P,Buah,jeruk 1 kg,Sulawesi Selatan,Makassar,3779380
01-07-2022,PHI Mini Market - Makassar 01,Eriq Menawan,P,Buah,kelapa muda,Sulawesi Selatan,Makassar,1901950
01-07-2022,PHI Mini Market - Makassar 01,Eriq Menawan,P,Makanan & Minuman,air mineral 600 ml,Sulawesi Selatan,Makassar,416820
01-07-2022,PHI Mini Market - Makassar 01,Eriq Menawan,P,Makanan & Minuman,bumbu fried chicken,Sulawesi Selatan,Makassar,5012160
01-07-2022,PHI Mini Market - Makassar 01,Eriq Menawan,P,Makanan & Minuman,jus kesehatan 600 ml,Sulawesi Selatan,Makassar,3138640
01-07-2022,PHI Mini Market - Makassar 01,Eriq Menawan,P,Makanan & Minuman,kacang goreng 1 kg,Sulawesi Selatan,Makassar,3194200
01-07-2022,PHI Mini Market - Makassar 01,Eriq Menawan,P,Makanan & Minuman,kacang mete 1 kg,Sulawesi Selatan,Makassar,20366440
01-07-2022,PHI Mini Market - Makassar 01,Eriq Menawan,P,Makanan & Minuman,markisa 600 ml,Sulawesi Selatan,Makassar,4162150
01-07-2022,PHI Mini Market - Makassar 01,Eriq Menawan,P,Makanan & Minuman,mie instant 1 kotak (40 bungkus),Sulawesi Selatan,Makassar,18988660
01-07-2022,PHI Mini Market - Makassar 01,Eriq Menawan,P,Makanan & Minuman,minuman probiotik,Sulawesi Selatan,Makassar,251260
01-07-2022,PHI Mini Market - Makassar 01,Eriq Menawan,P,Makanan & Minuman,nasi goreng instant (1 ons),Sulawesi Selatan,Makassar,1895340
01-07-2022,PHI Mini Market - Makassar 01,Eriq Menawan,P,Makanan & Minuman,snack gurih 1 ons,Sulawesi Selatan,Makassar,2016180
01-07-2022,PHI Mini Market - Makassar 01,Eriq Menawan,P,Makanan & Minuman,susu kotak (800 ml),Sulawesi Selatan,Makassar,4542870
01-07-2022,PHI Mini Market - Makassar 01,Eriq Menawan,P,Makanan & Minuman,susu kotak 1 l,Sulawesi Selatan,Makassar,3827170
01-07-2022,PHI Mini Market - Makassar 01,Eriq Menawan,P,Makanan & Minuman,telur ayam kampung 1 kg,Sulawesi Selatan,Makassar,6368640
01-07-2022,PHI Mini Market - Makassar 01,Eriq Menawan,P,Makanan & Minuman,telur ayam ras 1 kg,Sulawesi Selatan,Makassar,2421890
01-07-2022,PHI Mini Market - Makassar 01,Eriq Menawan,P,Sayur-Sayuran,bawang merah 1 kg,Sulawesi Selatan,Makassar,3717530
01-07-2022,PHI Mini Market - Makassar 01,Eriq Menawan,P,Sayur-Sayuran,bawang putih 1 kg,Sulawesi Selatan,Makassar,1293290
01-07-2022,PHI Mini Market - Makassar 01,Eriq Menawan,P,Sayur-Sayuran,buncis 1 kg,Sulawesi Selatan,Makassar,2296760
01-07-2022,PHI Mini Market - Makassar 01,Eriq Menawan,P,Sayur-Sayuran,kacang hijau 1 kg,Sulawesi Selatan,Makassar,2285710
01-07-2022,PHI Mini Market - Makassar 01,Eriq Menawan,P,Sayur-Sayuran,kacang panjang 1 kg,Sulawesi Selatan,Makassar,2156870
01-07-2022,PHI Mini Market - Makassar 01,Eriq Menawan,P,Sayur-Sayuran,kentang 1 kg,Sulawesi Selatan,Makassar,2736470
01-07-2022,PHI Mini Market - Makassar 01,Eriq Menawan,P,Sayur-Sayuran,ketimun 1 kg,Sulawesi Selatan,Makassar,1604190
01-07-2022,PHI Mini Market - Makassar 01,Eriq Menawan,P,Sayur-Sayuran,kobis 1 kg,Sulawesi Selatan,Makassar,477060
01-07-2022,PHI Mini Market - Makassar 01,Eriq Menawan,P,Sayur-Sayuran,tomat 1 kg,Sulawesi Selatan,Makassar,1811110
01-07-2022,PHI Mini Market - Makassar 01,Eriq Menawan,P,Sayur-Sayuran,ubi jalar 1 kg,Sulawesi Selatan,Makassar,343510
01-07-2022,PHI Mini Market - Makassar 01,Eriq Menawan,P,Sayur-Sayuran,ubi kayu basah 1 kg,Sulawesi Selatan,Makassar,325790
01-07-2022,PHI Mini Market - Makassar 01,Eriq Menawan,P,Sayur-Sayuran,wortel 1 kg,Sulawesi Selatan,Makassar,1441610
01-07-2022,PHI Mini Market - Makassar 01,Ferdy Tenteram,P,Buah,alpukat 1 kg,Sulawesi Selatan,Makassar,2001570
01-07-2022,PHI Mini Market - Makassar 01,Ferdy Tenteram,P,Buah,apel 1 kg,Sulawesi Selatan,Makassar,30115750
01-07-2022,PHI Mini Market - Makassar 01,Ferdy Tenteram,P,Buah,belimbing 1 kg,Sulawesi Selatan,Makassar,1252160
01-07-2022,PHI Mini Market - Makassar 01,Ferdy Tenteram,P,Buah,durian 1 kg,Sulawesi Selatan,Makassar,6709220
01-07-2022,PHI Mini Market - Makassar 01,Ferdy Tenteram,P,Buah,jeruk 1 kg,Sulawesi Selatan,Makassar,2867730
01-07-2022,PHI Mini Market - Makassar 01,Ferdy Tenteram,P,Buah,kelapa muda,Sulawesi Selatan,Makassar,1143860
01-07-2022,PHI Mini Market - Makassar 01,Ferdy Tenteram,P,Buah,mangga 1 kg,Sulawesi Selatan,Makassar,4949340
01-07-2022,PHI Mini Market - Makassar 01,Ferdy Tenteram,P,Makanan & Minuman,air mineral 600 ml,Sulawesi Selatan,Makassar,380830
01-07-2022,PHI Mini Market - Makassar 01,Ferdy Tenteram,P,Makanan & Minuman,bumbu fried chicken,Sulawesi Selatan,Makassar,4552840
01-07-2022,PHI Mini Market - Makassar 01,Ferdy Tenteram,P,Makanan & Minuman,jus kesehatan 600 ml,Sulawesi Selatan,Makassar,3333630
01-07-2022,PHI Mini Market - Makassar 01,Ferdy Tenteram,P,Makanan & Minuman,kacang goreng 1 kg,Sulawesi Selatan,Makassar,4887300
01-07-2022,PHI Mini Market - Makassar 01,Ferdy Tenteram,P,Makanan & Minuman,kacang mete 1 kg,Sulawesi Selatan,Makassar,24982900
01-07-2022,PHI Mini Market - Makassar 01,Ferdy Tenteram,P,Makanan & Minuman,markisa 600 ml,Sulawesi Selatan,Makassar,5672950
01-07-2022,PHI Mini Market - Makassar 01,Ferdy Tenteram,P,Makanan & Minuman,mie instant 1 kotak (40 bungkus),Sulawesi Selatan,Makassar,36259230
01-07-2022,PHI Mini Market - Makassar 01,Ferdy Tenteram,P,Makanan & Minuman,minuman probiotik,Sulawesi Selatan,Makassar,221900
01-07-2022,PHI Mini Market - Makassar 01,Ferdy Tenteram,P,Makanan & Minuman,nasi goreng instant (1 ons),Sulawesi Selatan,Makassar,1855650
01-07-2022,PHI Mini Market - Makassar 01,Ferdy Tenteram,P,Makanan & Minuman,snack gurih 1 ons,Sulawesi Selatan,Makassar,1500420
01-07-2022,PHI Mini Market - Makassar 01,Ferdy Tenteram,P,Makanan & Minuman,susu kotak (800 ml),Sulawesi Selatan,Makassar,2829800
01-07-2022,PHI Mini Market - Makassar 01,Ferdy Tenteram,P,Makanan & Minuman,susu kotak 1 l,Sulawesi Selatan,Makassar,3428650
01-07-2022,PHI Mini Market - Makassar 01,Ferdy Tenteram,P,Makanan & Minuman,telur ayam kampung 1 kg,Sulawesi Selatan,Makassar,6074360
01-07-2022,PHI Mini Market - Makassar 01,Ferdy Tenteram,P,Makanan & Minuman,telur ayam ras 1 kg,Sulawesi Selatan,Makassar,3519500
01-07-2022,PHI Mini Market - Makassar 01,Ferdy Tenteram,P,Sayur-Sayuran,bawang merah 1 kg,Sulawesi Selatan,Makassar,4108570
01-07-2022,PHI Mini Market - Makassar 01,Ferdy Tenteram,P,Sayur-Sayuran,bawang putih 1 kg,Sulawesi Selatan,Makassar,1715460
01-07-2022,PHI Mini Market - Makassar 01,Ferdy Tenteram,P,Sayur-Sayuran,buncis 1 kg,Sulawesi Selatan,Makassar,2046000
01-07-2022,PHI Mini Market - Makassar 01,Ferdy Tenteram,P,Sayur-Sayuran,kacang hijau 1 kg,Sulawesi Selatan,Makassar,1615710
01-07-2022,PHI Mini Market - Makassar 01,Ferdy Tenteram,P,Sayur-Sayuran,kacang panjang 1 kg,Sulawesi Selatan,Makassar,3578580
01-07-2022,PHI Mini Market - Makassar 01,Ferdy Tenteram,P,Sayur-Sayuran,kentang 1 kg,Sulawesi Selatan,Makassar,3158610
01-07-2022,PHI Mini Market - Makassar 01,Ferdy Tenteram,P,Sayur-Sayuran,ketimun 1 kg,Sulawesi Selatan,Makassar,1729640
01-07-2022,PHI Mini Market - Makassar 01,Ferdy Tenteram,P,Sayur-Sayuran,kobis 1 kg,Sulawesi Selatan,Makassar,383490
01-07-2022,PHI Mini Market - Makassar 01,Ferdy Tenteram,P,Sayur-Sayuran,tomat 1 kg,Sulawesi Selatan,Makassar,1566530
01-07-2022,PHI Mini Market - Makassar 01,Ferdy Tenteram,P,Sayur-Sayuran,ubi jalar 1 kg,Sulawesi Selatan,Makassar,496520
01-07-2022,PHI Mini Market - Makassar 01,Ferdy Tenteram,P,Sayur-Sayuran,ubi kayu basah 1 kg,Sulawesi Selatan,Makassar,298260
01-07-2022,PHI Mini Market - Makassar 01,Ferdy Tenteram,P,Sayur-Sayuran,wortel 1 kg,Sulawesi Selatan,Makassar,1093690
01-07-2022,PHI Mini Market - Makassar 01,Galang Terang,P,Buah,alpukat 1 kg,Sulawesi Selatan,Makassar,2763430
01-07-2022,PHI Mini Market - Makassar 01,Galang Terang,P,Buah,apel 1 kg,Sulawesi Selatan,Makassar,25089130
01-07-2022,PHI Mini Market - Makassar 01,Galang Terang,P,Buah,belimbing 1 kg,Sulawesi Selatan,Makassar,1062140
01-07-2022,PHI Mini Market - Makassar 01,Galang Terang,P,Buah,durian 1 kg,Sulawesi Selatan,Makassar,6946000
01-07-2022,PHI Mini Market - Makassar 01,Galang Terang,P,Buah,jeruk 1 kg,Sulawesi Selatan,Makassar,3625110
01-07-2022,PHI Mini Market - Makassar 01,Galang Terang,P,Buah,kelapa muda,Sulawesi Selatan,Makassar,1444840
01-07-2022,PHI Mini Market - Makassar 01,Galang Terang,P,Buah,mangga 1 kg,Sulawesi Selatan,Makassar,4645480
01-07-2022,PHI Mini Market - Makassar 01,Galang Terang,P,Makanan & Minuman,air mineral 600 ml,Sulawesi Selatan,Makassar,378860
01-07-2022,PHI Mini Market - Makassar 01,Galang Terang,P,Makanan & Minuman,bumbu fried chicken,Sulawesi Selatan,Makassar,5115460
01-07-2022,PHI Mini Market - Makassar 01,Galang Terang,P,Makanan & Minuman,jus kesehatan 600 ml,Sulawesi Selatan,Makassar,2658240
01-07-2022,PHI Mini Market - Makassar 01,Galang Terang,P,Makanan & Minuman,kacang goreng 1 kg,Sulawesi Selatan,Makassar,3883790
01-07-2022,PHI Mini Market - Makassar 01,Galang Terang,P,Makanan & Minuman,kacang mete 1 kg,Sulawesi Selatan,Makassar,18505150
01-07-2022,PHI Mini Market - Makassar 01,Galang Terang,P,Makanan & Minuman,markisa 600 ml,Sulawesi Selatan,Makassar,3065400
01-07-2022,PHI Mini Market - Makassar 01,Galang Terang,P,Makanan & Minuman,mie instant 1 kotak (40 bungkus),Sulawesi Selatan,Makassar,33213980
01-07-2022,PHI Mini Market - Makassar 01,Galang Terang,P,Makanan & Minuman,minuman probiotik,Sulawesi Selatan,Makassar,189260
01-07-2022,PHI Mini Market - Makassar 01,Galang Terang,P,Makanan & Minuman,nasi goreng instant (1 ons),Sulawesi Selatan,Makassar,2277350
01-07-2022,PHI Mini Market - Makassar 01,Galang Terang,P,Makanan & Minuman,snack gurih 1 ons,Sulawesi Selatan,Makassar,2436440
01-07-2022,PHI Mini Market - Makassar 01,Galang Terang,P,Makanan & Minuman,susu kotak (800 ml),Sulawesi Selatan,Makassar,4480080
01-07-2022,PHI Mini Market - Makassar 01,Galang Terang,P,Makanan & Minuman,susu kotak 1 l,Sulawesi Selatan,Makassar,2052510
01-07-2022,PHI Mini Market - Makassar 01,Galang Terang,P,Makanan & Minuman,telur ayam kampung 1 kg,Sulawesi Selatan,Makassar,7690710
01-07-2022,PHI Mini Market - Makassar 01,Galang Terang,P,Makanan & Minuman,telur ayam ras 1 kg,Sulawesi Selatan,Makassar,4987040
01-07-2022,PHI Mini Market - Makassar 01,Galang Terang,P,Sayur-Sayuran,bawang merah 1 kg,Sulawesi Selatan,Makassar,3841940
01-07-2022,PHI Mini Market - Makassar 01,Galang Terang,P,Sayur-Sayuran,bawang putih 1 kg,Sulawesi Selatan,Makassar,992250
01-07-2022,PHI Mini Market - Makassar 01,Galang Terang,P,Sayur-Sayuran,buncis 1 kg,Sulawesi Selatan,Makassar,1887170
01-07-2022,PHI Mini Market - Makassar 01,Galang Terang,P,Sayur-Sayuran,kacang hijau 1 kg,Sulawesi Selatan,Makassar,1437550
01-07-2022,PHI Mini Market - Makassar 01,Galang Terang,P,Sayur-Sayuran,kacang panjang 1 kg,Sulawesi Selatan,Makassar,4403620
01-07-2022,PHI Mini Market - Makassar 01,Galang Terang,P,Sayur-Sayuran,kentang 1 kg,Sulawesi Selatan,Makassar,2473390
01-07-2022,PHI Mini Market - Makassar 01,Galang Terang,P,Sayur-Sayuran,ketimun 1 kg,Sulawesi Selatan,Makassar,1858040
01-07-2022,PHI Mini Market - Makassar 01,Galang Terang,P,Sayur-Sayuran,kobis 1 kg,Sulawesi Selatan,Makassar,353980
01-07-2022,PHI Mini Market - Makassar 01,Galang Terang,P,Sayur-Sayuran,tomat 1 kg,Sulawesi Selatan,Makassar,1354690
01-07-2022,PHI Mini Market - Makassar 01,Galang Terang,P,Sayur-Sayuran,ubi jalar 1 kg,Sulawesi Selatan,Makassar,393990
01-07-2022,PHI Mini Market - Makassar 01,Galang Terang,P,Sayur-Sayuran,ubi kayu basah 1 kg,Sulawesi Selatan,Makassar,395780
01-07-2022,PHI Mini Market - Makassar 01,Galang Terang,P,Sayur-Sayuran,wortel 1 kg,Sulawesi Selatan,Makassar,1185950
01-07-2022,PHI Mini Market - Makassar 01,Kristina Damai,W,Buah,alpukat 1 kg,Sulawesi Selatan,Makassar,2199700
01-07-2022,PHI Mini Market - Makassar 01,Kristina Damai,W,Buah,apel 1 kg,Sulawesi Selatan,Makassar,20421130
01-07-2022,PHI Mini Market - Makassar 01,Kristina Damai,W,Buah,belimbing 1 kg,Sulawesi Selatan,Makassar,1133210
01-07-2022,PHI Mini Market - Makassar 01,Kristina Damai,W,Buah,durian 1 kg,Sulawesi Selatan,Makassar,5916880
01-07-2022,PHI Mini Market - Makassar 01,Kristina Damai,W,Buah,jeruk 1 kg,Sulawesi Selatan,Makassar,4364220
01-07-2022,PHI Mini Market - Makassar 01,Kristina Damai,W,Buah,kelapa muda,Sulawesi Selatan,Makassar,1091990
01-07-2022,PHI Mini Market - Makassar 01,Kristina Damai,W,Buah,mangga 1 kg,Sulawesi Selatan,Makassar,5699430
01-07-2022,PHI Mini Market - Makassar 01,Kristina Damai,W,Makanan & Minuman,air mineral 600 ml,Sulawesi Selatan,Makassar,340380
01-07-2022,PHI Mini Market - Makassar 01,Kristina Damai,W,Makanan & Minuman,bumbu fried chicken,Sulawesi Selatan,Makassar,5362910
01-07-2022,PHI Mini Market - Makassar 01,Kristina Damai,W,Makanan & Minuman,jus kesehatan 600 ml,Sulawesi Selatan,Makassar,3293720
01-07-2022,PHI Mini Market - Makassar 01,Kristina Damai,W,Makanan & Minuman,kacang goreng 1 kg,Sulawesi Selatan,Makassar,4000800
01-07-2022,PHI Mini Market - Makassar 01,Kristina Damai,W,Makanan & Minuman,kacang mete 1 kg,Sulawesi Selatan,Makassar,17088150
01-07-2022,PHI Mini Market - Makassar 01,Kristina Damai,W,Makanan & Minuman,markisa 600 ml,Sulawesi Selatan,Makassar,5575010
01-07-2022,PHI Mini Market - Makassar 01,Kristina Damai,W,Makanan & Minuman,mie instant 1 kotak (40 bungkus),Sulawesi Selatan,Makassar,25308580
01-07-2022,PHI Mini Market - Makassar 01,Kristina Damai,W,Makanan & Minuman,minuman probiotik,Sulawesi Selatan,Makassar,272210
01-07-2022,PHI Mini Market - Makassar 01,Kristina Damai,W,Makanan & Minuman,nasi goreng instant (1 ons),Sulawesi Selatan,Makassar,1756600
01-07-2022,PHI Mini Market - Makassar 01,Kristina Damai,W,Makanan & Minuman,snack gurih 1 ons,Sulawesi Selatan,Makassar,1701730
01-07-2022,PHI Mini Market - Makassar 01,Kristina Damai,W,Makanan & Minuman,susu kotak (800 ml),Sulawesi Selatan,Makassar,3853660
01-07-2022,PHI Mini Market - Makassar 01,Kristina Damai,W,Makanan & Minuman,susu kotak 1 l,Sulawesi Selatan,Makassar,2992830
01-07-2022,PHI Mini Market - Makassar 01,Kristina Damai,W,Makanan & Minuman,telur ayam kampung 1 kg,Sulawesi Selatan,Makassar,7759700
01-07-2022,PHI Mini Market - Makassar 01,Kristina Damai,W,Makanan & Minuman,telur ayam ras 1 kg,Sulawesi Selatan,Makassar,2406080
01-07-2022,PHI Mini Market - Makassar 01,Kristina Damai,W,Sayur-Sayuran,bawang merah 1 kg,Sulawesi Selatan,Makassar,4320020
01-07-2022,PHI Mini Market - Makassar 01,Kristina Damai,W,Sayur-Sayuran,bawang putih 1 kg,Sulawesi Selatan,Makassar,1163930
01-07-2022,PHI Mini Market - Makassar 01,Kristina Damai,W,Sayur-Sayuran,buncis 1 kg,Sulawesi Selatan,Makassar,1865600
01-07-2022,PHI Mini Market - Makassar 01,Kristina Damai,W,Sayur-Sayuran,kacang hijau 1 kg,Sulawesi Selatan,Makassar,2268450
01-07-2022,PHI Mini Market - Makassar 01,Kristina Damai,W,Sayur-Sayuran,kacang panjang 1 kg,Sulawesi Selatan,Makassar,2359040
01-07-2022,PHI Mini Market - Makassar 01,Kristina Damai,W,Sayur-Sayuran,kentang 1 kg,Sulawesi Selatan,Makassar,2021640
01-07-2022,PHI Mini Market - Makassar 01,Kristina Damai,W,Sayur-Sayuran,ketimun 1 kg,Sulawesi Selatan,Makassar,1855250
01-07-2022,PHI Mini Market - Makassar 01,Kristina Damai,W,Sayur-Sayuran,kobis 1 kg,Sulawesi Selatan,Makassar,198670
01-07-2022,PHI Mini Market - Makassar 01,Kristina Damai,W,Sayur-Sayuran,tomat 1 kg,Sulawesi Selatan,Makassar,1478350
01-07-2022,PHI Mini Market - Makassar 01,Kristina Damai,W,Sayur-Sayuran,ubi jalar 1 kg,Sulawesi Selatan,Makassar,486570
01-07-2022,PHI Mini Market - Makassar 01,Kristina Damai,W,Sayur-Sayuran,ubi kayu basah 1 kg,Sulawesi Selatan,Makassar,357440
01-07-2022,PHI Mini Market - Makassar 01,Kristina Damai,W,Sayur-Sayuran,wortel 1 kg,Sulawesi Selatan,Makassar,582120
01-07-2022,PHI Mini Market - Makassar 01,Lastri Mardi,W,Buah,alpukat 1 kg,Sulawesi Selatan,Makassar,1872600
01-07-2022,PHI Mini Market - Makassar 01,Lastri Mardi,W,Buah,apel 1 kg,Sulawesi Selatan,Makassar,17086410
01-07-2022,PHI Mini Market - Makassar 01,Lastri Mardi,W,Buah,belimbing 1 kg,Sulawesi Selatan,Makassar,1165090
01-07-2022,PHI Mini Market - Makassar 01,Lastri Mardi,W,Buah,durian 1 kg,Sulawesi Selatan,Makassar,7758290
01-07-2022,PHI Mini Market - Makassar 01,Lastri Mardi,W,Buah,jeruk 1 kg,Sulawesi Selatan,Makassar,4391050
01-07-2022,PHI Mini Market - Makassar 01,Lastri Mardi,W,Buah,kelapa muda,Sulawesi Selatan,Makassar,1043970
01-07-2022,PHI Mini Market - Makassar 01,Lastri Mardi,W,Makanan & Minuman,air mineral 600 ml,Sulawesi Selatan,Makassar,617380
01-07-2022,PHI Mini Market - Makassar 01,Lastri Mardi,W,Makanan & Minuman,bumbu fried chicken,Sulawesi Selatan,Makassar,5048150
01-07-2022,PHI Mini Market - Makassar 01,Lastri Mardi,W,Makanan & Minuman,jus kesehatan 600 ml,Sulawesi Selatan,Makassar,3607790
01-07-2022,PHI Mini Market - Makassar 01,Lastri Mardi,W,Makanan & Minuman,kacang goreng 1 kg,Sulawesi Selatan,Makassar,4768150
01-07-2022,PHI Mini Market - Makassar 01,Lastri Mardi,W,Makanan & Minuman,kacang mete 1 kg,Sulawesi Selatan,Makassar,15293110
01-07-2022,PHI Mini Market - Makassar 01,Lastri Mardi,W,Makanan & Minuman,markisa 600 ml,Sulawesi Selatan,Makassar,5501010
01-07-2022,PHI Mini Market - Makassar 01,Lastri Mardi,W,Makanan & Minuman,mie instant 1 kotak (40 bungkus),Sulawesi Selatan,Makassar,42580280
01-07-2022,PHI Mini Market - Makassar 01,Lastri Mardi,W,Makanan & Minuman,minuman probiotik,Sulawesi Selatan,Makassar,225070
01-07-2022,PHI Mini Market - Makassar 01,Lastri Mardi,W,Makanan & Minuman,nasi goreng instant (1 ons),Sulawesi Selatan,Makassar,2012380
01-07-2022,PHI Mini Market - Makassar 01,Lastri Mardi,W,Makanan & Minuman,snack gurih 1 ons,Sulawesi Selatan,Makassar,1656850
01-07-2022,PHI Mini Market - Makassar 01,Lastri Mardi,W,Makanan & Minuman,susu kotak (800 ml),Sulawesi Selatan,Makassar,3626620
01-07-2022,PHI Mini Market - Makassar 01,Lastri Mardi,W,Makanan & Minuman,susu kotak 1 l,Sulawesi Selatan,Makassar,2186120
01-07-2022,PHI Mini Market - Makassar 01,Lastri Mardi,W,Makanan & Minuman,telur ayam kampung 1 kg,Sulawesi Selatan,Makassar,7985470
01-07-2022,PHI Mini Market - Makassar 01,Lastri Mardi,W,Makanan & Minuman,telur ayam ras 1 kg,Sulawesi Selatan,Makassar,3659230
01-07-2022,PHI Mini Market - Makassar 01,Lastri Mardi,W,Sayur-Sayuran,bawang merah 1 kg,Sulawesi Selatan,Makassar,4851560
01-07-2022,PHI Mini Market - Makassar 01,Lastri Mardi,W,Sayur-Sayuran,bawang putih 1 kg,Sulawesi Selatan,Makassar,1503970
01-07-2022,PHI Mini Market - Makassar 01,Lastri Mardi,W,Sayur-Sayuran,buncis 1 kg,Sulawesi Selatan,Makassar,1766330
01-07-2022,PHI Mini Market - Makassar 01,Lastri Mardi,W,Sayur-Sayuran,kacang hijau 1 kg,Sulawesi Selatan,Makassar,2893130
01-07-2022,PHI Mini Market - Makassar 01,Lastri Mardi,W,Sayur-Sayuran,kacang panjang 1 kg,Sulawesi Selatan,Makassar,3570100
01-07-2022,PHI Mini Market - Makassar 01,Lastri Mardi,W,Sayur-Sayuran,kentang 1 kg,Sulawesi Selatan,Makassar,2105720
01-07-2022,PHI Mini Market - Makassar 01,Lastri Mardi,W,Sayur-Sayuran,ketimun 1 kg,Sulawesi Selatan,Makassar,2057050
01-07-2022,PHI Mini Market - Makassar 01,Lastri Mardi,W,Sayur-Sayuran,kobis 1 kg,Sulawesi Selatan,Makassar,301840
01-07-2022,PHI Mini Market - Makassar 01,Lastri Mardi,W,Sayur-Sayuran,tomat 1 kg,Sulawesi Selatan,Makassar,1360900
01-07-2022,PHI Mini Market - Makassar 01,Lastri Mardi,W,Sayur-Sayuran,ubi jalar 1 kg,Sulawesi Selatan,Makassar,491910
01-07-2022,PHI Mini Market - Makassar 01,Lastri Mardi,W,Sayur-Sayuran,ubi kayu basah 1 kg,Sulawesi Selatan,Makassar,265430
01-07-2022,PHI Mini Market - Makassar 01,Lastri Mardi,W,Sayur-Sayuran,wortel 1 kg,Sulawesi Selatan,Makassar,1146510
01-07-2022,PHI Mini Market - Makassar 01,Mawar Mardi,W,Buah,alpukat 1 kg,Sulawesi Selatan,Makassar,2701660
01-07-2022,PHI Mini Market - Makassar 01,Mawar Mardi,W,Buah,apel 1 kg,Sulawesi Selatan,Makassar,16180350
01-07-2022,PHI Mini Market - Makassar 01,Mawar Mardi,W,Buah,belimbing 1 kg,Sulawesi Selatan,Makassar,1157590
01-07-2022,PHI Mini Market - Makassar 01,Mawar Mardi,W,Buah,durian 1 kg,Sulawesi Selatan,Makassar,5673590
01-07-2022,PHI Mini Market - Makassar 01,Mawar Mardi,W,Buah,jeruk 1 kg,Sulawesi Selatan,Makassar,4770300
01-07-2022,PHI Mini Market - Makassar 01,Mawar Mardi,W,Buah,kelapa muda,Sulawesi Selatan,Makassar,1897660
01-07-2022,PHI Mini Market - Makassar 01,Mawar Mardi,W,Buah,mangga 1 kg,Sulawesi Selatan,Makassar,4105400
01-07-2022,PHI Mini Market - Makassar 01,Mawar Mardi,W,Makanan & Minuman,air mineral 600 ml,Sulawesi Selatan,Makassar,398190
01-07-2022,PHI Mini Market - Makassar 01,Mawar Mardi,W,Makanan & Minuman,bumbu fried chicken,Sulawesi Selatan,Makassar,5433730
01-07-2022,PHI Mini Market - Makassar 01,Mawar Mardi,W,Makanan & Minuman,jus kesehatan 600 ml,Sulawesi Selatan,Makassar,2730960
01-07-2022,PHI Mini Market - Makassar 01,Mawar Mardi,W,Makanan & Minuman,kacang goreng 1 kg,Sulawesi Selatan,Makassar,2902770
01-07-2022,PHI Mini Market - Makassar 01,Mawar Mardi,W,Makanan & Minuman,kacang mete 1 kg,Sulawesi Selatan,Makassar,23859710
01-07-2022,PHI Mini Market - Makassar 01,Mawar Mardi,W,Makanan & Minuman,markisa 600 ml,Sulawesi Selatan,Makassar,4606720
01-07-2022,PHI Mini Market - Makassar 01,Mawar Mardi,W,Makanan & Minuman,mie instant 1 kotak (40 bungkus),Sulawesi Selatan,Makassar,29041980
01-07-2022,PHI Mini Market - Makassar 01,Mawar Mardi,W,Makanan & Minuman,minuman probiotik,Sulawesi Selatan,Makassar,334910
01-07-2022,PHI Mini Market - Makassar 01,Mawar Mardi,W,Makanan & Minuman,nasi goreng instant (1 ons),Sulawesi Selatan,Makassar,1862390
01-07-2022,PHI Mini Market - Makassar 01,Mawar Mardi,W,Makanan & Minuman,snack gurih 1 ons,Sulawesi Selatan,Makassar,1498870
01-07-2022,PHI Mini Market - Makassar 01,Mawar Mardi,W,Makanan & Minuman,susu kotak (800 ml),Sulawesi Selatan,Makassar,3723450
01-07-2022,PHI Mini Market - Makassar 01,Mawar Mardi,W,Makanan & Minuman,susu kotak 1 l,Sulawesi Selatan,Makassar,3540350
01-07-2022,PHI Mini Market - Makassar 01,Mawar Mardi,W,Makanan & Minuman,telur ayam kampung 1 kg,Sulawesi Selatan,Makassar,6534180
01-07-2022,PHI Mini Market - Makassar 01,Mawar Mardi,W,Makanan & Minuman,telur ayam ras 1 kg,Sulawesi Selatan,Makassar,3060140
01-07-2022,PHI Mini Market - Makassar 01,Mawar Mardi,W,Sayur-Sayuran,bawang merah 1 kg,Sulawesi Selatan,Makassar,3431360
01-07-2022,PHI Mini Market - Makassar 01,Mawar Mardi,W,Sayur-Sayuran,bawang putih 1 kg,Sulawesi Selatan,Makassar,1387950
01-07-2022,PHI Mini Market - Makassar 01,Mawar Mardi,W,Sayur-Sayuran,buncis 1 kg,Sulawesi Selatan,Makassar,2118660
01-07-2022,PHI Mini Market - Makassar 01,Mawar Mardi,W,Sayur-Sayuran,kacang hijau 1 kg,Sulawesi Selatan,Makassar,2517570
01-07-2022,PHI Mini Market - Makassar 01,Mawar Mardi,W,Sayur-Sayuran,kacang panjang 1 kg,Sulawesi Selatan,Makassar,2175880
01-07-2022,PHI Mini Market - Makassar 01,Mawar Mardi,W,Sayur-Sayuran,kentang 1 kg,Sulawesi Selatan,Makassar,2370010
01-07-2022,PHI Mini Market - Makassar 01,Mawar Mardi,W,Sayur-Sayuran,ketimun 1 kg,Sulawesi Selatan,Makassar,1809870
01-07-2022,PHI Mini Market - Makassar 01,Mawar Mardi,W,Sayur-Sayuran,kobis 1 kg,Sulawesi Selatan,Makassar,344140
01-07-2022,PHI Mini Market - Makassar 01,Mawar Mardi,W,Sayur-Sayuran,tomat 1 kg,Sulawesi Selatan,Makassar,1246710
01-07-2022,PHI Mini Market - Makassar 01,Mawar Mardi,W,Sayur-Sayuran,ubi jalar 1 kg,Sulawesi Selatan,Makassar,411530
01-07-2022,PHI Mini Market - Makassar 01,Mawar Mardi,W,Sayur-Sayuran,ubi kayu basah 1 kg,Sulawesi Selatan,Makassar,337560
01-07-2022,PHI Mini Market - Makassar 01,Mawar Mardi,W,Sayur-Sayuran,wortel 1 kg,Sulawesi Selatan,Makassar,1054560
01-07-2022,PHI Mini Market - Makassar 01,Niken Setiawan,W,Buah,alpukat 1 kg,Sulawesi Selatan,Makassar,2431040
01-07-2022,PHI Mini Market - Makassar 01,Niken Setiawan,W,Buah,apel 1 kg,Sulawesi Selatan,Makassar,21098840
01-07-2022,PHI Mini Market - Makassar 01,Niken Setiawan,W,Buah,belimbing 1 kg,Sulawesi Selatan,Makassar,1350460
01-07-2022,PHI Mini Market - Makassar 01,Niken Setiawan,W,Buah,durian 1 kg,Sulawesi Selatan,Makassar,4329470
01-07-2022,PHI Mini Market - Makassar 01,Niken Setiawan,W,Buah,jeruk 1 kg,Sulawesi Selatan,Makassar,3669890
01-07-2022,PHI Mini Market - Makassar 01,Niken Setiawan,W,Buah,kelapa muda,Sulawesi Selatan,Makassar,1495590
01-07-2022,PHI Mini Market - Makassar 01,Niken Setiawan,W,Makanan & Minuman,air mineral 600 ml,Sulawesi Selatan,Makassar,357940
01-07-2022,PHI Mini Market - Makassar 01,Niken Setiawan,W,Makanan & Minuman,bumbu fried chicken,Sulawesi Selatan,Makassar,4327910
01-07-2022,PHI Mini Market - Makassar 01,Niken Setiawan,W,Makanan & Minuman,jus kesehatan 600 ml,Sulawesi Selatan,Makassar,2474540
01-07-2022,PHI Mini Market - Makassar 01,Niken Setiawan,W,Makanan & Minuman,kacang goreng 1 kg,Sulawesi Selatan,Makassar,5043580
01-07-2022,PHI Mini Market - Makassar 01,Niken Setiawan,W,Makanan & Minuman,kacang mete 1 kg,Sulawesi Selatan,Makassar,27972050
01-07-2022,PHI Mini Market - Makassar 01,Niken Setiawan,W,Makanan & Minuman,markisa 600 ml,Sulawesi Selatan,Makassar,3971440
01-07-2022,PHI Mini Market - Makassar 01,Niken Setiawan,W,Makanan & Minuman,mie instant 1 kotak (40 bungkus),Sulawesi Selatan,Makassar,25776490
01-07-2022,PHI Mini Market - Makassar 01,Niken Setiawan,W,Makanan & Minuman,minuman probiotik,Sulawesi Selatan,Makassar,219490
01-07-2022,PHI Mini Market - Makassar 01,Niken Setiawan,W,Makanan & Minuman,nasi goreng instant (1 ons),Sulawesi Selatan,Makassar,1854200
01-07-2022,PHI Mini Market - Makassar 01,Niken Setiawan,W,Makanan & Minuman,snack gurih 1 ons,Sulawesi Selatan,Makassar,1352640
01-07-2022,PHI Mini Market - Makassar 01,Niken Setiawan,W,Makanan & Minuman,susu kotak (800 ml),Sulawesi Selatan,Makassar,3443430
01-07-2022,PHI Mini Market - Makassar 01,Niken Setiawan,W,Makanan & Minuman,susu kotak 1 l,Sulawesi Selatan,Makassar,3369710
01-07-2022,PHI Mini Market - Makassar 01,Niken Setiawan,W,Makanan & Minuman,telur ayam kampung 1 kg,Sulawesi Selatan,Makassar,4471440
01-07-2022,PHI Mini Market - Makassar 01,Niken Setiawan,W,Makanan & Minuman,telur ayam ras 1 kg,Sulawesi Selatan,Makassar,3694420
01-07-2022,PHI Mini Market - Makassar 01,Niken Setiawan,W,Sayur-Sayuran,bawang merah 1 kg,Sulawesi Selatan,Makassar,2705060
01-07-2022,PHI Mini Market - Makassar 01,Niken Setiawan,W,Sayur-Sayuran,bawang putih 1 kg,Sulawesi Selatan,Makassar,1474270
01-07-2022,PHI Mini Market - Makassar 01,Niken Setiawan,W,Sayur-Sayuran,buncis 1 kg,Sulawesi Selatan,Makassar,2037820
01-07-2022,PHI Mini Market - Makassar 01,Niken Setiawan,W,Sayur-Sayuran,kacang hijau 1 kg,Sulawesi Selatan,Makassar,1846260
01-07-2022,PHI Mini Market - Makassar 01,Niken Setiawan,W,Sayur-Sayuran,kacang panjang 1 kg,Sulawesi Selatan,Makassar,3890720
01-07-2022,PHI Mini Market - Makassar 01,Niken Setiawan,W,Sayur-Sayuran,kentang 1 kg,Sulawesi Selatan,Makassar,3059670
01-07-2022,PHI Mini Market - Makassar 01,Niken Setiawan,W,Sayur-Sayuran,ketimun 1 kg,Sulawesi Selatan,Makassar,812260
01-07-2022,PHI Mini Market - Makassar 01,Niken Setiawan,W,Sayur-Sayuran,kobis 1 kg,Sulawesi Selatan,Makassar,445080
01-07-2022,PHI Mini Market - Makassar 01,Niken Setiawan,W,Sayur-Sayuran,tomat 1 kg,Sulawesi Selatan,Makassar,1346440
01-07-2022,PHI Mini Market - Makassar 01,Niken Setiawan,W,Sayur-Sayuran,ubi jalar 1 kg,Sulawesi Selatan,Makassar,405070
01-07-2022,PHI Mini Market - Makassar 01,Niken Setiawan,W,Sayur-Sayuran,ubi kayu basah 1 kg,Sulawesi Selatan,Makassar,391160
01-07-2022,PHI Mini Market - Makassar 01,Niken Setiawan,W,Sayur-Sayuran,wortel 1 kg,Sulawesi Selatan,Makassar,1156020
01-07-2022,PHI Mini Market - Surabaya 01,Aris Siberut,P,Buah,alpukat 1 kg,Jawa Timur,Surabaya,2496730
01-07-2022,PHI Mini Market - Surabaya 01,Aris Siberut,P,Buah,apel 1 kg,Jawa Timur,Surabaya,11705690
01-07-2022,PHI Mini Market - Surabaya 01,Aris Siberut,P,Buah,belimbing 1 kg,Jawa Timur,Surabaya,1036670
01-07-2022,PHI Mini Market - Surabaya 01,Aris Siberut,P,Buah,durian 1 kg,Jawa Timur,Surabaya,5735570
01-07-2022,PHI Mini Market - Surabaya 01,Aris Siberut,P,Buah,jeruk 1 kg,Jawa Timur,Surabaya,5473530
01-07-2022,PHI Mini Market - Surabaya 01,Aris Siberut,P,Buah,kelapa muda,Jawa Timur,Surabaya,2044250
01-07-2022,PHI Mini Market - Surabaya 01,Aris Siberut,P,Makanan & Minuman,air mineral 600 ml,Jawa Timur,Surabaya,243280
01-07-2022,PHI Mini Market - Surabaya 01,Aris Siberut,P,Makanan & Minuman,bumbu fried chicken,Jawa Timur,Surabaya,5283310
01-07-2022,PHI Mini Market - Surabaya 01,Aris Siberut,P,Makanan & Minuman,jus kesehatan 600 ml,Jawa Timur,Surabaya,4092470
01-07-2022,PHI Mini Market - Surabaya 01,Aris Siberut,P,Makanan & Minuman,kacang goreng 1 kg,Jawa Timur,Surabaya,4976550
01-07-2022,PHI Mini Market - Surabaya 01,Aris Siberut,P,Makanan & Minuman,kacang mete 1 kg,Jawa Timur,Surabaya,21165640
01-07-2022,PHI Mini Market - Surabaya 01,Aris Siberut,P,Makanan & Minuman,markisa 600 ml,Jawa Timur,Surabaya,5241400
01-07-2022,PHI Mini Market - Surabaya 01,Aris Siberut,P,Makanan & Minuman,mie instant 1 kotak (40 bungkus),Jawa Timur,Surabaya,47779040
01-07-2022,PHI Mini Market - Surabaya 01,Aris Siberut,P,Makanan & Minuman,minuman probiotik,Jawa Timur,Surabaya,241330
01-07-2022,PHI Mini Market - Surabaya 01,Aris Siberut,P,Makanan & Minuman,nasi goreng instant (1 ons),Jawa Timur,Surabaya,1802210
01-07-2022,PHI Mini Market - Surabaya 01,Aris Siberut,P,Makanan & Minuman,snack gurih 1 ons,Jawa Timur,Surabaya,1891920
01-07-2022,PHI Mini Market - Surabaya 01,Aris Siberut,P,Makanan & Minuman,susu kotak (800 ml),Jawa Timur,Surabaya,3290000
01-07-2022,PHI Mini Market - Surabaya 01,Aris Siberut,P,Makanan & Minuman,susu kotak 1 l,Jawa Timur,Surabaya,3257060
01-07-2022,PHI Mini Market - Surabaya 01,Aris Siberut,P,Makanan & Minuman,telur ayam kampung 1 kg,Jawa Timur,Surabaya,5792050
01-07-2022,PHI Mini Market - Surabaya 01,Aris Siberut,P,Makanan & Minuman,telur ayam ras 1 kg,Jawa Timur,Surabaya,4031590
01-07-2022,PHI Mini Market - Surabaya 01,Aris Siberut,P,Sayur-Sayuran,bawang merah 1 kg,Jawa Timur,Surabaya,3667650
01-07-2022,PHI Mini Market - Surabaya 01,Aris Siberut,P,Sayur-Sayuran,bawang putih 1 kg,Jawa Timur,Surabaya,1782940
01-07-2022,PHI Mini Market - Surabaya 01,Aris Siberut,P,Sayur-Sayuran,buncis 1 kg,Jawa Timur,Surabaya,2555590
01-07-2022,PHI Mini Market - Surabaya 01,Aris Siberut,P,Sayur-Sayuran,kacang hijau 1 kg,Jawa Timur,Surabaya,2522430
01-07-2022,PHI Mini Market - Surabaya 01,Aris Siberut,P,Sayur-Sayuran,kacang panjang 1 kg,Jawa Timur,Surabaya,2271780
01-07-2022,PHI Mini Market - Surabaya 01,Aris Siberut,P,Sayur-Sayuran,kentang 1 kg,Jawa Timur,Surabaya,2744830
01-07-2022,PHI Mini Market - Surabaya 01,Aris Siberut,P,Sayur-Sayuran,ketimun 1 kg,Jawa Timur,Surabaya,1629270
01-07-2022,PHI Mini Market - Surabaya 01,Aris Siberut,P,Sayur-Sayuran,kobis 1 kg,Jawa Timur,Surabaya,249340
01-07-2022,PHI Mini Market - Surabaya 01,Aris Siberut,P,Sayur-Sayuran,tomat 1 kg,Jawa Timur,Surabaya,1927040
01-07-2022,PHI Mini Market - Surabaya 01,Aris Siberut,P,Sayur-Sayuran,ubi jalar 1 kg,Jawa Timur,Surabaya,560890
01-07-2022,PHI Mini Market - Surabaya 01,Aris Siberut,P,Sayur-Sayuran,ubi kayu basah 1 kg,Jawa Timur,Surabaya,398060
01-07-2022,PHI Mini Market - Surabaya 01,Aris Siberut,P,Sayur-Sayuran,wortel 1 kg,Jawa Timur,Surabaya,1009020
01-07-2022,PHI Mini Market - Surabaya 01,Ayu Pekerti,W,Buah,alpukat 1 kg,Jawa Timur,Surabaya,1369350
01-07-2022,PHI Mini Market - Surabaya 01,Ayu Pekerti,W,Buah,apel 1 kg,Jawa Timur,Surabaya,18321300
01-07-2022,PHI Mini Market - Surabaya 01,Ayu Pekerti,W,Buah,belimbing 1 kg,Jawa Timur,Surabaya,1575350
01-07-2022,PHI Mini Market - Surabaya 01,Ayu Pekerti,W,Buah,durian 1 kg,Jawa Timur,Surabaya,5718830
01-07-2022,PHI Mini Market - Surabaya 01,Ayu Pekerti,W,Buah,jeruk 1 kg,Jawa Timur,Surabaya,4497980
01-07-2022,PHI Mini Market - Surabaya 01,Ayu Pekerti,W,Buah,kelapa muda,Jawa Timur,Surabaya,1340250
01-07-2022,PHI Mini Market - Surabaya 01,Ayu Pekerti,W,Buah,mangga 1 kg,Jawa Timur,Surabaya,4993970
01-07-2022,PHI Mini Market - Surabaya 01,Ayu Pekerti,W,Makanan & Minuman,air mineral 600 ml,Jawa Timur,Surabaya,302000
01-07-2022,PHI Mini Market - Surabaya 01,Ayu Pekerti,W,Makanan & Minuman,bumbu fried chicken,Jawa Timur,Surabaya,5374960
01-07-2022,PHI Mini Market - Surabaya 01,Ayu Pekerti,W,Makanan & Minuman,jus kesehatan 600 ml,Jawa Timur,Surabaya,3325840
01-07-2022,PHI Mini Market - Surabaya 01,Ayu Pekerti,W,Makanan & Minuman,kacang goreng 1 kg,Jawa Timur,Surabaya,2978690
01-07-2022,PHI Mini Market - Surabaya 01,Ayu Pekerti,W,Makanan & Minuman,kacang mete 1 kg,Jawa Timur,Surabaya,17408180
01-07-2022,PHI Mini Market - Surabaya 01,Ayu Pekerti,W,Makanan & Minuman,markisa 600 ml,Jawa Timur,Surabaya,5923400
01-07-2022,PHI Mini Market - Surabaya 01,Ayu Pekerti,W,Makanan & Minuman,mie instant 1 kotak (40 bungkus),Jawa Timur,Surabaya,35643350
01-07-2022,PHI Mini Market - Surabaya 01,Ayu Pekerti,W,Makanan & Minuman,minuman probiotik,Jawa Timur,Surabaya,237040
01-07-2022,PHI Mini Market - Surabaya 01,Ayu Pekerti,W,Makanan & Minuman,nasi goreng instant (1 ons),Jawa Timur,Surabaya,1577900
01-07-2022,PHI Mini Market - Surabaya 01,Ayu Pekerti,W,Makanan & Minuman,snack gurih 1 ons,Jawa Timur,Surabaya,1723090
01-07-2022,PHI Mini Market - Surabaya 01,Ayu Pekerti,W,Makanan & Minuman,susu kotak (800 ml),Jawa Timur,Surabaya,4457280
01-07-2022,PHI Mini Market - Surabaya 01,Ayu Pekerti,W,Makanan & Minuman,susu kotak 1 l,Jawa Timur,Surabaya,3489320
01-07-2022,PHI Mini Market - Surabaya 01,Ayu Pekerti,W,Makanan & Minuman,telur ayam kampung 1 kg,Jawa Timur,Surabaya,7888870
01-07-2022,PHI Mini Market - Surabaya 01,Ayu Pekerti,W,Makanan & Minuman,telur ayam ras 1 kg,Jawa Timur,Surabaya,2948730
01-07-2022,PHI Mini Market - Surabaya 01,Ayu Pekerti,W,Sayur-Sayuran,bawang merah 1 kg,Jawa Timur,Surabaya,4040490
01-07-2022,PHI Mini Market - Surabaya 01,Ayu Pekerti,W,Sayur-Sayuran,bawang putih 1 kg,Jawa Timur,Surabaya,1141940
01-07-2022,PHI Mini Market - Surabaya 01,Ayu Pekerti,W,Sayur-Sayuran,buncis 1 kg,Jawa Timur,Surabaya,1960350
01-07-2022,PHI Mini Market - Surabaya 01,Ayu Pekerti,W,Sayur-Sayuran,kacang hijau 1 kg,Jawa Timur,Surabaya,3027290
01-07-2022,PHI Mini Market - Surabaya 01,Ayu Pekerti,W,Sayur-Sayuran,kacang panjang 1 kg,Jawa Timur,Surabaya,3360360
01-07-2022,PHI Mini Market - Surabaya 01,Ayu Pekerti,W,Sayur-Sayuran,kentang 1 kg,Jawa Timur,Surabaya,2753380
01-07-2022,PHI Mini Market - Surabaya 01,Ayu Pekerti,W,Sayur-Sayuran,ketimun 1 kg,Jawa Timur,Surabaya,1167410
01-07-2022,PHI Mini Market - Surabaya 01,Ayu Pekerti,W,Sayur-Sayuran,kobis 1 kg,Jawa Timur,Surabaya,358090
01-07-2022,PHI Mini Market - Surabaya 01,Ayu Pekerti,W,Sayur-Sayuran,tomat 1 kg,Jawa Timur,Surabaya,1271800
01-07-2022,PHI Mini Market - Surabaya 01,Ayu Pekerti,W,Sayur-Sayuran,ubi jalar 1 kg,Jawa Timur,Surabaya,354370
01-07-2022,PHI Mini Market - Surabaya 01,Ayu Pekerti,W,Sayur-Sayuran,ubi kayu basah 1 kg,Jawa Timur,Surabaya,331950
01-07-2022,PHI Mini Market - Surabaya 01,Ayu Pekerti,W,Sayur-Sayuran,wortel 1 kg,Jawa Timur,Surabaya,924770
01-07-2022,PHI Mini Market - Surabaya 01,Budi Tenteram,P,Buah,alpukat 1 kg,Jawa Timur,Surabaya,2112760
01-07-2022,PHI Mini Market - Surabaya 01,Budi Tenteram,P,Buah,apel 1 kg,Jawa Timur,Surabaya,20114250
01-07-2022,PHI Mini Market - Surabaya 01,Budi Tenteram,P,Buah,belimbing 1 kg,Jawa Timur,Surabaya,1693310
01-07-2022,PHI Mini Market - Surabaya 01,Budi Tenteram,P,Buah,durian 1 kg,Jawa Timur,Surabaya,5023680
01-07-2022,PHI Mini Market - Surabaya 01,Budi Tenteram,P,Buah,jeruk 1 kg,Jawa Timur,Surabaya,4966360
01-07-2022,PHI Mini Market - Surabaya 01,Budi Tenteram,P,Buah,kelapa muda,Jawa Timur,Surabaya,1712240
01-07-2022,PHI Mini Market - Surabaya 01,Budi Tenteram,P,Buah,mangga 1 kg,Jawa Timur,Surabaya,5494930
01-07-2022,PHI Mini Market - Surabaya 01,Budi Tenteram,P,Makanan & Minuman,air mineral 600 ml,Jawa Timur,Surabaya,468700
01-07-2022,PHI Mini Market - Surabaya 01,Budi Tenteram,P,Makanan & Minuman,bumbu fried chicken,Jawa Timur,Surabaya,5221620
01-07-2022,PHI Mini Market - Surabaya 01,Budi Tenteram,P,Makanan & Minuman,jus kesehatan 600 ml,Jawa Timur,Surabaya,2970530
01-07-2022,PHI Mini Market - Surabaya 01,Budi Tenteram,P,Makanan & Minuman,kacang goreng 1 kg,Jawa Timur,Surabaya,4481250
01-07-2022,PHI Mini Market - Surabaya 01,Budi Tenteram,P,Makanan & Minuman,kacang mete 1 kg,Jawa Timur,Surabaya,22524570
01-07-2022,PHI Mini Market - Surabaya 01,Budi Tenteram,P,Makanan & Minuman,markisa 600 ml,Jawa Timur,Surabaya,4228380
01-07-2022,PHI Mini Market - Surabaya 01,Budi Tenteram,P,Makanan & Minuman,mie instant 1 kotak (40 bungkus),Jawa Timur,Surabaya,27013620
01-07-2022,PHI Mini Market - Surabaya 01,Budi Tenteram,P,Makanan & Minuman,minuman probiotik,Jawa Timur,Surabaya,273590
01-07-2022,PHI Mini Market - Surabaya 01,Budi Tenteram,P,Makanan & Minuman,nasi goreng instant (1 ons),Jawa Timur,Surabaya,1907960
01-07-2022,PHI Mini Market - Surabaya 01,Budi Tenteram,P,Makanan & Minuman,snack gurih 1 ons,Jawa Timur,Surabaya,1740830
01-07-2022,PHI Mini Market - Surabaya 01,Budi Tenteram,P,Makanan & Minuman,susu kotak (800 ml),Jawa Timur,Surabaya,4345040
01-07-2022,PHI Mini Market - Surabaya 01,Budi Tenteram,P,Makanan & Minuman,susu kotak 1 l,Jawa Timur,Surabaya,3766300
01-07-2022,PHI Mini Market - Surabaya 01,Budi Tenteram,P,Makanan & Minuman,telur ayam kampung 1 kg,Jawa Timur,Surabaya,5772340
01-07-2022,PHI Mini Market - Surabaya 01,Budi Tenteram,P,Makanan & Minuman,telur ayam ras 1 kg,Jawa Timur,Surabaya,3304340
01-07-2022,PHI Mini Market - Surabaya 01,Budi Tenteram,P,Sayur-Sayuran,bawang merah 1 kg,Jawa Timur,Surabaya,3171630
01-07-2022,PHI Mini Market - Surabaya 01,Budi Tenteram,P,Sayur-Sayuran,bawang putih 1 kg,Jawa Timur,Surabaya,921560
01-07-2022,PHI Mini Market - Surabaya 01,Budi Tenteram,P,Sayur-Sayuran,buncis 1 kg,Jawa Timur,Surabaya,1246970
01-07-2022,PHI Mini Market - Surabaya 01,Budi Tenteram,P,Sayur-Sayuran,kacang hijau 1 kg,Jawa Timur,Surabaya,1621820
01-07-2022,PHI Mini Market - Surabaya 01,Budi Tenteram,P,Sayur-Sayuran,kacang panjang 1 kg,Jawa Timur,Surabaya,3122600
01-07-2022,PHI Mini Market - Surabaya 01,Budi Tenteram,P,Sayur-Sayuran,kentang 1 kg,Jawa Timur,Surabaya,2515650
01-07-2022,PHI Mini Market - Surabaya 01,Budi Tenteram,P,Sayur-Sayuran,ketimun 1 kg,Jawa Timur,Surabaya,1305580
01-07-2022,PHI Mini Market - Surabaya 01,Budi Tenteram,P,Sayur-Sayuran,kobis 1 kg,Jawa Timur,Surabaya,437410
01-07-2022,PHI Mini Market - Surabaya 01,Budi Tenteram,P,Sayur-Sayuran,tomat 1 kg,Jawa Timur,Surabaya,1608000
01-07-2022,PHI Mini Market - Surabaya 01,Budi Tenteram,P,Sayur-Sayuran,ubi jalar 1 kg,Jawa Timur,Surabaya,533590
01-07-2022,PHI Mini Market - Surabaya 01,Budi Tenteram,P,Sayur-Sayuran,ubi kayu basah 1 kg,Jawa Timur,Surabaya,306160
01-07-2022,PHI Mini Market - Surabaya 01,Budi Tenteram,P,Sayur-Sayuran,wortel 1 kg,Jawa Timur,Surabaya,693140
01-07-2022,PHI Mini Market - Surabaya 01,Galang Setiawan,P,Buah,alpukat 1 kg,Jawa Timur,Surabaya,2458790
01-07-2022,PHI Mini Market - Surabaya 01,Galang Setiawan,P,Buah,apel 1 kg,Jawa Timur,Surabaya,17347980
01-07-2022,PHI Mini Market - Surabaya 01,Galang Setiawan,P,Buah,belimbing 1 kg,Jawa Timur,Surabaya,1079720
01-07-2022,PHI Mini Market - Surabaya 01,Galang Setiawan,P,Buah,durian 1 kg,Jawa Timur,Surabaya,6306110
01-07-2022,PHI Mini Market - Surabaya 01,Galang Setiawan,P,Buah,jeruk 1 kg,Jawa Timur,Surabaya,4882060
01-07-2022,PHI Mini Market - Surabaya 01,Galang Setiawan,P,Buah,kelapa muda,Jawa Timur,Surabaya,1643520
01-07-2022,PHI Mini Market - Surabaya 01,Galang Setiawan,P,Buah,mangga 1 kg,Jawa Timur,Surabaya,4336110
01-07-2022,PHI Mini Market - Surabaya 01,Galang Setiawan,P,Makanan & Minuman,air mineral 600 ml,Jawa Timur,Surabaya,384090
01-07-2022,PHI Mini Market - Surabaya 01,Galang Setiawan,P,Makanan & Minuman,bumbu fried chicken,Jawa Timur,Surabaya,5451560
01-07-2022,PHI Mini Market - Surabaya 01,Galang Setiawan,P,Makanan & Minuman,jus kesehatan 600 ml,Jawa Timur,Surabaya,3624570
01-07-2022,PHI Mini Market - Surabaya 01,Galang Setiawan,P,Makanan & Minuman,kacang goreng 1 kg,Jawa Timur,Surabaya,4228980
01-07-2022,PHI Mini Market - Surabaya 01,Galang Setiawan,P,Makanan & Minuman,kacang mete 1 kg,Jawa Timur,Surabaya,23153030
01-07-2022,PHI Mini Market - Surabaya 01,Galang Setiawan,P,Makanan & Minuman,markisa 600 ml,Jawa Timur,Surabaya,3784820
01-07-2022,PHI Mini Market - Surabaya 01,Galang Setiawan,P,Makanan & Minuman,mie instant 1 kotak (40 bungkus),Jawa Timur,Surabaya,29080990
01-07-2022,PHI Mini Market - Surabaya 01,Galang Setiawan,P,Makanan & Minuman,minuman probiotik,Jawa Timur,Surabaya,358120
01-07-2022,PHI Mini Market - Surabaya 01,Galang Setiawan,P,Makanan & Minuman,nasi goreng instant (1 ons),Jawa Timur,Surabaya,1660030
01-07-2022,PHI Mini Market - Surabaya 01,Galang Setiawan,P,Makanan & Minuman,snack gurih 1 ons,Jawa Timur,Surabaya,2103420
01-07-2022,PHI Mini Market - Surabaya 01,Galang Setiawan,P,Makanan & Minuman,susu kotak (800 ml),Jawa Timur,Surabaya,5284100
01-07-2022,PHI Mini Market - Surabaya 01,Galang Setiawan,P,Makanan & Minuman,susu kotak 1 l,Jawa Timur,Surabaya,3153530
01-07-2022,PHI Mini Market - Surabaya 01,Galang Setiawan,P,Makanan & Minuman,telur ayam kampung 1 kg,Jawa Timur,Surabaya,9806010
01-07-2022,PHI Mini Market - Surabaya 01,Galang Setiawan,P,Makanan & Minuman,telur ayam ras 1 kg,Jawa Timur,Surabaya,3998950
01-07-2022,PHI Mini Market - Surabaya 01,Galang Setiawan,P,Sayur-Sayuran,bawang merah 1 kg,Jawa Timur,Surabaya,3190840
01-07-2022,PHI Mini Market - Surabaya 01,Galang Setiawan,P,Sayur-Sayuran,bawang putih 1 kg,Jawa Timur,Surabaya,1365140
01-07-2022,PHI Mini Market - Surabaya 01,Galang Setiawan,P,Sayur-Sayuran,buncis 1 kg,Jawa Timur,Surabaya,1811270
01-07-2022,PHI Mini Market - Surabaya 01,Galang Setiawan,P,Sayur-Sayuran,kacang hijau 1 kg,Jawa Timur,Surabaya,1762160
01-07-2022,PHI Mini Market - Surabaya 01,Galang Setiawan,P,Sayur-Sayuran,kacang panjang 1 kg,Jawa Timur,Surabaya,2304590
01-07-2022,PHI Mini Market - Surabaya 01,Galang Setiawan,P,Sayur-Sayuran,kentang 1 kg,Jawa Timur,Surabaya,2770730
01-07-2022,PHI Mini Market - Surabaya 01,Galang Setiawan,P,Sayur-Sayuran,ketimun 1 kg,Jawa Timur,Surabaya,1313810
01-07-2022,PHI Mini Market - Surabaya 01,Galang Setiawan,P,Sayur-Sayuran,kobis 1 kg,Jawa Timur,Surabaya,301830
01-07-2022,PHI Mini Market - Surabaya 01,Galang Setiawan,P,Sayur-Sayuran,tomat 1 kg,Jawa Timur,Surabaya,1363560
01-07-2022,PHI Mini Market - Surabaya 01,Galang Setiawan,P,Sayur-Sayuran,ubi jalar 1 kg,Jawa Timur,Surabaya,495780
01-07-2022,PHI Mini Market - Surabaya 01,Galang Setiawan,P,Sayur-Sayuran,ubi kayu basah 1 kg,Jawa Timur,Surabaya,290620
01-07-2022,PHI Mini Market - Surabaya 01,Galang Setiawan,P,Sayur-Sayuran,wortel 1 kg,Jawa Timur,Surabaya,1044980
01-07-2022,PHI Mini Market - Surabaya 01,Harum Selangit,W,Buah,alpukat 1 kg,Jawa Timur,Surabaya,1536430
01-07-2022,PHI Mini Market - Surabaya 01,Harum Selangit,W,Buah,apel 1 kg,Jawa Timur,Surabaya,17690420
01-07-2022,PHI Mini Market - Surabaya 01,Harum Selangit,W,Buah,belimbing 1 kg,Jawa Timur,Surabaya,1907120
01-07-2022,PHI Mini Market - Surabaya 01,Harum Selangit,W,Buah,durian 1 kg,Jawa Timur,Surabaya,5773700
01-07-2022,PHI Mini Market - Surabaya 01,Harum Selangit,W,Buah,jeruk 1 kg,Jawa Timur,Surabaya,4692070
01-07-2022,PHI Mini Market - Surabaya 01,Harum Selangit,W,Buah,kelapa muda,Jawa Timur,Surabaya,2066240
01-07-2022,PHI Mini Market - Surabaya 01,Harum Selangit,W,Buah,mangga 1 kg,Jawa Timur,Surabaya,5615280
01-07-2022,PHI Mini Market - Surabaya 01,Harum Selangit,W,Makanan & Minuman,air mineral 600 ml,Jawa Timur,Surabaya,422350
01-07-2022,PHI Mini Market - Surabaya 01,Harum Selangit,W,Makanan & Minuman,bumbu fried chicken,Jawa Timur,Surabaya,4191300
01-07-2022,PHI Mini Market - Surabaya 01,Harum Selangit,W,Makanan & Minuman,jus kesehatan 600 ml,Jawa Timur,Surabaya,2978410
01-07-2022,PHI Mini Market - Surabaya 01,Harum Selangit,W,Makanan & Minuman,kacang goreng 1 kg,Jawa Timur,Surabaya,3696400
01-07-2022,PHI Mini Market - Surabaya 01,Harum Selangit,W,Makanan & Minuman,kacang mete 1 kg,Jawa Timur,Surabaya,23880720
01-07-2022,PHI Mini Market - Surabaya 01,Harum Selangit,W,Makanan & Minuman,markisa 600 ml,Jawa Timur,Surabaya,4226580
01-07-2022,PHI Mini Market - Surabaya 01,Harum Selangit,W,Makanan & Minuman,mie instant 1 kotak (40 bungkus),Jawa Timur,Surabaya,30851250
01-07-2022,PHI Mini Market - Surabaya 01,Harum Selangit,W,Makanan & Minuman,minuman probiotik,Jawa Timur,Surabaya,278460
01-07-2022,PHI Mini Market - Surabaya 01,Harum Selangit,W,Makanan & Minuman,nasi goreng instant (1 ons),Jawa Timur,Surabaya,1371230
01-07-2022,PHI Mini Market - Surabaya 01,Harum Selangit,W,Makanan & Minuman,snack gurih 1 ons,Jawa Timur,Surabaya,1543120
01-07-2022,PHI Mini Market - Surabaya 01,Harum Selangit,W,Makanan & Minuman,susu kotak (800 ml),Jawa Timur,Surabaya,4327250
01-07-2022,PHI Mini Market - Surabaya 01,Harum Selangit,W,Makanan & Minuman,susu kotak 1 l,Jawa Timur,Surabaya,4632880
01-07-2022,PHI Mini Market - Surabaya 01,Harum Selangit,W,Makanan & Minuman,telur ayam kampung 1 kg,Jawa Timur,Surabaya,6824770
01-07-2022,PHI Mini Market - Surabaya 01,Harum Selangit,W,Makanan & Minuman,telur ayam ras 1 kg,Jawa Timur,Surabaya,4321730
01-07-2022,PHI Mini Market - Surabaya 01,Harum Selangit,W,Sayur-Sayuran,bawang merah 1 kg,Jawa Timur,Surabaya,3894950
01-07-2022,PHI Mini Market - Surabaya 01,Harum Selangit,W,Sayur-Sayuran,bawang putih 1 kg,Jawa Timur,Surabaya,1296220
01-07-2022,PHI Mini Market - Surabaya 01,Harum Selangit,W,Sayur-Sayuran,buncis 1 kg,Jawa Timur,Surabaya,1845820
01-07-2022,PHI Mini Market - Surabaya 01,Harum Selangit,W,Sayur-Sayuran,kacang hijau 1 kg,Jawa Timur,Surabaya,2241210
01-07-2022,PHI Mini Market - Surabaya 01,Harum Selangit,W,Sayur-Sayuran,kacang panjang 1 kg,Jawa Timur,Surabaya,3354280
01-07-2022,PHI Mini Market - Surabaya 01,Harum Selangit,W,Sayur-Sayuran,kentang 1 kg,Jawa Timur,Surabaya,2894040
01-07-2022,PHI Mini Market - Surabaya 01,Harum Selangit,W,Sayur-Sayuran,ketimun 1 kg,Jawa Timur,Surabaya,1719130
01-07-2022,PHI Mini Market - Surabaya 01,Harum Selangit,W,Sayur-Sayuran,kobis 1 kg,Jawa Timur,Surabaya,309780
01-07-2022,PHI Mini Market - Surabaya 01,Harum Selangit,W,Sayur-Sayuran,tomat 1 kg,Jawa Timur,Surabaya,1147000
01-07-2022,PHI Mini Market - Surabaya 01,Harum Selangit,W,Sayur-Sayuran,ubi jalar 1 kg,Jawa Timur,Surabaya,379880
01-07-2022,PHI Mini Market - Surabaya 01,Harum Selangit,W,Sayur-Sayuran,ubi kayu basah 1 kg,Jawa Timur,Surabaya,188300
01-07-2022,PHI Mini Market - Surabaya 01,Harum Selangit,W,Sayur-Sayuran,wortel 1 kg,Jawa Timur,Surabaya,1375380
01-07-2022,PHI Mini Market - Surabaya 01,Mariani Damai,W,Buah,alpukat 1 kg,Jawa Timur,Surabaya,2045520
01-07-2022,PHI Mini Market - Surabaya 01,Mariani Damai,W,Buah,apel 1 kg,Jawa Timur,Surabaya,20973730
01-07-2022,PHI Mini Market - Surabaya 01,Mariani Damai,W,Buah,belimbing 1 kg,Jawa Timur,Surabaya,1522850
01-07-2022,PHI Mini Market - Surabaya 01,Mariani Damai,W,Buah,durian 1 kg,Jawa Timur,Surabaya,4474760
01-07-2022,PHI Mini Market - Surabaya 01,Mariani Damai,W,Buah,jeruk 1 kg,Jawa Timur,Surabaya,4387020
01-07-2022,PHI Mini Market - Surabaya 01,Mariani Damai,W,Buah,kelapa muda,Jawa Timur,Surabaya,1231630
01-07-2022,PHI Mini Market - Surabaya 01,Mariani Damai,W,Makanan & Minuman,air mineral 600 ml,Jawa Timur,Surabaya,268260
01-07-2022,PHI Mini Market - Surabaya 01,Mariani Damai,W,Makanan & Minuman,bumbu fried chicken,Jawa Timur,Surabaya,3253880
01-07-2022,PHI Mini Market - Surabaya 01,Mariani Damai,W,Makanan & Minuman,jus kesehatan 600 ml,Jawa Timur,Surabaya,2125580
01-07-2022,PHI Mini Market - Surabaya 01,Mariani Damai,W,Makanan & Minuman,kacang goreng 1 kg,Jawa Timur,Surabaya,5154840
01-07-2022,PHI Mini Market - Surabaya 01,Mariani Damai,W,Makanan & Minuman,kacang mete 1 kg,Jawa Timur,Surabaya,16482180
01-07-2022,PHI Mini Market - Surabaya 01,Mariani Damai,W,Makanan & Minuman,markisa 600 ml,Jawa Timur,Surabaya,4756020
01-07-2022,PHI Mini Market - Surabaya 01,Mariani Damai,W,Makanan & Minuman,mie instant 1 kotak (40 bungkus),Jawa Timur,Surabaya,24774420
01-07-2022,PHI Mini Market - Surabaya 01,Mariani Damai,W,Makanan & Minuman,minuman probiotik,Jawa Timur,Surabaya,275220
01-07-2022,PHI Mini Market - Surabaya 01,Mariani Damai,W,Makanan & Minuman,nasi goreng instant (1 ons),Jawa Timur,Surabaya,2054400
01-07-2022,PHI Mini Market - Surabaya 01,Mariani Damai,W,Makanan & Minuman,snack gurih 1 ons,Jawa Timur,Surabaya,1912680
01-07-2022,PHI Mini Market - Surabaya 01,Mariani Damai,W,Makanan & Minuman,susu kotak (800 ml),Jawa Timur,Surabaya,5663810
01-07-2022,PHI Mini Market - Surabaya 01,Mariani Damai,W,Makanan & Minuman,susu kotak 1 l,Jawa Timur,Surabaya,2885720
01-07-2022,PHI Mini Market - Surabaya 01,Mariani Damai,W,Makanan & Minuman,telur ayam kampung 1 kg,Jawa Timur,Surabaya,6577820
01-07-2022,PHI Mini Market - Surabaya 01,Mariani Damai,W,Makanan & Minuman,telur ayam ras 1 kg,Jawa Timur,Surabaya,4712150
01-07-2022,PHI Mini Market - Surabaya 01,Mariani Damai,W,Sayur-Sayuran,bawang merah 1 kg,Jawa Timur,Surabaya,4206420
01-07-2022,PHI Mini Market - Surabaya 01,Mariani Damai,W,Sayur-Sayuran,bawang putih 1 kg,Jawa Timur,Surabaya,908930
01-07-2022,PHI Mini Market - Surabaya 01,Mariani Damai,W,Sayur-Sayuran,buncis 1 kg,Jawa Timur,Surabaya,2182070
01-07-2022,PHI Mini Market - Surabaya 01,Mariani Damai,W,Sayur-Sayuran,kacang hijau 1 kg,Jawa Timur,Surabaya,2596130
01-07-2022,PHI Mini Market - Surabaya 01,Mariani Damai,W,Sayur-Sayuran,kacang panjang 1 kg,Jawa Timur,Surabaya,3587270
01-07-2022,PHI Mini Market - Surabaya 01,Mariani Damai,W,Sayur-Sayuran,kentang 1 kg,Jawa Timur,Surabaya,2905740
01-07-2022,PHI Mini Market - Surabaya 01,Mariani Damai,W,Sayur-Sayuran,ketimun 1 kg,Jawa Timur,Surabaya,1051390
01-07-2022,PHI Mini Market - Surabaya 01,Mariani Damai,W,Sayur-Sayuran,kobis 1 kg,Jawa Timur,Surabaya,391900
01-07-2022,PHI Mini Market - Surabaya 01,Mariani Damai,W,Sayur-Sayuran,tomat 1 kg,Jawa Timur,Surabaya,1487240
01-07-2022,PHI Mini Market - Surabaya 01,Mariani Damai,W,Sayur-Sayuran,ubi jalar 1 kg,Jawa Timur,Surabaya,315800
01-07-2022,PHI Mini Market - Surabaya 01,Mariani Damai,W,Sayur-Sayuran,ubi kayu basah 1 kg,Jawa Timur,Surabaya,357880
01-07-2022,PHI Mini Market - Surabaya 01,Mariani Damai,W,Sayur-Sayuran,wortel 1 kg,Jawa Timur,Surabaya,999820
01-07-2022,PHI Mini Market - Surabaya 01,Mulia Setiawan,P,Buah,alpukat 1 kg,Jawa Timur,Surabaya,1951840
01-07-2022,PHI Mini Market - Surabaya 01,Mulia Setiawan,P,Buah,apel 1 kg,Jawa Timur,Surabaya,22716260
01-07-2022,PHI Mini Market - Surabaya 01,Mulia Setiawan,P,Buah,belimbing 1 kg,Jawa Timur,Surabaya,1267440
01-07-2022,PHI Mini Market - Surabaya 01,Mulia Setiawan,P,Buah,durian 1 kg,Jawa Timur,Surabaya,5087820
01-07-2022,PHI Mini Market - Surabaya 01,Mulia Setiawan,P,Buah,jeruk 1 kg,Jawa Timur,Surabaya,3731750
01-07-2022,PHI Mini Market - Surabaya 01,Mulia Setiawan,P,Buah,kelapa muda,Jawa Timur,Surabaya,1490960
01-07-2022,PHI Mini Market - Surabaya 01,Mulia Setiawan,P,Buah,mangga 1 kg,Jawa Timur,Surabaya,4495590
01-07-2022,PHI Mini Market - Surabaya 01,Mulia Setiawan,P,Makanan & Minuman,air mineral 600 ml,Jawa Timur,Surabaya,441030
01-07-2022,PHI Mini Market - Surabaya 01,Mulia Setiawan,P,Makanan & Minuman,bumbu fried chicken,Jawa Timur,Surabaya,4818220
01-07-2022,PHI Mini Market - Surabaya 01,Mulia Setiawan,P,Makanan & Minuman,jus kesehatan 600 ml,Jawa Timur,Surabaya,2547320
01-07-2022,PHI Mini Market - Surabaya 01,Mulia Setiawan,P,Makanan & Minuman,kacang goreng 1 kg,Jawa Timur,Surabaya,5222680
01-07-2022,PHI Mini Market - Surabaya 01,Mulia Setiawan,P,Makanan & Minuman,kacang mete 1 kg,Jawa Timur,Surabaya,18229930
01-07-2022,PHI Mini Market - Surabaya 01,Mulia Setiawan,P,Makanan & Minuman,markisa 600 ml,Jawa Timur,Surabaya,4324980
01-07-2022,PHI Mini Market - Surabaya 01,Mulia Setiawan,P,Makanan & Minuman,mie instant 1 kotak (40 bungkus),Jawa Timur,Surabaya,26066830
01-07-2022,PHI Mini Market - Surabaya 01,Mulia Setiawan,P,Makanan & Minuman,minuman probiotik,Jawa Timur,Surabaya,264650
01-07-2022,PHI Mini Market - Surabaya 01,Mulia Setiawan,P,Makanan & Minuman,nasi goreng instant (1 ons),Jawa Timur,Surabaya,2687530
01-07-2022,PHI Mini Market - Surabaya 01,Mulia Setiawan,P,Makanan & Minuman,snack gurih 1 ons,Jawa Timur,Surabaya,2057420
01-07-2022,PHI Mini Market - Surabaya 01,Mulia Setiawan,P,Makanan & Minuman,susu kotak (800 ml),Jawa Timur,Surabaya,4365010
01-07-2022,PHI Mini Market - Surabaya 01,Mulia Setiawan,P,Makanan & Minuman,susu kotak 1 l,Jawa Timur,Surabaya,3726360
01-07-2022,PHI Mini Market - Surabaya 01,Mulia Setiawan,P,Makanan & Minuman,telur ayam kampung 1 kg,Jawa Timur,Surabaya,7448270
01-07-2022,PHI Mini Market - Surabaya 01,Mulia Setiawan,P,Makanan & Minuman,telur ayam ras 1 kg,Jawa Timur,Surabaya,4543430
01-07-2022,PHI Mini Market - Surabaya 01,Mulia Setiawan,P,Sayur-Sayuran,bawang merah 1 kg,Jawa Timur,Surabaya,4439320
01-07-2022,PHI Mini Market - Surabaya 01,Mulia Setiawan,P,Sayur-Sayuran,bawang putih 1 kg,Jawa Timur,Surabaya,1102020
01-07-2022,PHI Mini Market - Surabaya 01,Mulia Setiawan,P,Sayur-Sayuran,buncis 1 kg,Jawa Timur,Surabaya,2336900
01-07-2022,PHI Mini Market - Surabaya 01,Mulia Setiawan,P,Sayur-Sayuran,kacang hijau 1 kg,Jawa Timur,Surabaya,1603600
01-07-2022,PHI Mini Market - Surabaya 01,Mulia Setiawan,P,Sayur-Sayuran,kacang panjang 1 kg,Jawa Timur,Surabaya,2799480
01-07-2022,PHI Mini Market - Surabaya 01,Mulia Setiawan,P,Sayur-Sayuran,kentang 1 kg,Jawa Timur,Surabaya,2347900
01-07-2022,PHI Mini Market - Surabaya 01,Mulia Setiawan,P,Sayur-Sayuran,ketimun 1 kg,Jawa Timur,Surabaya,1537380
01-07-2022,PHI Mini Market - Surabaya 01,Mulia Setiawan,P,Sayur-Sayuran,kobis 1 kg,Jawa Timur,Surabaya,215960
01-07-2022,PHI Mini Market - Surabaya 01,Mulia Setiawan,P,Sayur-Sayuran,tomat 1 kg,Jawa Timur,Surabaya,1232830
01-07-2022,PHI Mini Market - Surabaya 01,Mulia Setiawan,P,Sayur-Sayuran,ubi jalar 1 kg,Jawa Timur,Surabaya,295340
01-07-2022,PHI Mini Market - Surabaya 01,Mulia Setiawan,P,Sayur-Sayuran,ubi kayu basah 1 kg,Jawa Timur,Surabaya,262510
01-07-2022,PHI Mini Market - Surabaya 01,Mulia Setiawan,P,Sayur-Sayuran,wortel 1 kg,Jawa Timur,Surabaya,791830
01-07-2022,PHI Mini Market - Surabaya 01,Mulyo Damai,P,Buah,alpukat 1 kg,Jawa Timur,Surabaya,1960190
01-07-2022,PHI Mini Market - Surabaya 01,Mulyo Damai,P,Buah,apel 1 kg,Jawa Timur,Surabaya,11442560
01-07-2022,PHI Mini Market - Surabaya 01,Mulyo Damai,P,Buah,belimbing 1 kg,Jawa Timur,Surabaya,2023970
01-07-2022,PHI Mini Market - Surabaya 01,Mulyo Damai,P,Buah,durian 1 kg,Jawa Timur,Surabaya,5945940
01-07-2022,PHI Mini Market - Surabaya 01,Mulyo Damai,P,Buah,jeruk 1 kg,Jawa Timur,Surabaya,4754020
01-07-2022,PHI Mini Market - Surabaya 01,Mulyo Damai,P,Buah,kelapa muda,Jawa Timur,Surabaya,1270570
01-07-2022,PHI Mini Market - Surabaya 01,Mulyo Damai,P,Makanan & Minuman,air mineral 600 ml,Jawa Timur,Surabaya,337740
01-07-2022,PHI Mini Market - Surabaya 01,Mulyo Damai,P,Makanan & Minuman,bumbu fried chicken,Jawa Timur,Surabaya,4577630
01-07-2022,PHI Mini Market - Surabaya 01,Mulyo Damai,P,Makanan & Minuman,jus kesehatan 600 ml,Jawa Timur,Surabaya,2132870
01-07-2022,PHI Mini Market - Surabaya 01,Mulyo Damai,P,Makanan & Minuman,kacang goreng 1 kg,Jawa Timur,Surabaya,5311070
01-07-2022,PHI Mini Market - Surabaya 01,Mulyo Damai,P,Makanan & Minuman,kacang mete 1 kg,Jawa Timur,Surabaya,17680510
01-07-2022,PHI Mini Market - Surabaya 01,Mulyo Damai,P,Makanan & Minuman,markisa 600 ml,Jawa Timur,Surabaya,5681530
01-07-2022,PHI Mini Market - Surabaya 01,Mulyo Damai,P,Makanan & Minuman,mie instant 1 kotak (40 bungkus),Jawa Timur,Surabaya,19982130
01-07-2022,PHI Mini Market - Surabaya 01,Mulyo Damai,P,Makanan & Minuman,minuman probiotik,Jawa Timur,Surabaya,355940
01-07-2022,PHI Mini Market - Surabaya 01,Mulyo Damai,P,Makanan & Minuman,nasi goreng instant (1 ons),Jawa Timur,Surabaya,1742890
01-07-2022,PHI Mini Market - Surabaya 01,Mulyo Damai,P,Makanan & Minuman,snack gurih 1 ons,Jawa Timur,Surabaya,1157280
01-07-2022,PHI Mini Market - Surabaya 01,Mulyo Damai,P,Makanan & Minuman,susu kotak (800 ml),Jawa Timur,Surabaya,3847040
01-07-2022,PHI Mini Market - Surabaya 01,Mulyo Damai,P,Makanan & Minuman,susu kotak 1 l,Jawa Timur,Surabaya,4161180
01-07-2022,PHI Mini Market - Surabaya 01,Mulyo Damai,P,Makanan & Minuman,telur ayam kampung 1 kg,Jawa Timur,Surabaya,7302280
01-07-2022,PHI Mini Market - Surabaya 01,Mulyo Damai,P,Makanan & Minuman,telur ayam ras 1 kg,Jawa Timur,Surabaya,4467160
01-07-2022,PHI Mini Market - Surabaya 01,Mulyo Damai,P,Sayur-Sayuran,bawang merah 1 kg,Jawa Timur,Surabaya,4032080
01-07-2022,PHI Mini Market - Surabaya 01,Mulyo Damai,P,Sayur-Sayuran,bawang putih 1 kg,Jawa Timur,Surabaya,1302880
01-07-2022,PHI Mini Market - Surabaya 01,Mulyo Damai,P,Sayur-Sayuran,buncis 1 kg,Jawa Timur,Surabaya,1221360
01-07-2022,PHI Mini Market - Surabaya 01,Mulyo Damai,P,Sayur-Sayuran,kacang hijau 1 kg,Jawa Timur,Surabaya,2338300
01-07-2022,PHI Mini Market - Surabaya 01,Mulyo Damai,P,Sayur-Sayuran,kacang panjang 1 kg,Jawa Timur,Surabaya,2877840
01-07-2022,PHI Mini Market - Surabaya 01,Mulyo Damai,P,Sayur-Sayuran,kentang 1 kg,Jawa Timur,Surabaya,2799410
01-07-2022,PHI Mini Market - Surabaya 01,Mulyo Damai,P,Sayur-Sayuran,ketimun 1 kg,Jawa Timur,Surabaya,1320940
01-07-2022,PHI Mini Market - Surabaya 01,Mulyo Damai,P,Sayur-Sayuran,kobis 1 kg,Jawa Timur,Surabaya,441050
01-07-2022,PHI Mini Market - Surabaya 01,Mulyo Damai,P,Sayur-Sayuran,tomat 1 kg,Jawa Timur,Surabaya,1928500
01-07-2022,PHI Mini Market - Surabaya 01,Mulyo Damai,P,Sayur-Sayuran,ubi jalar 1 kg,Jawa Timur,Surabaya,416160
01-07-2022,PHI Mini Market - Surabaya 01,Mulyo Damai,P,Sayur-Sayuran,ubi kayu basah 1 kg,Jawa Timur,Surabaya,481420
01-07-2022,PHI Mini Market - Surabaya 01,Mulyo Damai,P,Sayur-Sayuran,wortel 1 kg,Jawa Timur,Surabaya,866120
01-07-2022,PHI Mini Market - Surabaya 01,Natali Menawan,W,Buah,alpukat 1 kg,Jawa Timur,Surabaya,4096320
01-07-2022,PHI Mini Market - Surabaya 01,Natali Menawan,W,Buah,apel 1 kg,Jawa Timur,Surabaya,35008750
01-07-2022,PHI Mini Market - Surabaya 01,Natali Menawan,W,Buah,belimbing 1 kg,Jawa Timur,Surabaya,2646620
01-07-2022,PHI Mini Market - Surabaya 01,Natali Menawan,W,Buah,durian 1 kg,Jawa Timur,Surabaya,8861100
01-07-2022,PHI Mini Market - Surabaya 01,Natali Menawan,W,Buah,jeruk 1 kg,Jawa Timur,Surabaya,8032360
01-07-2022,PHI Mini Market - Surabaya 01,Natali Menawan,W,Buah,kelapa muda,Jawa Timur,Surabaya,4132310
01-07-2022,PHI Mini Market - Surabaya 01,Natali Menawan,W,Buah,mangga 1 kg,Jawa Timur,Surabaya,10264670
01-07-2022,PHI Mini Market - Surabaya 01,Natali Menawan,W,Makanan & Minuman,air mineral 600 ml,Jawa Timur,Surabaya,783510
01-07-2022,PHI Mini Market - Surabaya 01,Natali Menawan,W,Makanan & Minuman,bumbu fried chicken,Jawa Timur,Surabaya,10932820
01-07-2022,PHI Mini Market - Surabaya 01,Natali Menawan,W,Makanan & Minuman,jus kesehatan 600 ml,Jawa Timur,Surabaya,5182240
01-07-2022,PHI Mini Market - Surabaya 01,Natali Menawan,W,Makanan & Minuman,kacang goreng 1 kg,Jawa Timur,Surabaya,5369830
01-07-2022,PHI Mini Market - Surabaya 01,Natali Menawan,W,Makanan & Minuman,kacang mete 1 kg,Jawa Timur,Surabaya,46601700
01-07-2022,PHI Mini Market - Surabaya 01,Natali Menawan,W,Makanan & Minuman,markisa 600 ml,Jawa Timur,Surabaya,9339670
01-07-2022,PHI Mini Market - Surabaya 01,Natali Menawan,W,Makanan & Minuman,mie instant 1 kotak (40 bungkus),Jawa Timur,Surabaya,70559420
01-07-2022,PHI Mini Market - Surabaya 01,Natali Menawan,W,Makanan & Minuman,minuman probiotik,Jawa Timur,Surabaya,559840
01-07-2022,PHI Mini Market - Surabaya 01,Natali Menawan,W,Makanan & Minuman,nasi goreng instant (1 ons),Jawa Timur,Surabaya,3907580
01-07-2022,PHI Mini Market - Surabaya 01,Natali Menawan,W,Makanan & Minuman,snack gurih 1 ons,Jawa Timur,Surabaya,3037680
01-07-2022,PHI Mini Market - Surabaya 01,Natali Menawan,W,Makanan & Minuman,susu kotak (800 ml),Jawa Timur,Surabaya,8163660
01-07-2022,PHI Mini Market - Surabaya 01,Natali Menawan,W,Makanan & Minuman,susu kotak 1 l,Jawa Timur,Surabaya,6308940
01-07-2022,PHI Mini Market - Surabaya 01,Natali Menawan,W,Makanan & Minuman,telur ayam kampung 1 kg,Jawa Timur,Surabaya,11799580
01-07-2022,PHI Mini Market - Surabaya 01,Natali Menawan,W,Makanan & Minuman,telur ayam ras 1 kg,Jawa Timur,Surabaya,8114720
01-07-2022,PHI Mini Market - Surabaya 01,Natali Menawan,W,Sayur-Sayuran,bawang merah 1 kg,Jawa Timur,Surabaya,6940580
01-07-2022,PHI Mini Market - Surabaya 01,Natali Menawan,W,Sayur-Sayuran,bawang putih 1 kg,Jawa Timur,Surabaya,2810670
01-07-2022,PHI Mini Market - Surabaya 01,Natali Menawan,W,Sayur-Sayuran,buncis 1 kg,Jawa Timur,Surabaya,4448380
01-07-2022,PHI Mini Market - Surabaya 01,Natali Menawan,W,Sayur-Sayuran,kacang hijau 1 kg,Jawa Timur,Surabaya,5346450
01-07-2022,PHI Mini Market - Surabaya 01,Natali Menawan,W,Sayur-Sayuran,kacang panjang 1 kg,Jawa Timur,Surabaya,5214410
01-07-2022,PHI Mini Market - Surabaya 01,Natali Menawan,W,Sayur-Sayuran,kentang 1 kg,Jawa Timur,Surabaya,3959890
01-07-2022,PHI Mini Market - Surabaya 01,Natali Menawan,W,Sayur-Sayuran,ketimun 1 kg,Jawa Timur,Surabaya,3049980
01-07-2022,PHI Mini Market - Surabaya 01,Natali Menawan,W,Sayur-Sayuran,kobis 1 kg,Jawa Timur,Surabaya,687610
01-07-2022,PHI Mini Market - Surabaya 01,Natali Menawan,W,Sayur-Sayuran,tomat 1 kg,Jawa Timur,Surabaya,3118670
01-07-2022,PHI Mini Market - Surabaya 01,Natali Menawan,W,Sayur-Sayuran,ubi jalar 1 kg,Jawa Timur,Surabaya,750910
01-07-2022,PHI Mini Market - Surabaya 01,Natali Menawan,W,Sayur-Sayuran,ubi kayu basah 1 kg,Jawa Timur,Surabaya,868110
01-07-2022,PHI Mini Market - Surabaya 01,Natali Menawan,W,Sayur-Sayuran,wortel 1 kg,Jawa Timur,Surabaya,2147990
01-08-2022,PHI Mini Market - Jakarta Pusat 01,Agung Alexander,P,Buah,alpukat 1 kg,DKI Jakarta,Jakarta Pusat,1929370
01-08-2022,PHI Mini Market - Jakarta Pusat 01,Agung Alexander,P,Buah,apel 1 kg,DKI Jakarta,Jakarta Pusat,23317580
01-08-2022,PHI Mini Market - Jakarta Pusat 01,Agung Alexander,P,Buah,belimbing 1 kg,DKI Jakarta,Jakarta Pusat,1084220
01-08-2022,PHI Mini Market - Jakarta Pusat 01,Agung Alexander,P,Buah,durian 1 kg,DKI Jakarta,Jakarta Pusat,8063480
01-08-2022,PHI Mini Market - Jakarta Pusat 01,Agung Alexander,P,Buah,jeruk 1 kg,DKI Jakarta,Jakarta Pusat,4026260
01-08-2022,PHI Mini Market - Jakarta Pusat 01,Agung Alexander,P,Buah,kelapa muda,DKI Jakarta,Jakarta Pusat,1177080
01-08-2022,PHI Mini Market - Jakarta Pusat 01,Agung Alexander,P,Makanan & Minuman,air mineral 600 ml,DKI Jakarta,Jakarta Pusat,437540
01-08-2022,PHI Mini Market - Jakarta Pusat 01,Agung Alexander,P,Makanan & Minuman,bumbu fried chicken,DKI Jakarta,Jakarta Pusat,3869370
01-08-2022,PHI Mini Market - Jakarta Pusat 01,Agung Alexander,P,Makanan & Minuman,jus kesehatan 600 ml,DKI Jakarta,Jakarta Pusat,2877630
01-08-2022,PHI Mini Market - Jakarta Pusat 01,Agung Alexander,P,Makanan & Minuman,kacang goreng 1 kg,DKI Jakarta,Jakarta Pusat,3712190
01-08-2022,PHI Mini Market - Jakarta Pusat 01,Agung Alexander,P,Makanan & Minuman,kacang mete 1 kg,DKI Jakarta,Jakarta Pusat,27663450
01-08-2022,PHI Mini Market - Jakarta Pusat 01,Agung Alexander,P,Makanan & Minuman,markisa 600 ml,DKI Jakarta,Jakarta Pusat,4799930
01-08-2022,PHI Mini Market - Jakarta Pusat 01,Agung Alexander,P,Makanan & Minuman,mie instant 1 kotak (40 bungkus),DKI Jakarta,Jakarta Pusat,23559930
01-08-2022,PHI Mini Market - Jakarta Pusat 01,Agung Alexander,P,Makanan & Minuman,minuman probiotik,DKI Jakarta,Jakarta Pusat,260460
01-08-2022,PHI Mini Market - Jakarta Pusat 01,Agung Alexander,P,Makanan & Minuman,nasi goreng instant (1 ons),DKI Jakarta,Jakarta Pusat,1442790
01-08-2022,PHI Mini Market - Jakarta Pusat 01,Agung Alexander,P,Makanan & Minuman,snack gurih 1 ons,DKI Jakarta,Jakarta Pusat,1157530
01-08-2022,PHI Mini Market - Jakarta Pusat 01,Agung Alexander,P,Makanan & Minuman,susu kotak (800 ml),DKI Jakarta,Jakarta Pusat,3827410
01-08-2022,PHI Mini Market - Jakarta Pusat 01,Agung Alexander,P,Makanan & Minuman,susu kotak 1 l,DKI Jakarta,Jakarta Pusat,3351070
01-08-2022,PHI Mini Market - Jakarta Pusat 01,Agung Alexander,P,Makanan & Minuman,telur ayam kampung 1 kg,DKI Jakarta,Jakarta Pusat,6475690
01-08-2022,PHI Mini Market - Jakarta Pusat 01,Agung Alexander,P,Makanan & Minuman,telur ayam ras 1 kg,DKI Jakarta,Jakarta Pusat,4848750
01-08-2022,PHI Mini Market - Jakarta Pusat 01,Agung Alexander,P,Sayur-Sayuran,bawang merah 1 kg,DKI Jakarta,Jakarta Pusat,4136170
01-08-2022,PHI Mini Market - Jakarta Pusat 01,Agung Alexander,P,Sayur-Sayuran,bawang putih 1 kg,DKI Jakarta,Jakarta Pusat,1088640
01-08-2022,PHI Mini Market - Jakarta Pusat 01,Agung Alexander,P,Sayur-Sayuran,buncis 1 kg,DKI Jakarta,Jakarta Pusat,1941670
01-08-2022,PHI Mini Market - Jakarta Pusat 01,Agung Alexander,P,Sayur-Sayuran,kacang hijau 1 kg,DKI Jakarta,Jakarta Pusat,2282170
01-08-2022,PHI Mini Market - Jakarta Pusat 01,Agung Alexander,P,Sayur-Sayuran,kacang panjang 1 kg,DKI Jakarta,Jakarta Pusat,1990400
01-08-2022,PHI Mini Market - Jakarta Pusat 01,Agung Alexander,P,Sayur-Sayuran,kentang 1 kg,DKI Jakarta,Jakarta Pusat,3373900
01-08-2022,PHI Mini Market - Jakarta Pusat 01,Agung Alexander,P,Sayur-Sayuran,ketimun 1 kg,DKI Jakarta,Jakarta Pusat,1173350
01-08-2022,PHI Mini Market - Jakarta Pusat 01,Agung Alexander,P,Sayur-Sayuran,kobis 1 kg,DKI Jakarta,Jakarta Pusat,459720
01-08-2022,PHI Mini Market - Jakarta Pusat 01,Agung Alexander,P,Sayur-Sayuran,tomat 1 kg,DKI Jakarta,Jakarta Pusat,1266740
01-08-2022,PHI Mini Market - Jakarta Pusat 01,Agung Alexander,P,Sayur-Sayuran,ubi jalar 1 kg,DKI Jakarta,Jakarta Pusat,427220
01-08-2022,PHI Mini Market - Jakarta Pusat 01,Agung Alexander,P,Sayur-Sayuran,ubi kayu basah 1 kg,DKI Jakarta,Jakarta Pusat,455250
01-08-2022,PHI Mini Market - Jakarta Pusat 01,Agung Alexander,P,Sayur-Sayuran,wortel 1 kg,DKI Jakarta,Jakarta Pusat,1256550
01-08-2022,PHI Mini Market - Jakarta Pusat 01,Budiwati Ramah,W,Buah,alpukat 1 kg,DKI Jakarta,Jakarta Pusat,2305980
01-08-2022,PHI Mini Market - Jakarta Pusat 01,Budiwati Ramah,W,Buah,apel 1 kg,DKI Jakarta,Jakarta Pusat,14036860
01-08-2022,PHI Mini Market - Jakarta Pusat 01,Budiwati Ramah,W,Buah,belimbing 1 kg,DKI Jakarta,Jakarta Pusat,1327790
01-08-2022,PHI Mini Market - Jakarta Pusat 01,Budiwati Ramah,W,Buah,durian 1 kg,DKI Jakarta,Jakarta Pusat,5127630
01-08-2022,PHI Mini Market - Jakarta Pusat 01,Budiwati Ramah,W,Buah,jeruk 1 kg,DKI Jakarta,Jakarta Pusat,5092900
01-08-2022,PHI Mini Market - Jakarta Pusat 01,Budiwati Ramah,W,Buah,kelapa muda,DKI Jakarta,Jakarta Pusat,1762860
01-08-2022,PHI Mini Market - Jakarta Pusat 01,Budiwati Ramah,W,Buah,mangga 1 kg,DKI Jakarta,Jakarta Pusat,3790600
01-08-2022,PHI Mini Market - Jakarta Pusat 01,Budiwati Ramah,W,Makanan & Minuman,air mineral 600 ml,DKI Jakarta,Jakarta Pusat,437790
01-08-2022,PHI Mini Market - Jakarta Pusat 01,Budiwati Ramah,W,Makanan & Minuman,bumbu fried chicken,DKI Jakarta,Jakarta Pusat,4274190
01-08-2022,PHI Mini Market - Jakarta Pusat 01,Budiwati Ramah,W,Makanan & Minuman,jus kesehatan 600 ml,DKI Jakarta,Jakarta Pusat,2126680
01-08-2022,PHI Mini Market - Jakarta Pusat 01,Budiwati Ramah,W,Makanan & Minuman,kacang goreng 1 kg,DKI Jakarta,Jakarta Pusat,3131070
01-08-2022,PHI Mini Market - Jakarta Pusat 01,Budiwati Ramah,W,Makanan & Minuman,kacang mete 1 kg,DKI Jakarta,Jakarta Pusat,20552150
01-08-2022,PHI Mini Market - Jakarta Pusat 01,Budiwati Ramah,W,Makanan & Minuman,markisa 600 ml,DKI Jakarta,Jakarta Pusat,6974350
01-08-2022,PHI Mini Market - Jakarta Pusat 01,Budiwati Ramah,W,Makanan & Minuman,mie instant 1 kotak (40 bungkus),DKI Jakarta,Jakarta Pusat,34696620
01-08-2022,PHI Mini Market - Jakarta Pusat 01,Budiwati Ramah,W,Makanan & Minuman,minuman probiotik,DKI Jakarta,Jakarta Pusat,287580
01-08-2022,PHI Mini Market - Jakarta Pusat 01,Budiwati Ramah,W,Makanan & Minuman,nasi goreng instant (1 ons),DKI Jakarta,Jakarta Pusat,1362590
01-08-2022,PHI Mini Market - Jakarta Pusat 01,Budiwati Ramah,W,Makanan & Minuman,snack gurih 1 ons,DKI Jakarta,Jakarta Pusat,1933000
01-08-2022,PHI Mini Market - Jakarta Pusat 01,Budiwati Ramah,W,Makanan & Minuman,susu kotak (800 ml),DKI Jakarta,Jakarta Pusat,4384210
01-08-2022,PHI Mini Market - Jakarta Pusat 01,Budiwati Ramah,W,Makanan & Minuman,susu kotak 1 l,DKI Jakarta,Jakarta Pusat,2038980
01-08-2022,PHI Mini Market - Jakarta Pusat 01,Budiwati Ramah,W,Makanan & Minuman,telur ayam kampung 1 kg,DKI Jakarta,Jakarta Pusat,3891100
01-08-2022,PHI Mini Market - Jakarta Pusat 01,Budiwati Ramah,W,Makanan & Minuman,telur ayam ras 1 kg,DKI Jakarta,Jakarta Pusat,3717230
01-08-2022,PHI Mini Market - Jakarta Pusat 01,Budiwati Ramah,W,Sayur-Sayuran,bawang merah 1 kg,DKI Jakarta,Jakarta Pusat,4558120
01-08-2022,PHI Mini Market - Jakarta Pusat 01,Budiwati Ramah,W,Sayur-Sayuran,bawang putih 1 kg,DKI Jakarta,Jakarta Pusat,1529740
01-08-2022,PHI Mini Market - Jakarta Pusat 01,Budiwati Ramah,W,Sayur-Sayuran,buncis 1 kg,DKI Jakarta,Jakarta Pusat,1892090
01-08-2022,PHI Mini Market - Jakarta Pusat 01,Budiwati Ramah,W,Sayur-Sayuran,kacang hijau 1 kg,DKI Jakarta,Jakarta Pusat,2680370
01-08-2022,PHI Mini Market - Jakarta Pusat 01,Budiwati Ramah,W,Sayur-Sayuran,kacang panjang 1 kg,DKI Jakarta,Jakarta Pusat,2485420
01-08-2022,PHI Mini Market - Jakarta Pusat 01,Budiwati Ramah,W,Sayur-Sayuran,kentang 1 kg,DKI Jakarta,Jakarta Pusat,1854610
01-08-2022,PHI Mini Market - Jakarta Pusat 01,Budiwati Ramah,W,Sayur-Sayuran,ketimun 1 kg,DKI Jakarta,Jakarta Pusat,1535930
01-08-2022,PHI Mini Market - Jakarta Pusat 01,Budiwati Ramah,W,Sayur-Sayuran,kobis 1 kg,DKI Jakarta,Jakarta Pusat,368700
01-08-2022,PHI Mini Market - Jakarta Pusat 01,Budiwati Ramah,W,Sayur-Sayuran,tomat 1 kg,DKI Jakarta,Jakarta Pusat,1192800
01-08-2022,PHI Mini Market - Jakarta Pusat 01,Budiwati Ramah,W,Sayur-Sayuran,ubi jalar 1 kg,DKI Jakarta,Jakarta Pusat,309110
01-08-2022,PHI Mini Market - Jakarta Pusat 01,Budiwati Ramah,W,Sayur-Sayuran,ubi kayu basah 1 kg,DKI Jakarta,Jakarta Pusat,371310
01-08-2022,PHI Mini Market - Jakarta Pusat 01,Budiwati Ramah,W,Sayur-Sayuran,wortel 1 kg,DKI Jakarta,Jakarta Pusat,1471660
01-08-2022,PHI Mini Market - Jakarta Pusat 01,Cahya Terang,W,Buah,alpukat 1 kg,DKI Jakarta,Jakarta Pusat,1189830
01-08-2022,PHI Mini Market - Jakarta Pusat 01,Cahya Terang,W,Buah,apel 1 kg,DKI Jakarta,Jakarta Pusat,21300450
01-08-2022,PHI Mini Market - Jakarta Pusat 01,Cahya Terang,W,Buah,belimbing 1 kg,DKI Jakarta,Jakarta Pusat,1631570
01-08-2022,PHI Mini Market - Jakarta Pusat 01,Cahya Terang,W,Buah,durian 1 kg,DKI Jakarta,Jakarta Pusat,7136900
01-08-2022,PHI Mini Market - Jakarta Pusat 01,Cahya Terang,W,Buah,jeruk 1 kg,DKI Jakarta,Jakarta Pusat,3069560
01-08-2022,PHI Mini Market - Jakarta Pusat 01,Cahya Terang,W,Buah,kelapa muda,DKI Jakarta,Jakarta Pusat,1718710
01-08-2022,PHI Mini Market - Jakarta Pusat 01,Cahya Terang,W,Makanan & Minuman,air mineral 600 ml,DKI Jakarta,Jakarta Pusat,495770
01-08-2022,PHI Mini Market - Jakarta Pusat 01,Cahya Terang,W,Makanan & Minuman,bumbu fried chicken,DKI Jakarta,Jakarta Pusat,4398400
01-08-2022,PHI Mini Market - Jakarta Pusat 01,Cahya Terang,W,Makanan & Minuman,jus kesehatan 600 ml,DKI Jakarta,Jakarta Pusat,3061220
01-08-2022,PHI Mini Market - Jakarta Pusat 01,Cahya Terang,W,Makanan & Minuman,kacang goreng 1 kg,DKI Jakarta,Jakarta Pusat,3700450
01-08-2022,PHI Mini Market - Jakarta Pusat 01,Cahya Terang,W,Makanan & Minuman,kacang mete 1 kg,DKI Jakarta,Jakarta Pusat,26997930
01-08-2022,PHI Mini Market - Jakarta Pusat 01,Cahya Terang,W,Makanan & Minuman,markisa 600 ml,DKI Jakarta,Jakarta Pusat,4273350
01-08-2022,PHI Mini Market - Jakarta Pusat 01,Cahya Terang,W,Makanan & Minuman,mie instant 1 kotak (40 bungkus),DKI Jakarta,Jakarta Pusat,30116380
01-08-2022,PHI Mini Market - Jakarta Pusat 01,Cahya Terang,W,Makanan & Minuman,minuman probiotik,DKI Jakarta,Jakarta Pusat,213980
01-08-2022,PHI Mini Market - Jakarta Pusat 01,Cahya Terang,W,Makanan & Minuman,nasi goreng instant (1 ons),DKI Jakarta,Jakarta Pusat,1688400
01-08-2022,PHI Mini Market - Jakarta Pusat 01,Cahya Terang,W,Makanan & Minuman,snack gurih 1 ons,DKI Jakarta,Jakarta Pusat,2062930
01-08-2022,PHI Mini Market - Jakarta Pusat 01,Cahya Terang,W,Makanan & Minuman,susu kotak (800 ml),DKI Jakarta,Jakarta Pusat,5286400
01-08-2022,PHI Mini Market - Jakarta Pusat 01,Cahya Terang,W,Makanan & Minuman,susu kotak 1 l,DKI Jakarta,Jakarta Pusat,2880520
01-08-2022,PHI Mini Market - Jakarta Pusat 01,Cahya Terang,W,Makanan & Minuman,telur ayam kampung 1 kg,DKI Jakarta,Jakarta Pusat,6105380
01-08-2022,PHI Mini Market - Jakarta Pusat 01,Cahya Terang,W,Makanan & Minuman,telur ayam ras 1 kg,DKI Jakarta,Jakarta Pusat,5969770
01-08-2022,PHI Mini Market - Jakarta Pusat 01,Cahya Terang,W,Sayur-Sayuran,bawang merah 1 kg,DKI Jakarta,Jakarta Pusat,4513990
01-08-2022,PHI Mini Market - Jakarta Pusat 01,Cahya Terang,W,Sayur-Sayuran,bawang putih 1 kg,DKI Jakarta,Jakarta Pusat,1798470
01-08-2022,PHI Mini Market - Jakarta Pusat 01,Cahya Terang,W,Sayur-Sayuran,buncis 1 kg,DKI Jakarta,Jakarta Pusat,1772450
01-08-2022,PHI Mini Market - Jakarta Pusat 01,Cahya Terang,W,Sayur-Sayuran,kacang hijau 1 kg,DKI Jakarta,Jakarta Pusat,2707620
01-08-2022,PHI Mini Market - Jakarta Pusat 01,Cahya Terang,W,Sayur-Sayuran,kacang panjang 1 kg,DKI Jakarta,Jakarta Pusat,2669300
01-08-2022,PHI Mini Market - Jakarta Pusat 01,Cahya Terang,W,Sayur-Sayuran,kentang 1 kg,DKI Jakarta,Jakarta Pusat,2439750
01-08-2022,PHI Mini Market - Jakarta Pusat 01,Cahya Terang,W,Sayur-Sayuran,ketimun 1 kg,DKI Jakarta,Jakarta Pusat,1611070
01-08-2022,PHI Mini Market - Jakarta Pusat 01,Cahya Terang,W,Sayur-Sayuran,kobis 1 kg,DKI Jakarta,Jakarta Pusat,477250
01-08-2022,PHI Mini Market - Jakarta Pusat 01,Cahya Terang,W,Sayur-Sayuran,tomat 1 kg,DKI Jakarta,Jakarta Pusat,1650680
01-08-2022,PHI Mini Market - Jakarta Pusat 01,Cahya Terang,W,Sayur-Sayuran,ubi jalar 1 kg,DKI Jakarta,Jakarta Pusat,401930
01-08-2022,PHI Mini Market - Jakarta Pusat 01,Cahya Terang,W,Sayur-Sayuran,ubi kayu basah 1 kg,DKI Jakarta,Jakarta Pusat,487830
01-08-2022,PHI Mini Market - Jakarta Pusat 01,Cahya Terang,W,Sayur-Sayuran,wortel 1 kg,DKI Jakarta,Jakarta Pusat,1172670
01-08-2022,PHI Mini Market - Jakarta Pusat 01,Eko Rukun,P,Buah,alpukat 1 kg,DKI Jakarta,Jakarta Pusat,2245570
01-08-2022,PHI Mini Market - Jakarta Pusat 01,Eko Rukun,P,Buah,apel 1 kg,DKI Jakarta,Jakarta Pusat,19282120
01-08-2022,PHI Mini Market - Jakarta Pusat 01,Eko Rukun,P,Buah,belimbing 1 kg,DKI Jakarta,Jakarta Pusat,1235890
01-08-2022,PHI Mini Market - Jakarta Pusat 01,Eko Rukun,P,Buah,durian 1 kg,DKI Jakarta,Jakarta Pusat,5973770
01-08-2022,PHI Mini Market - Jakarta Pusat 01,Eko Rukun,P,Buah,jeruk 1 kg,DKI Jakarta,Jakarta Pusat,4116990
01-08-2022,PHI Mini Market - Jakarta Pusat 01,Eko Rukun,P,Buah,kelapa muda,DKI Jakarta,Jakarta Pusat,1847700
01-08-2022,PHI Mini Market - Jakarta Pusat 01,Eko Rukun,P,Buah,mangga 1 kg,DKI Jakarta,Jakarta Pusat,3671230
01-08-2022,PHI Mini Market - Jakarta Pusat 01,Eko Rukun,P,Makanan & Minuman,air mineral 600 ml,DKI Jakarta,Jakarta Pusat,372260
01-08-2022,PHI Mini Market - Jakarta Pusat 01,Eko Rukun,P,Makanan & Minuman,bumbu fried chicken,DKI Jakarta,Jakarta Pusat,3961860
01-08-2022,PHI Mini Market - Jakarta Pusat 01,Eko Rukun,P,Makanan & Minuman,jus kesehatan 600 ml,DKI Jakarta,Jakarta Pusat,3822910
01-08-2022,PHI Mini Market - Jakarta Pusat 01,Eko Rukun,P,Makanan & Minuman,kacang goreng 1 kg,DKI Jakarta,Jakarta Pusat,3443820
01-08-2022,PHI Mini Market - Jakarta Pusat 01,Eko Rukun,P,Makanan & Minuman,kacang mete 1 kg,DKI Jakarta,Jakarta Pusat,27156650
01-08-2022,PHI Mini Market - Jakarta Pusat 01,Eko Rukun,P,Makanan & Minuman,markisa 600 ml,DKI Jakarta,Jakarta Pusat,4209450
01-08-2022,PHI Mini Market - Jakarta Pusat 01,Eko Rukun,P,Makanan & Minuman,mie instant 1 kotak (40 bungkus),DKI Jakarta,Jakarta Pusat,30274020
01-08-2022,PHI Mini Market - Jakarta Pusat 01,Eko Rukun,P,Makanan & Minuman,minuman probiotik,DKI Jakarta,Jakarta Pusat,253980
01-08-2022,PHI Mini Market - Jakarta Pusat 01,Eko Rukun,P,Makanan & Minuman,nasi goreng instant (1 ons),DKI Jakarta,Jakarta Pusat,2426400
01-08-2022,PHI Mini Market - Jakarta Pusat 01,Eko Rukun,P,Makanan & Minuman,snack gurih 1 ons,DKI Jakarta,Jakarta Pusat,1796680
01-08-2022,PHI Mini Market - Jakarta Pusat 01,Eko Rukun,P,Makanan & Minuman,susu kotak (800 ml),DKI Jakarta,Jakarta Pusat,3409250
01-08-2022,PHI Mini Market - Jakarta Pusat 01,Eko Rukun,P,Makanan & Minuman,susu kotak 1 l,DKI Jakarta,Jakarta Pusat,4092250
01-08-2022,PHI Mini Market - Jakarta Pusat 01,Eko Rukun,P,Makanan & Minuman,telur ayam kampung 1 kg,DKI Jakarta,Jakarta Pusat,5853780
01-08-2022,PHI Mini Market - Jakarta Pusat 01,Eko Rukun,P,Makanan & Minuman,telur ayam ras 1 kg,DKI Jakarta,Jakarta Pusat,3656330
01-08-2022,PHI Mini Market - Jakarta Pusat 01,Eko Rukun,P,Sayur-Sayuran,bawang merah 1 kg,DKI Jakarta,Jakarta Pusat,2802060
01-08-2022,PHI Mini Market - Jakarta Pusat 01,Eko Rukun,P,Sayur-Sayuran,bawang putih 1 kg,DKI Jakarta,Jakarta Pusat,1380370
01-08-2022,PHI Mini Market - Jakarta Pusat 01,Eko Rukun,P,Sayur-Sayuran,buncis 1 kg,DKI Jakarta,Jakarta Pusat,2369020
01-08-2022,PHI Mini Market - Jakarta Pusat 01,Eko Rukun,P,Sayur-Sayuran,kacang hijau 1 kg,DKI Jakarta,Jakarta Pusat,2093430
01-08-2022,PHI Mini Market - Jakarta Pusat 01,Eko Rukun,P,Sayur-Sayuran,kacang panjang 1 kg,DKI Jakarta,Jakarta Pusat,2210750
01-08-2022,PHI Mini Market - Jakarta Pusat 01,Eko Rukun,P,Sayur-Sayuran,kentang 1 kg,DKI Jakarta,Jakarta Pusat,2182490
01-08-2022,PHI Mini Market - Jakarta Pusat 01,Eko Rukun,P,Sayur-Sayuran,ketimun 1 kg,DKI Jakarta,Jakarta Pusat,1781840
01-08-2022,PHI Mini Market - Jakarta Pusat 01,Eko Rukun,P,Sayur-Sayuran,kobis 1 kg,DKI Jakarta,Jakarta Pusat,368410
01-08-2022,PHI Mini Market - Jakarta Pusat 01,Eko Rukun,P,Sayur-Sayuran,tomat 1 kg,DKI Jakarta,Jakarta Pusat,1669390
01-08-2022,PHI Mini Market - Jakarta Pusat 01,Eko Rukun,P,Sayur-Sayuran,ubi jalar 1 kg,DKI Jakarta,Jakarta Pusat,401600
01-08-2022,PHI Mini Market - Jakarta Pusat 01,Eko Rukun,P,Sayur-Sayuran,ubi kayu basah 1 kg,DKI Jakarta,Jakarta Pusat,387120
01-08-2022,PHI Mini Market - Jakarta Pusat 01,Eko Rukun,P,Sayur-Sayuran,wortel 1 kg,DKI Jakarta,Jakarta Pusat,1323790
01-08-2022,PHI Mini Market - Jakarta Pusat 01,Eria Setiawan,W,Buah,alpukat 1 kg,DKI Jakarta,Jakarta Pusat,1374210
01-08-2022,PHI Mini Market - Jakarta Pusat 01,Eria Setiawan,W,Buah,apel 1 kg,DKI Jakarta,Jakarta Pusat,22763360
01-08-2022,PHI Mini Market - Jakarta Pusat 01,Eria Setiawan,W,Buah,belimbing 1 kg,DKI Jakarta,Jakarta Pusat,1289320
01-08-2022,PHI Mini Market - Jakarta Pusat 01,Eria Setiawan,W,Buah,durian 1 kg,DKI Jakarta,Jakarta Pusat,5000030
01-08-2022,PHI Mini Market - Jakarta Pusat 01,Eria Setiawan,W,Buah,jeruk 1 kg,DKI Jakarta,Jakarta Pusat,3273390
01-08-2022,PHI Mini Market - Jakarta Pusat 01,Eria Setiawan,W,Buah,kelapa muda,DKI Jakarta,Jakarta Pusat,2071940
01-08-2022,PHI Mini Market - Jakarta Pusat 01,Eria Setiawan,W,Buah,mangga 1 kg,DKI Jakarta,Jakarta Pusat,4730550
01-08-2022,PHI Mini Market - Jakarta Pusat 01,Eria Setiawan,W,Makanan & Minuman,air mineral 600 ml,DKI Jakarta,Jakarta Pusat,275560
01-08-2022,PHI Mini Market - Jakarta Pusat 01,Eria Setiawan,W,Makanan & Minuman,bumbu fried chicken,DKI Jakarta,Jakarta Pusat,4295850
01-08-2022,PHI Mini Market - Jakarta Pusat 01,Eria Setiawan,W,Makanan & Minuman,jus kesehatan 600 ml,DKI Jakarta,Jakarta Pusat,2774550
01-08-2022,PHI Mini Market - Jakarta Pusat 01,Eria Setiawan,W,Makanan & Minuman,kacang goreng 1 kg,DKI Jakarta,Jakarta Pusat,4564090
01-08-2022,PHI Mini Market - Jakarta Pusat 01,Eria Setiawan,W,Makanan & Minuman,kacang mete 1 kg,DKI Jakarta,Jakarta Pusat,25209980
01-08-2022,PHI Mini Market - Jakarta Pusat 01,Eria Setiawan,W,Makanan & Minuman,markisa 600 ml,DKI Jakarta,Jakarta Pusat,3884650
01-08-2022,PHI Mini Market - Jakarta Pusat 01,Eria Setiawan,W,Makanan & Minuman,mie instant 1 kotak (40 bungkus),DKI Jakarta,Jakarta Pusat,34368090
01-08-2022,PHI Mini Market - Jakarta Pusat 01,Eria Setiawan,W,Makanan & Minuman,minuman probiotik,DKI Jakarta,Jakarta Pusat,210630
01-08-2022,PHI Mini Market - Jakarta Pusat 01,Eria Setiawan,W,Makanan & Minuman,nasi goreng instant (1 ons),DKI Jakarta,Jakarta Pusat,1795960
01-08-2022,PHI Mini Market - Jakarta Pusat 01,Eria Setiawan,W,Makanan & Minuman,snack gurih 1 ons,DKI Jakarta,Jakarta Pusat,1840900
01-08-2022,PHI Mini Market - Jakarta Pusat 01,Eria Setiawan,W,Makanan & Minuman,susu kotak (800 ml),DKI Jakarta,Jakarta Pusat,3465550
01-08-2022,PHI Mini Market - Jakarta Pusat 01,Eria Setiawan,W,Makanan & Minuman,susu kotak 1 l,DKI Jakarta,Jakarta Pusat,5105150
01-08-2022,PHI Mini Market - Jakarta Pusat 01,Eria Setiawan,W,Makanan & Minuman,telur ayam kampung 1 kg,DKI Jakarta,Jakarta Pusat,5071550
01-08-2022,PHI Mini Market - Jakarta Pusat 01,Eria Setiawan,W,Makanan & Minuman,telur ayam ras 1 kg,DKI Jakarta,Jakarta Pusat,2955950
01-08-2022,PHI Mini Market - Jakarta Pusat 01,Eria Setiawan,W,Sayur-Sayuran,bawang merah 1 kg,DKI Jakarta,Jakarta Pusat,2873900
01-08-2022,PHI Mini Market - Jakarta Pusat 01,Eria Setiawan,W,Sayur-Sayuran,bawang putih 1 kg,DKI Jakarta,Jakarta Pusat,1027790
01-08-2022,PHI Mini Market - Jakarta Pusat 01,Eria Setiawan,W,Sayur-Sayuran,buncis 1 kg,DKI Jakarta,Jakarta Pusat,2015330
01-08-2022,PHI Mini Market - Jakarta Pusat 01,Eria Setiawan,W,Sayur-Sayuran,kacang hijau 1 kg,DKI Jakarta,Jakarta Pusat,1961090
01-08-2022,PHI Mini Market - Jakarta Pusat 01,Eria Setiawan,W,Sayur-Sayuran,kacang panjang 1 kg,DKI Jakarta,Jakarta Pusat,2631330
01-08-2022,PHI Mini Market - Jakarta Pusat 01,Eria Setiawan,W,Sayur-Sayuran,kentang 1 kg,DKI Jakarta,Jakarta Pusat,2249390
01-08-2022,PHI Mini Market - Jakarta Pusat 01,Eria Setiawan,W,Sayur-Sayuran,ketimun 1 kg,DKI Jakarta,Jakarta Pusat,1876550
01-08-2022,PHI Mini Market - Jakarta Pusat 01,Eria Setiawan,W,Sayur-Sayuran,kobis 1 kg,DKI Jakarta,Jakarta Pusat,464730
01-08-2022,PHI Mini Market - Jakarta Pusat 01,Eria Setiawan,W,Sayur-Sayuran,tomat 1 kg,DKI Jakarta,Jakarta Pusat,1536360
01-08-2022,PHI Mini Market - Jakarta Pusat 01,Eria Setiawan,W,Sayur-Sayuran,ubi jalar 1 kg,DKI Jakarta,Jakarta Pusat,439760
01-08-2022,PHI Mini Market - Jakarta Pusat 01,Eria Setiawan,W,Sayur-Sayuran,ubi kayu basah 1 kg,DKI Jakarta,Jakarta Pusat,386930
01-08-2022,PHI Mini Market - Jakarta Pusat 01,Eria Setiawan,W,Sayur-Sayuran,wortel 1 kg,DKI Jakarta,Jakarta Pusat,1116840
01-08-2022,PHI Mini Market - Jakarta Pusat 01,Erman Margo,P,Buah,alpukat 1 kg,DKI Jakarta,Jakarta Pusat,2880460
01-08-2022,PHI Mini Market - Jakarta Pusat 01,Erman Margo,P,Buah,apel 1 kg,DKI Jakarta,Jakarta Pusat,16831040
01-08-2022,PHI Mini Market - Jakarta Pusat 01,Erman Margo,P,Buah,belimbing 1 kg,DKI Jakarta,Jakarta Pusat,1430080
01-08-2022,PHI Mini Market - Jakarta Pusat 01,Erman Margo,P,Buah,durian 1 kg,DKI Jakarta,Jakarta Pusat,4122960
01-08-2022,PHI Mini Market - Jakarta Pusat 01,Erman Margo,P,Buah,jeruk 1 kg,DKI Jakarta,Jakarta Pusat,3928160
01-08-2022,PHI Mini Market - Jakarta Pusat 01,Erman Margo,P,Buah,kelapa muda,DKI Jakarta,Jakarta Pusat,2128190
01-08-2022,PHI Mini Market - Jakarta Pusat 01,Erman Margo,P,Buah,mangga 1 kg,DKI Jakarta,Jakarta Pusat,5320570
01-08-2022,PHI Mini Market - Jakarta Pusat 01,Erman Margo,P,Makanan & Minuman,air mineral 600 ml,DKI Jakarta,Jakarta Pusat,369390
01-08-2022,PHI Mini Market - Jakarta Pusat 01,Erman Margo,P,Makanan & Minuman,bumbu fried chicken,DKI Jakarta,Jakarta Pusat,4619110
01-08-2022,PHI Mini Market - Jakarta Pusat 01,Erman Margo,P,Makanan & Minuman,jus kesehatan 600 ml,DKI Jakarta,Jakarta Pusat,2685850
01-08-2022,PHI Mini Market - Jakarta Pusat 01,Erman Margo,P,Makanan & Minuman,kacang goreng 1 kg,DKI Jakarta,Jakarta Pusat,3928600
01-08-2022,PHI Mini Market - Jakarta Pusat 01,Erman Margo,P,Makanan & Minuman,kacang mete 1 kg,DKI Jakarta,Jakarta Pusat,21252250
01-08-2022,PHI Mini Market - Jakarta Pusat 01,Erman Margo,P,Makanan & Minuman,markisa 600 ml,DKI Jakarta,Jakarta Pusat,4254330
01-08-2022,PHI Mini Market - Jakarta Pusat 01,Erman Margo,P,Makanan & Minuman,mie instant 1 kotak (40 bungkus),DKI Jakarta,Jakarta Pusat,30676730
01-08-2022,PHI Mini Market - Jakarta Pusat 01,Erman Margo,P,Makanan & Minuman,minuman probiotik,DKI Jakarta,Jakarta Pusat,278640
01-08-2022,PHI Mini Market - Jakarta Pusat 01,Erman Margo,P,Makanan & Minuman,nasi goreng instant (1 ons),DKI Jakarta,Jakarta Pusat,1589990
01-08-2022,PHI Mini Market - Jakarta Pusat 01,Erman Margo,P,Makanan & Minuman,snack gurih 1 ons,DKI Jakarta,Jakarta Pusat,1835530
01-08-2022,PHI Mini Market - Jakarta Pusat 01,Erman Margo,P,Makanan & Minuman,susu kotak (800 ml),DKI Jakarta,Jakarta Pusat,4856900
01-08-2022,PHI Mini Market - Jakarta Pusat 01,Erman Margo,P,Makanan & Minuman,susu kotak 1 l,DKI Jakarta,Jakarta Pusat,3065220
01-08-2022,PHI Mini Market - Jakarta Pusat 01,Erman Margo,P,Makanan & Minuman,telur ayam kampung 1 kg,DKI Jakarta,Jakarta Pusat,6180640
01-08-2022,PHI Mini Market - Jakarta Pusat 01,Erman Margo,P,Makanan & Minuman,telur ayam ras 1 kg,DKI Jakarta,Jakarta Pusat,4137930
01-08-2022,PHI Mini Market - Jakarta Pusat 01,Erman Margo,P,Sayur-Sayuran,bawang merah 1 kg,DKI Jakarta,Jakarta Pusat,3876990
01-08-2022,PHI Mini Market - Jakarta Pusat 01,Erman Margo,P,Sayur-Sayuran,bawang putih 1 kg,DKI Jakarta,Jakarta Pusat,944230
01-08-2022,PHI Mini Market - Jakarta Pusat 01,Erman Margo,P,Sayur-Sayuran,buncis 1 kg,DKI Jakarta,Jakarta Pusat,2406920
01-08-2022,PHI Mini Market - Jakarta Pusat 01,Erman Margo,P,Sayur-Sayuran,kacang hijau 1 kg,DKI Jakarta,Jakarta Pusat,1729310
01-08-2022,PHI Mini Market - Jakarta Pusat 01,Erman Margo,P,Sayur-Sayuran,kacang panjang 1 kg,DKI Jakarta,Jakarta Pusat,2443100
01-08-2022,PHI Mini Market - Jakarta Pusat 01,Erman Margo,P,Sayur-Sayuran,kentang 1 kg,DKI Jakarta,Jakarta Pusat,1531270
01-08-2022,PHI Mini Market - Jakarta Pusat 01,Erman Margo,P,Sayur-Sayuran,ketimun 1 kg,DKI Jakarta,Jakarta Pusat,1079880
01-08-2022,PHI Mini Market - Jakarta Pusat 01,Erman Margo,P,Sayur-Sayuran,kobis 1 kg,DKI Jakarta,Jakarta Pusat,417430
01-08-2022,PHI Mini Market - Jakarta Pusat 01,Erman Margo,P,Sayur-Sayuran,tomat 1 kg,DKI Jakarta,Jakarta Pusat,1924300
01-08-2022,PHI Mini Market - Jakarta Pusat 01,Erman Margo,P,Sayur-Sayuran,ubi jalar 1 kg,DKI Jakarta,Jakarta Pusat,385030
01-08-2022,PHI Mini Market - Jakarta Pusat 01,Erman Margo,P,Sayur-Sayuran,ubi kayu basah 1 kg,DKI Jakarta,Jakarta Pusat,473780
01-08-2022,PHI Mini Market - Jakarta Pusat 01,Erman Margo,P,Sayur-Sayuran,wortel 1 kg,DKI Jakarta,Jakarta Pusat,1241080
01-08-2022,PHI Mini Market - Jakarta Pusat 01,Harum Maven,W,Buah,alpukat 1 kg,DKI Jakarta,Jakarta Pusat,1803610
01-08-2022,PHI Mini Market - Jakarta Pusat 01,Harum Maven,W,Buah,apel 1 kg,DKI Jakarta,Jakarta Pusat,20497340
01-08-2022,PHI Mini Market - Jakarta Pusat 01,Harum Maven,W,Buah,belimbing 1 kg,DKI Jakarta,Jakarta Pusat,1536760
01-08-2022,PHI Mini Market - Jakarta Pusat 01,Harum Maven,W,Buah,durian 1 kg,DKI Jakarta,Jakarta Pusat,5555440
01-08-2022,PHI Mini Market - Jakarta Pusat 01,Harum Maven,W,Buah,jeruk 1 kg,DKI Jakarta,Jakarta Pusat,3999240
01-08-2022,PHI Mini Market - Jakarta Pusat 01,Harum Maven,W,Buah,kelapa muda,DKI Jakarta,Jakarta Pusat,1709220
01-08-2022,PHI Mini Market - Jakarta Pusat 01,Harum Maven,W,Buah,mangga 1 kg,DKI Jakarta,Jakarta Pusat,5150760
01-08-2022,PHI Mini Market - Jakarta Pusat 01,Harum Maven,W,Makanan & Minuman,air mineral 600 ml,DKI Jakarta,Jakarta Pusat,436250
01-08-2022,PHI Mini Market - Jakarta Pusat 01,Harum Maven,W,Makanan & Minuman,bumbu fried chicken,DKI Jakarta,Jakarta Pusat,4221910
01-08-2022,PHI Mini Market - Jakarta Pusat 01,Harum Maven,W,Makanan & Minuman,jus kesehatan 600 ml,DKI Jakarta,Jakarta Pusat,4626680
01-08-2022,PHI Mini Market - Jakarta Pusat 01,Harum Maven,W,Makanan & Minuman,kacang goreng 1 kg,DKI Jakarta,Jakarta Pusat,4334320
01-08-2022,PHI Mini Market - Jakarta Pusat 01,Harum Maven,W,Makanan & Minuman,kacang mete 1 kg,DKI Jakarta,Jakarta Pusat,22118100
01-08-2022,PHI Mini Market - Jakarta Pusat 01,Harum Maven,W,Makanan & Minuman,markisa 600 ml,DKI Jakarta,Jakarta Pusat,3736420
01-08-2022,PHI Mini Market - Jakarta Pusat 01,Harum Maven,W,Makanan & Minuman,mie instant 1 kotak (40 bungkus),DKI Jakarta,Jakarta Pusat,36951570
01-08-2022,PHI Mini Market - Jakarta Pusat 01,Harum Maven,W,Makanan & Minuman,minuman probiotik,DKI Jakarta,Jakarta Pusat,211060
01-08-2022,PHI Mini Market - Jakarta Pusat 01,Harum Maven,W,Makanan & Minuman,nasi goreng instant (1 ons),DKI Jakarta,Jakarta Pusat,2188330
01-08-2022,PHI Mini Market - Jakarta Pusat 01,Harum Maven,W,Makanan & Minuman,snack gurih 1 ons,DKI Jakarta,Jakarta Pusat,1714040
01-08-2022,PHI Mini Market - Jakarta Pusat 01,Harum Maven,W,Makanan & Minuman,susu kotak (800 ml),DKI Jakarta,Jakarta Pusat,4873150
01-08-2022,PHI Mini Market - Jakarta Pusat 01,Harum Maven,W,Makanan & Minuman,susu kotak 1 l,DKI Jakarta,Jakarta Pusat,2725110
01-08-2022,PHI Mini Market - Jakarta Pusat 01,Harum Maven,W,Makanan & Minuman,telur ayam kampung 1 kg,DKI Jakarta,Jakarta Pusat,8078480
01-08-2022,PHI Mini Market - Jakarta Pusat 01,Harum Maven,W,Makanan & Minuman,telur ayam ras 1 kg,DKI Jakarta,Jakarta Pusat,2727800
01-08-2022,PHI Mini Market - Jakarta Pusat 01,Harum Maven,W,Sayur-Sayuran,bawang merah 1 kg,DKI Jakarta,Jakarta Pusat,4137340
01-08-2022,PHI Mini Market - Jakarta Pusat 01,Harum Maven,W,Sayur-Sayuran,bawang putih 1 kg,DKI Jakarta,Jakarta Pusat,1181040
01-08-2022,PHI Mini Market - Jakarta Pusat 01,Harum Maven,W,Sayur-Sayuran,buncis 1 kg,DKI Jakarta,Jakarta Pusat,2638280
01-08-2022,PHI Mini Market - Jakarta Pusat 01,Harum Maven,W,Sayur-Sayuran,kacang hijau 1 kg,DKI Jakarta,Jakarta Pusat,2118690
01-08-2022,PHI Mini Market - Jakarta Pusat 01,Harum Maven,W,Sayur-Sayuran,kacang panjang 1 kg,DKI Jakarta,Jakarta Pusat,2302510
01-08-2022,PHI Mini Market - Jakarta Pusat 01,Harum Maven,W,Sayur-Sayuran,kentang 1 kg,DKI Jakarta,Jakarta Pusat,1548270
01-08-2022,PHI Mini Market - Jakarta Pusat 01,Harum Maven,W,Sayur-Sayuran,ketimun 1 kg,DKI Jakarta,Jakarta Pusat,1947640
01-08-2022,PHI Mini Market - Jakarta Pusat 01,Harum Maven,W,Sayur-Sayuran,kobis 1 kg,DKI Jakarta,Jakarta Pusat,417710
01-08-2022,PHI Mini Market - Jakarta Pusat 01,Harum Maven,W,Sayur-Sayuran,tomat 1 kg,DKI Jakarta,Jakarta Pusat,1679210
01-08-2022,PHI Mini Market - Jakarta Pusat 01,Harum Maven,W,Sayur-Sayuran,ubi jalar 1 kg,DKI Jakarta,Jakarta Pusat,435970
01-08-2022,PHI Mini Market - Jakarta Pusat 01,Harum Maven,W,Sayur-Sayuran,ubi kayu basah 1 kg,DKI Jakarta,Jakarta Pusat,254810
01-08-2022,PHI Mini Market - Jakarta Pusat 01,Harum Maven,W,Sayur-Sayuran,wortel 1 kg,DKI Jakarta,Jakarta Pusat,1399000
01-08-2022,PHI Mini Market - Jakarta Pusat 01,Kristina Damai,W,Buah,alpukat 1 kg,DKI Jakarta,Jakarta Pusat,2941150
01-08-2022,PHI Mini Market - Jakarta Pusat 01,Kristina Damai,W,Buah,apel 1 kg,DKI Jakarta,Jakarta Pusat,20575230
01-08-2022,PHI Mini Market - Jakarta Pusat 01,Kristina Damai,W,Buah,belimbing 1 kg,DKI Jakarta,Jakarta Pusat,1425520
01-08-2022,PHI Mini Market - Jakarta Pusat 01,Kristina Damai,W,Buah,durian 1 kg,DKI Jakarta,Jakarta Pusat,4659660
01-08-2022,PHI Mini Market - Jakarta Pusat 01,Kristina Damai,W,Buah,jeruk 1 kg,DKI Jakarta,Jakarta Pusat,3418330
01-08-2022,PHI Mini Market - Jakarta Pusat 01,Kristina Damai,W,Buah,kelapa muda,DKI Jakarta,Jakarta Pusat,1264070
01-08-2022,PHI Mini Market - Jakarta Pusat 01,Kristina Damai,W,Buah,mangga 1 kg,DKI Jakarta,Jakarta Pusat,4618930
01-08-2022,PHI Mini Market - Jakarta Pusat 01,Kristina Damai,W,Makanan & Minuman,air mineral 600 ml,DKI Jakarta,Jakarta Pusat,404830
01-08-2022,PHI Mini Market - Jakarta Pusat 01,Kristina Damai,W,Makanan & Minuman,bumbu fried chicken,DKI Jakarta,Jakarta Pusat,4504070
01-08-2022,PHI Mini Market - Jakarta Pusat 01,Kristina Damai,W,Makanan & Minuman,jus kesehatan 600 ml,DKI Jakarta,Jakarta Pusat,2660470
01-08-2022,PHI Mini Market - Jakarta Pusat 01,Kristina Damai,W,Makanan & Minuman,kacang goreng 1 kg,DKI Jakarta,Jakarta Pusat,4649800
01-08-2022,PHI Mini Market - Jakarta Pusat 01,Kristina Damai,W,Makanan & Minuman,kacang mete 1 kg,DKI Jakarta,Jakarta Pusat,31054660
01-08-2022,PHI Mini Market - Jakarta Pusat 01,Kristina Damai,W,Makanan & Minuman,markisa 600 ml,DKI Jakarta,Jakarta Pusat,5482080
01-08-2022,PHI Mini Market - Jakarta Pusat 01,Kristina Damai,W,Makanan & Minuman,mie instant 1 kotak (40 bungkus),DKI Jakarta,Jakarta Pusat,38331870
01-08-2022,PHI Mini Market - Jakarta Pusat 01,Kristina Damai,W,Makanan & Minuman,minuman probiotik,DKI Jakarta,Jakarta Pusat,195750
01-08-2022,PHI Mini Market - Jakarta Pusat 01,Kristina Damai,W,Makanan & Minuman,nasi goreng instant (1 ons),DKI Jakarta,Jakarta Pusat,1736430
01-08-2022,PHI Mini Market - Jakarta Pusat 01,Kristina Damai,W,Makanan & Minuman,snack gurih 1 ons,DKI Jakarta,Jakarta Pusat,1640680
01-08-2022,PHI Mini Market - Jakarta Pusat 01,Kristina Damai,W,Makanan & Minuman,susu kotak (800 ml),DKI Jakarta,Jakarta Pusat,5613180
01-08-2022,PHI Mini Market - Jakarta Pusat 01,Kristina Damai,W,Makanan & Minuman,susu kotak 1 l,DKI Jakarta,Jakarta Pusat,3101620
01-08-2022,PHI Mini Market - Jakarta Pusat 01,Kristina Damai,W,Makanan & Minuman,telur ayam kampung 1 kg,DKI Jakarta,Jakarta Pusat,4609270
01-08-2022,PHI Mini Market - Jakarta Pusat 01,Kristina Damai,W,Makanan & Minuman,telur ayam ras 1 kg,DKI Jakarta,Jakarta Pusat,3957380
01-08-2022,PHI Mini Market - Jakarta Pusat 01,Kristina Damai,W,Sayur-Sayuran,bawang merah 1 kg,DKI Jakarta,Jakarta Pusat,2724340
01-08-2022,PHI Mini Market - Jakarta Pusat 01,Kristina Damai,W,Sayur-Sayuran,bawang putih 1 kg,DKI Jakarta,Jakarta Pusat,1302830
01-08-2022,PHI Mini Market - Jakarta Pusat 01,Kristina Damai,W,Sayur-Sayuran,buncis 1 kg,DKI Jakarta,Jakarta Pusat,1341960
01-08-2022,PHI Mini Market - Jakarta Pusat 01,Kristina Damai,W,Sayur-Sayuran,kacang hijau 1 kg,DKI Jakarta,Jakarta Pusat,1996310
01-08-2022,PHI Mini Market - Jakarta Pusat 01,Kristina Damai,W,Sayur-Sayuran,kacang panjang 1 kg,DKI Jakarta,Jakarta Pusat,2415700
01-08-2022,PHI Mini Market - Jakarta Pusat 01,Kristina Damai,W,Sayur-Sayuran,kentang 1 kg,DKI Jakarta,Jakarta Pusat,2445430
01-08-2022,PHI Mini Market - Jakarta Pusat 01,Kristina Damai,W,Sayur-Sayuran,ketimun 1 kg,DKI Jakarta,Jakarta Pusat,1734210
01-08-2022,PHI Mini Market - Jakarta Pusat 01,Kristina Damai,W,Sayur-Sayuran,kobis 1 kg,DKI Jakarta,Jakarta Pusat,435520
01-08-2022,PHI Mini Market - Jakarta Pusat 01,Kristina Damai,W,Sayur-Sayuran,tomat 1 kg,DKI Jakarta,Jakarta Pusat,1604770
01-08-2022,PHI Mini Market - Jakarta Pusat 01,Kristina Damai,W,Sayur-Sayuran,ubi jalar 1 kg,DKI Jakarta,Jakarta Pusat,455060
01-08-2022,PHI Mini Market - Jakarta Pusat 01,Kristina Damai,W,Sayur-Sayuran,ubi kayu basah 1 kg,DKI Jakarta,Jakarta Pusat,401970
01-08-2022,PHI Mini Market - Jakarta Pusat 01,Kristina Damai,W,Sayur-Sayuran,wortel 1 kg,DKI Jakarta,Jakarta Pusat,1230090
01-08-2022,PHI Mini Market - Jakarta Pusat 01,Kusuma Dominik,P,Buah,alpukat 1 kg,DKI Jakarta,Jakarta Pusat,1936690
01-08-2022,PHI Mini Market - Jakarta Pusat 01,Kusuma Dominik,P,Buah,apel 1 kg,DKI Jakarta,Jakarta Pusat,16442440
01-08-2022,PHI Mini Market - Jakarta Pusat 01,Kusuma Dominik,P,Buah,belimbing 1 kg,DKI Jakarta,Jakarta Pusat,1611140
01-08-2022,PHI Mini Market - Jakarta Pusat 01,Kusuma Dominik,P,Buah,durian 1 kg,DKI Jakarta,Jakarta Pusat,7939040
01-08-2022,PHI Mini Market - Jakarta Pusat 01,Kusuma Dominik,P,Buah,jeruk 1 kg,DKI Jakarta,Jakarta Pusat,2077900
01-08-2022,PHI Mini Market - Jakarta Pusat 01,Kusuma Dominik,P,Buah,kelapa muda,DKI Jakarta,Jakarta Pusat,1544090
01-08-2022,PHI Mini Market - Jakarta Pusat 01,Kusuma Dominik,P,Makanan & Minuman,air mineral 600 ml,DKI Jakarta,Jakarta Pusat,549880
01-08-2022,PHI Mini Market - Jakarta Pusat 01,Kusuma Dominik,P,Makanan & Minuman,bumbu fried chicken,DKI Jakarta,Jakarta Pusat,4264370
01-08-2022,PHI Mini Market - Jakarta Pusat 01,Kusuma Dominik,P,Makanan & Minuman,jus kesehatan 600 ml,DKI Jakarta,Jakarta Pusat,2680880
01-08-2022,PHI Mini Market - Jakarta Pusat 01,Kusuma Dominik,P,Makanan & Minuman,kacang goreng 1 kg,DKI Jakarta,Jakarta Pusat,3196700
01-08-2022,PHI Mini Market - Jakarta Pusat 01,Kusuma Dominik,P,Makanan & Minuman,kacang mete 1 kg,DKI Jakarta,Jakarta Pusat,28802780
01-08-2022,PHI Mini Market - Jakarta Pusat 01,Kusuma Dominik,P,Makanan & Minuman,markisa 600 ml,DKI Jakarta,Jakarta Pusat,2781420
01-08-2022,PHI Mini Market - Jakarta Pusat 01,Kusuma Dominik,P,Makanan & Minuman,mie instant 1 kotak (40 bungkus),DKI Jakarta,Jakarta Pusat,37258620
01-08-2022,PHI Mini Market - Jakarta Pusat 01,Kusuma Dominik,P,Makanan & Minuman,minuman probiotik,DKI Jakarta,Jakarta Pusat,255910
01-08-2022,PHI Mini Market - Jakarta Pusat 01,Kusuma Dominik,P,Makanan & Minuman,nasi goreng instant (1 ons),DKI Jakarta,Jakarta Pusat,2146460
01-08-2022,PHI Mini Market - Jakarta Pusat 01,Kusuma Dominik,P,Makanan & Minuman,snack gurih 1 ons,DKI Jakarta,Jakarta Pusat,1985520
01-08-2022,PHI Mini Market - Jakarta Pusat 01,Kusuma Dominik,P,Makanan & Minuman,susu kotak (800 ml),DKI Jakarta,Jakarta Pusat,4732790
01-08-2022,PHI Mini Market - Jakarta Pusat 01,Kusuma Dominik,P,Makanan & Minuman,susu kotak 1 l,DKI Jakarta,Jakarta Pusat,3273080
01-08-2022,PHI Mini Market - Jakarta Pusat 01,Kusuma Dominik,P,Makanan & Minuman,telur ayam kampung 1 kg,DKI Jakarta,Jakarta Pusat,5003620
01-08-2022,PHI Mini Market - Jakarta Pusat 01,Kusuma Dominik,P,Makanan & Minuman,telur ayam ras 1 kg,DKI Jakarta,Jakarta Pusat,3533020
01-08-2022,PHI Mini Market - Jakarta Pusat 01,Kusuma Dominik,P,Sayur-Sayuran,bawang merah 1 kg,DKI Jakarta,Jakarta Pusat,3525920
01-08-2022,PHI Mini Market - Jakarta Pusat 01,Kusuma Dominik,P,Sayur-Sayuran,bawang putih 1 kg,DKI Jakarta,Jakarta Pusat,823900
01-08-2022,PHI Mini Market - Jakarta Pusat 01,Kusuma Dominik,P,Sayur-Sayuran,buncis 1 kg,DKI Jakarta,Jakarta Pusat,1474210
01-08-2022,PHI Mini Market - Jakarta Pusat 01,Kusuma Dominik,P,Sayur-Sayuran,kacang hijau 1 kg,DKI Jakarta,Jakarta Pusat,1672980
01-08-2022,PHI Mini Market - Jakarta Pusat 01,Kusuma Dominik,P,Sayur-Sayuran,kacang panjang 1 kg,DKI Jakarta,Jakarta Pusat,2818890
01-08-2022,PHI Mini Market - Jakarta Pusat 01,Kusuma Dominik,P,Sayur-Sayuran,kentang 1 kg,DKI Jakarta,Jakarta Pusat,3129770
01-08-2022,PHI Mini Market - Jakarta Pusat 01,Kusuma Dominik,P,Sayur-Sayuran,ketimun 1 kg,DKI Jakarta,Jakarta Pusat,1904250
01-08-2022,PHI Mini Market - Jakarta Pusat 01,Kusuma Dominik,P,Sayur-Sayuran,kobis 1 kg,DKI Jakarta,Jakarta Pusat,315320
01-08-2022,PHI Mini Market - Jakarta Pusat 01,Kusuma Dominik,P,Sayur-Sayuran,tomat 1 kg,DKI Jakarta,Jakarta Pusat,2098840
01-08-2022,PHI Mini Market - Jakarta Pusat 01,Kusuma Dominik,P,Sayur-Sayuran,ubi jalar 1 kg,DKI Jakarta,Jakarta Pusat,278000
01-08-2022,PHI Mini Market - Jakarta Pusat 01,Kusuma Dominik,P,Sayur-Sayuran,ubi kayu basah 1 kg,DKI Jakarta,Jakarta Pusat,366420
01-08-2022,PHI Mini Market - Jakarta Pusat 01,Kusuma Dominik,P,Sayur-Sayuran,wortel 1 kg,DKI Jakarta,Jakarta Pusat,781070
01-08-2022,PHI Mini Market - Jakarta Pusat 01,Sentosa Indrawan,P,Buah,alpukat 1 kg,DKI Jakarta,Jakarta Pusat,2061620
01-08-2022,PHI Mini Market - Jakarta Pusat 01,Sentosa Indrawan,P,Buah,apel 1 kg,DKI Jakarta,Jakarta Pusat,15222400
01-08-2022,PHI Mini Market - Jakarta Pusat 01,Sentosa Indrawan,P,Buah,belimbing 1 kg,DKI Jakarta,Jakarta Pusat,1492750
01-08-2022,PHI Mini Market - Jakarta Pusat 01,Sentosa Indrawan,P,Buah,durian 1 kg,DKI Jakarta,Jakarta Pusat,3259970
01-08-2022,PHI Mini Market - Jakarta Pusat 01,Sentosa Indrawan,P,Buah,jeruk 1 kg,DKI Jakarta,Jakarta Pusat,2930760
01-08-2022,PHI Mini Market - Jakarta Pusat 01,Sentosa Indrawan,P,Buah,kelapa muda,DKI Jakarta,Jakarta Pusat,2690800
01-08-2022,PHI Mini Market - Jakarta Pusat 01,Sentosa Indrawan,P,Makanan & Minuman,air mineral 600 ml,DKI Jakarta,Jakarta Pusat,469750
01-08-2022,PHI Mini Market - Jakarta Pusat 01,Sentosa Indrawan,P,Makanan & Minuman,bumbu fried chicken,DKI Jakarta,Jakarta Pusat,4878630
01-08-2022,PHI Mini Market - Jakarta Pusat 01,Sentosa Indrawan,P,Makanan & Minuman,jus kesehatan 600 ml,DKI Jakarta,Jakarta Pusat,2900180
01-08-2022,PHI Mini Market - Jakarta Pusat 01,Sentosa Indrawan,P,Makanan & Minuman,kacang goreng 1 kg,DKI Jakarta,Jakarta Pusat,3497150
01-08-2022,PHI Mini Market - Jakarta Pusat 01,Sentosa Indrawan,P,Makanan & Minuman,kacang mete 1 kg,DKI Jakarta,Jakarta Pusat,21968150
01-08-2022,PHI Mini Market - Jakarta Pusat 01,Sentosa Indrawan,P,Makanan & Minuman,markisa 600 ml,DKI Jakarta,Jakarta Pusat,4285600
01-08-2022,PHI Mini Market - Jakarta Pusat 01,Sentosa Indrawan,P,Makanan & Minuman,mie instant 1 kotak (40 bungkus),DKI Jakarta,Jakarta Pusat,32308120
01-08-2022,PHI Mini Market - Jakarta Pusat 01,Sentosa Indrawan,P,Makanan & Minuman,minuman probiotik,DKI Jakarta,Jakarta Pusat,317320
01-08-2022,PHI Mini Market - Jakarta Pusat 01,Sentosa Indrawan,P,Makanan & Minuman,nasi goreng instant (1 ons),DKI Jakarta,Jakarta Pusat,1728660
01-08-2022,PHI Mini Market - Jakarta Pusat 01,Sentosa Indrawan,P,Makanan & Minuman,snack gurih 1 ons,DKI Jakarta,Jakarta Pusat,1856430
01-08-2022,PHI Mini Market - Jakarta Pusat 01,Sentosa Indrawan,P,Makanan & Minuman,susu kotak (800 ml),DKI Jakarta,Jakarta Pusat,3959510
01-08-2022,PHI Mini Market - Jakarta Pusat 01,Sentosa Indrawan,P,Makanan & Minuman,susu kotak 1 l,DKI Jakarta,Jakarta Pusat,3624680
01-08-2022,PHI Mini Market - Jakarta Pusat 01,Sentosa Indrawan,P,Makanan & Minuman,telur ayam kampung 1 kg,DKI Jakarta,Jakarta Pusat,5095310
01-08-2022,PHI Mini Market - Jakarta Pusat 01,Sentosa Indrawan,P,Makanan & Minuman,telur ayam ras 1 kg,DKI Jakarta,Jakarta Pusat,5649780
01-08-2022,PHI Mini Market - Jakarta Pusat 01,Sentosa Indrawan,P,Sayur-Sayuran,bawang merah 1 kg,DKI Jakarta,Jakarta Pusat,3716470
01-08-2022,PHI Mini Market - Jakarta Pusat 01,Sentosa Indrawan,P,Sayur-Sayuran,bawang putih 1 kg,DKI Jakarta,Jakarta Pusat,1122500
01-08-2022,PHI Mini Market - Jakarta Pusat 01,Sentosa Indrawan,P,Sayur-Sayuran,buncis 1 kg,DKI Jakarta,Jakarta Pusat,1632700
01-08-2022,PHI Mini Market - Jakarta Pusat 01,Sentosa Indrawan,P,Sayur-Sayuran,kacang hijau 1 kg,DKI Jakarta,Jakarta Pusat,1868260
01-08-2022,PHI Mini Market - Jakarta Pusat 01,Sentosa Indrawan,P,Sayur-Sayuran,kacang panjang 1 kg,DKI Jakarta,Jakarta Pusat,2482740
01-08-2022,PHI Mini Market - Jakarta Pusat 01,Sentosa Indrawan,P,Sayur-Sayuran,kentang 1 kg,DKI Jakarta,Jakarta Pusat,3108160
01-08-2022,PHI Mini Market - Jakarta Pusat 01,Sentosa Indrawan,P,Sayur-Sayuran,ketimun 1 kg,DKI Jakarta,Jakarta Pusat,1821810
01-08-2022,PHI Mini Market - Jakarta Pusat 01,Sentosa Indrawan,P,Sayur-Sayuran,kobis 1 kg,DKI Jakarta,Jakarta Pusat,352840
01-08-2022,PHI Mini Market - Jakarta Pusat 01,Sentosa Indrawan,P,Sayur-Sayuran,tomat 1 kg,DKI Jakarta,Jakarta Pusat,1636490
01-08-2022,PHI Mini Market - Jakarta Pusat 01,Sentosa Indrawan,P,Sayur-Sayuran,ubi jalar 1 kg,DKI Jakarta,Jakarta Pusat,368210
01-08-2022,PHI Mini Market - Jakarta Pusat 01,Sentosa Indrawan,P,Sayur-Sayuran,ubi kayu basah 1 kg,DKI Jakarta,Jakarta Pusat,358410
01-08-2022,PHI Mini Market - Jakarta Pusat 01,Sentosa Indrawan,P,Sayur-Sayuran,wortel 1 kg,DKI Jakarta,Jakarta Pusat,1156270
01-08-2022,PHI Mini Market - Makassar 01,Agus Dewangga,P,Buah,alpukat 1 kg,Sulawesi Selatan,Makassar,1936190
01-08-2022,PHI Mini Market - Makassar 01,Agus Dewangga,P,Buah,apel 1 kg,Sulawesi Selatan,Makassar,15977880
01-08-2022,PHI Mini Market - Makassar 01,Agus Dewangga,P,Buah,belimbing 1 kg,Sulawesi Selatan,Makassar,1238370
01-08-2022,PHI Mini Market - Makassar 01,Agus Dewangga,P,Buah,durian 1 kg,Sulawesi Selatan,Makassar,6086840
01-08-2022,PHI Mini Market - Makassar 01,Agus Dewangga,P,Buah,jeruk 1 kg,Sulawesi Selatan,Makassar,3451160
01-08-2022,PHI Mini Market - Makassar 01,Agus Dewangga,P,Buah,kelapa muda,Sulawesi Selatan,Makassar,1545130
01-08-2022,PHI Mini Market - Makassar 01,Agus Dewangga,P,Buah,mangga 1 kg,Sulawesi Selatan,Makassar,5123590
01-08-2022,PHI Mini Market - Makassar 01,Agus Dewangga,P,Makanan & Minuman,air mineral 600 ml,Sulawesi Selatan,Makassar,340240
01-08-2022,PHI Mini Market - Makassar 01,Agus Dewangga,P,Makanan & Minuman,bumbu fried chicken,Sulawesi Selatan,Makassar,5116690
01-08-2022,PHI Mini Market - Makassar 01,Agus Dewangga,P,Makanan & Minuman,jus kesehatan 600 ml,Sulawesi Selatan,Makassar,3481220
01-08-2022,PHI Mini Market - Makassar 01,Agus Dewangga,P,Makanan & Minuman,kacang goreng 1 kg,Sulawesi Selatan,Makassar,5887570
01-08-2022,PHI Mini Market - Makassar 01,Agus Dewangga,P,Makanan & Minuman,kacang mete 1 kg,Sulawesi Selatan,Makassar,38585400
01-08-2022,PHI Mini Market - Makassar 01,Agus Dewangga,P,Makanan & Minuman,markisa 600 ml,Sulawesi Selatan,Makassar,3516820
01-08-2022,PHI Mini Market - Makassar 01,Agus Dewangga,P,Makanan & Minuman,mie instant 1 kotak (40 bungkus),Sulawesi Selatan,Makassar,27269600
01-08-2022,PHI Mini Market - Makassar 01,Agus Dewangga,P,Makanan & Minuman,minuman probiotik,Sulawesi Selatan,Makassar,344950
01-08-2022,PHI Mini Market - Makassar 01,Agus Dewangga,P,Makanan & Minuman,nasi goreng instant (1 ons),Sulawesi Selatan,Makassar,1829790
01-08-2022,PHI Mini Market - Makassar 01,Agus Dewangga,P,Makanan & Minuman,snack gurih 1 ons,Sulawesi Selatan,Makassar,1227670
01-08-2022,PHI Mini Market - Makassar 01,Agus Dewangga,P,Makanan & Minuman,susu kotak (800 ml),Sulawesi Selatan,Makassar,4922260
01-08-2022,PHI Mini Market - Makassar 01,Agus Dewangga,P,Makanan & Minuman,susu kotak 1 l,Sulawesi Selatan,Makassar,2989740
01-08-2022,PHI Mini Market - Makassar 01,Agus Dewangga,P,Makanan & Minuman,telur ayam kampung 1 kg,Sulawesi Selatan,Makassar,6423190
01-08-2022,PHI Mini Market - Makassar 01,Agus Dewangga,P,Makanan & Minuman,telur ayam ras 1 kg,Sulawesi Selatan,Makassar,4102970
01-08-2022,PHI Mini Market - Makassar 01,Agus Dewangga,P,Sayur-Sayuran,bawang merah 1 kg,Sulawesi Selatan,Makassar,3060670
01-08-2022,PHI Mini Market - Makassar 01,Agus Dewangga,P,Sayur-Sayuran,bawang putih 1 kg,Sulawesi Selatan,Makassar,1117360
01-08-2022,PHI Mini Market - Makassar 01,Agus Dewangga,P,Sayur-Sayuran,buncis 1 kg,Sulawesi Selatan,Makassar,2674620
01-08-2022,PHI Mini Market - Makassar 01,Agus Dewangga,P,Sayur-Sayuran,kacang hijau 1 kg,Sulawesi Selatan,Makassar,1893820
01-08-2022,PHI Mini Market - Makassar 01,Agus Dewangga,P,Sayur-Sayuran,kacang panjang 1 kg,Sulawesi Selatan,Makassar,2938510
01-08-2022,PHI Mini Market - Makassar 01,Agus Dewangga,P,Sayur-Sayuran,kentang 1 kg,Sulawesi Selatan,Makassar,2980940
01-08-2022,PHI Mini Market - Makassar 01,Agus Dewangga,P,Sayur-Sayuran,ketimun 1 kg,Sulawesi Selatan,Makassar,1244090
01-08-2022,PHI Mini Market - Makassar 01,Agus Dewangga,P,Sayur-Sayuran,kobis 1 kg,Sulawesi Selatan,Makassar,373530
01-08-2022,PHI Mini Market - Makassar 01,Agus Dewangga,P,Sayur-Sayuran,tomat 1 kg,Sulawesi Selatan,Makassar,1970930
01-08-2022,PHI Mini Market - Makassar 01,Agus Dewangga,P,Sayur-Sayuran,ubi jalar 1 kg,Sulawesi Selatan,Makassar,342380
01-08-2022,PHI Mini Market - Makassar 01,Agus Dewangga,P,Sayur-Sayuran,ubi kayu basah 1 kg,Sulawesi Selatan,Makassar,393040
01-08-2022,PHI Mini Market - Makassar 01,Agus Dewangga,P,Sayur-Sayuran,wortel 1 kg,Sulawesi Selatan,Makassar,889310
01-08-2022,PHI Mini Market - Makassar 01,Bintang Maven,W,Buah,alpukat 1 kg,Sulawesi Selatan,Makassar,2789320
01-08-2022,PHI Mini Market - Makassar 01,Bintang Maven,W,Buah,apel 1 kg,Sulawesi Selatan,Makassar,20095730
01-08-2022,PHI Mini Market - Makassar 01,Bintang Maven,W,Buah,belimbing 1 kg,Sulawesi Selatan,Makassar,1238020
01-08-2022,PHI Mini Market - Makassar 01,Bintang Maven,W,Buah,durian 1 kg,Sulawesi Selatan,Makassar,6438890
01-08-2022,PHI Mini Market - Makassar 01,Bintang Maven,W,Buah,jeruk 1 kg,Sulawesi Selatan,Makassar,3847190
01-08-2022,PHI Mini Market - Makassar 01,Bintang Maven,W,Buah,kelapa muda,Sulawesi Selatan,Makassar,1917280
01-08-2022,PHI Mini Market - Makassar 01,Bintang Maven,W,Buah,mangga 1 kg,Sulawesi Selatan,Makassar,6237400
01-08-2022,PHI Mini Market - Makassar 01,Bintang Maven,W,Makanan & Minuman,air mineral 600 ml,Sulawesi Selatan,Makassar,341660
01-08-2022,PHI Mini Market - Makassar 01,Bintang Maven,W,Makanan & Minuman,bumbu fried chicken,Sulawesi Selatan,Makassar,4846240
01-08-2022,PHI Mini Market - Makassar 01,Bintang Maven,W,Makanan & Minuman,jus kesehatan 600 ml,Sulawesi Selatan,Makassar,2352200
01-08-2022,PHI Mini Market - Makassar 01,Bintang Maven,W,Makanan & Minuman,kacang goreng 1 kg,Sulawesi Selatan,Makassar,3973660
01-08-2022,PHI Mini Market - Makassar 01,Bintang Maven,W,Makanan & Minuman,kacang mete 1 kg,Sulawesi Selatan,Makassar,23359310
01-08-2022,PHI Mini Market - Makassar 01,Bintang Maven,W,Makanan & Minuman,markisa 600 ml,Sulawesi Selatan,Makassar,5192030
01-08-2022,PHI Mini Market - Makassar 01,Bintang Maven,W,Makanan & Minuman,mie instant 1 kotak (40 bungkus),Sulawesi Selatan,Makassar,26816960
01-08-2022,PHI Mini Market - Makassar 01,Bintang Maven,W,Makanan & Minuman,minuman probiotik,Sulawesi Selatan,Makassar,292960
01-08-2022,PHI Mini Market - Makassar 01,Bintang Maven,W,Makanan & Minuman,nasi goreng instant (1 ons),Sulawesi Selatan,Makassar,2372000
01-08-2022,PHI Mini Market - Makassar 01,Bintang Maven,W,Makanan & Minuman,snack gurih 1 ons,Sulawesi Selatan,Makassar,1035970
01-08-2022,PHI Mini Market - Makassar 01,Bintang Maven,W,Makanan & Minuman,susu kotak (800 ml),Sulawesi Selatan,Makassar,2450810
01-08-2022,PHI Mini Market - Makassar 01,Bintang Maven,W,Makanan & Minuman,susu kotak 1 l,Sulawesi Selatan,Makassar,4306810
01-08-2022,PHI Mini Market - Makassar 01,Bintang Maven,W,Makanan & Minuman,telur ayam kampung 1 kg,Sulawesi Selatan,Makassar,6511250
01-08-2022,PHI Mini Market - Makassar 01,Bintang Maven,W,Makanan & Minuman,telur ayam ras 1 kg,Sulawesi Selatan,Makassar,3943970
01-08-2022,PHI Mini Market - Makassar 01,Bintang Maven,W,Sayur-Sayuran,bawang merah 1 kg,Sulawesi Selatan,Makassar,3047150
01-08-2022,PHI Mini Market - Makassar 01,Bintang Maven,W,Sayur-Sayuran,bawang putih 1 kg,Sulawesi Selatan,Makassar,1404580
01-08-2022,PHI Mini Market - Makassar 01,Bintang Maven,W,Sayur-Sayuran,buncis 1 kg,Sulawesi Selatan,Makassar,1254590
01-08-2022,PHI Mini Market - Makassar 01,Bintang Maven,W,Sayur-Sayuran,kacang hijau 1 kg,Sulawesi Selatan,Makassar,2653110
01-08-2022,PHI Mini Market - Makassar 01,Bintang Maven,W,Sayur-Sayuran,kacang panjang 1 kg,Sulawesi Selatan,Makassar,2672980
01-08-2022,PHI Mini Market - Makassar 01,Bintang Maven,W,Sayur-Sayuran,kentang 1 kg,Sulawesi Selatan,Makassar,1968550
01-08-2022,PHI Mini Market - Makassar 01,Bintang Maven,W,Sayur-Sayuran,ketimun 1 kg,Sulawesi Selatan,Makassar,1285510
01-08-2022,PHI Mini Market - Makassar 01,Bintang Maven,W,Sayur-Sayuran,kobis 1 kg,Sulawesi Selatan,Makassar,335350
01-08-2022,PHI Mini Market - Makassar 01,Bintang Maven,W,Sayur-Sayuran,tomat 1 kg,Sulawesi Selatan,Makassar,1138800
01-08-2022,PHI Mini Market - Makassar 01,Bintang Maven,W,Sayur-Sayuran,ubi jalar 1 kg,Sulawesi Selatan,Makassar,256090
01-08-2022,PHI Mini Market - Makassar 01,Bintang Maven,W,Sayur-Sayuran,ubi kayu basah 1 kg,Sulawesi Selatan,Makassar,340440
01-08-2022,PHI Mini Market - Makassar 01,Bintang Maven,W,Sayur-Sayuran,wortel 1 kg,Sulawesi Selatan,Makassar,1345740
01-08-2022,PHI Mini Market - Makassar 01,Eriq Jagat,P,Buah,alpukat 1 kg,Sulawesi Selatan,Makassar,1495790
01-08-2022,PHI Mini Market - Makassar 01,Eriq Jagat,P,Buah,apel 1 kg,Sulawesi Selatan,Makassar,17010760
01-08-2022,PHI Mini Market - Makassar 01,Eriq Jagat,P,Buah,belimbing 1 kg,Sulawesi Selatan,Makassar,1512600
01-08-2022,PHI Mini Market - Makassar 01,Eriq Jagat,P,Buah,durian 1 kg,Sulawesi Selatan,Makassar,5128210
01-08-2022,PHI Mini Market - Makassar 01,Eriq Jagat,P,Buah,jeruk 1 kg,Sulawesi Selatan,Makassar,2776340
01-08-2022,PHI Mini Market - Makassar 01,Eriq Jagat,P,Buah,kelapa muda,Sulawesi Selatan,Makassar,1738620
01-08-2022,PHI Mini Market - Makassar 01,Eriq Jagat,P,Makanan & Minuman,air mineral 600 ml,Sulawesi Selatan,Makassar,333780
01-08-2022,PHI Mini Market - Makassar 01,Eriq Jagat,P,Makanan & Minuman,bumbu fried chicken,Sulawesi Selatan,Makassar,5340920
01-08-2022,PHI Mini Market - Makassar 01,Eriq Jagat,P,Makanan & Minuman,jus kesehatan 600 ml,Sulawesi Selatan,Makassar,2722560
01-08-2022,PHI Mini Market - Makassar 01,Eriq Jagat,P,Makanan & Minuman,kacang goreng 1 kg,Sulawesi Selatan,Makassar,3646940
01-08-2022,PHI Mini Market - Makassar 01,Eriq Jagat,P,Makanan & Minuman,kacang mete 1 kg,Sulawesi Selatan,Makassar,18002430
01-08-2022,PHI Mini Market - Makassar 01,Eriq Jagat,P,Makanan & Minuman,markisa 600 ml,Sulawesi Selatan,Makassar,5588660
01-08-2022,PHI Mini Market - Makassar 01,Eriq Jagat,P,Makanan & Minuman,mie instant 1 kotak (40 bungkus),Sulawesi Selatan,Makassar,35858320
01-08-2022,PHI Mini Market - Makassar 01,Eriq Jagat,P,Makanan & Minuman,minuman probiotik,Sulawesi Selatan,Makassar,334140
01-08-2022,PHI Mini Market - Makassar 01,Eriq Jagat,P,Makanan & Minuman,nasi goreng instant (1 ons),Sulawesi Selatan,Makassar,1793270
01-08-2022,PHI Mini Market - Makassar 01,Eriq Jagat,P,Makanan & Minuman,snack gurih 1 ons,Sulawesi Selatan,Makassar,1980080
01-08-2022,PHI Mini Market - Makassar 01,Eriq Jagat,P,Makanan & Minuman,susu kotak (800 ml),Sulawesi Selatan,Makassar,4579800
01-08-2022,PHI Mini Market - Makassar 01,Eriq Jagat,P,Makanan & Minuman,susu kotak 1 l,Sulawesi Selatan,Makassar,3019490
01-08-2022,PHI Mini Market - Makassar 01,Eriq Jagat,P,Makanan & Minuman,telur ayam kampung 1 kg,Sulawesi Selatan,Makassar,3708420
01-08-2022,PHI Mini Market - Makassar 01,Eriq Jagat,P,Makanan & Minuman,telur ayam ras 1 kg,Sulawesi Selatan,Makassar,3449700
01-08-2022,PHI Mini Market - Makassar 01,Eriq Jagat,P,Sayur-Sayuran,bawang merah 1 kg,Sulawesi Selatan,Makassar,2976220
01-08-2022,PHI Mini Market - Makassar 01,Eriq Jagat,P,Sayur-Sayuran,bawang putih 1 kg,Sulawesi Selatan,Makassar,1106720
01-08-2022,PHI Mini Market - Makassar 01,Eriq Jagat,P,Sayur-Sayuran,buncis 1 kg,Sulawesi Selatan,Makassar,2572750
01-08-2022,PHI Mini Market - Makassar 01,Eriq Jagat,P,Sayur-Sayuran,kacang hijau 1 kg,Sulawesi Selatan,Makassar,2478130
01-08-2022,PHI Mini Market - Makassar 01,Eriq Jagat,P,Sayur-Sayuran,kacang panjang 1 kg,Sulawesi Selatan,Makassar,2502110
01-08-2022,PHI Mini Market - Makassar 01,Eriq Jagat,P,Sayur-Sayuran,kentang 1 kg,Sulawesi Selatan,Makassar,1732370
01-08-2022,PHI Mini Market - Makassar 01,Eriq Jagat,P,Sayur-Sayuran,ketimun 1 kg,Sulawesi Selatan,Makassar,1224370
01-08-2022,PHI Mini Market - Makassar 01,Eriq Jagat,P,Sayur-Sayuran,kobis 1 kg,Sulawesi Selatan,Makassar,360990
01-08-2022,PHI Mini Market - Makassar 01,Eriq Jagat,P,Sayur-Sayuran,tomat 1 kg,Sulawesi Selatan,Makassar,1522320
01-08-2022,PHI Mini Market - Makassar 01,Eriq Jagat,P,Sayur-Sayuran,ubi jalar 1 kg,Sulawesi Selatan,Makassar,337610
01-08-2022,PHI Mini Market - Makassar 01,Eriq Jagat,P,Sayur-Sayuran,ubi kayu basah 1 kg,Sulawesi Selatan,Makassar,382990
01-08-2022,PHI Mini Market - Makassar 01,Eriq Jagat,P,Sayur-Sayuran,wortel 1 kg,Sulawesi Selatan,Makassar,950540
01-08-2022,PHI Mini Market - Makassar 01,Eriq Menawan,P,Buah,alpukat 1 kg,Sulawesi Selatan,Makassar,1450480
01-08-2022,PHI Mini Market - Makassar 01,Eriq Menawan,P,Buah,apel 1 kg,Sulawesi Selatan,Makassar,22227900
01-08-2022,PHI Mini Market - Makassar 01,Eriq Menawan,P,Buah,belimbing 1 kg,Sulawesi Selatan,Makassar,1725580
01-08-2022,PHI Mini Market - Makassar 01,Eriq Menawan,P,Buah,durian 1 kg,Sulawesi Selatan,Makassar,4787860
01-08-2022,PHI Mini Market - Makassar 01,Eriq Menawan,P,Buah,jeruk 1 kg,Sulawesi Selatan,Makassar,5219440
01-08-2022,PHI Mini Market - Makassar 01,Eriq Menawan,P,Buah,kelapa muda,Sulawesi Selatan,Makassar,1757030
01-08-2022,PHI Mini Market - Makassar 01,Eriq Menawan,P,Makanan & Minuman,air mineral 600 ml,Sulawesi Selatan,Makassar,554560
01-08-2022,PHI Mini Market - Makassar 01,Eriq Menawan,P,Makanan & Minuman,bumbu fried chicken,Sulawesi Selatan,Makassar,3921990
01-08-2022,PHI Mini Market - Makassar 01,Eriq Menawan,P,Makanan & Minuman,jus kesehatan 600 ml,Sulawesi Selatan,Makassar,1369390
01-08-2022,PHI Mini Market - Makassar 01,Eriq Menawan,P,Makanan & Minuman,kacang goreng 1 kg,Sulawesi Selatan,Makassar,3014830
01-08-2022,PHI Mini Market - Makassar 01,Eriq Menawan,P,Makanan & Minuman,kacang mete 1 kg,Sulawesi Selatan,Makassar,33180200
01-08-2022,PHI Mini Market - Makassar 01,Eriq Menawan,P,Makanan & Minuman,markisa 600 ml,Sulawesi Selatan,Makassar,4344960
01-08-2022,PHI Mini Market - Makassar 01,Eriq Menawan,P,Makanan & Minuman,mie instant 1 kotak (40 bungkus),Sulawesi Selatan,Makassar,32091310
01-08-2022,PHI Mini Market - Makassar 01,Eriq Menawan,P,Makanan & Minuman,minuman probiotik,Sulawesi Selatan,Makassar,306390
01-08-2022,PHI Mini Market - Makassar 01,Eriq Menawan,P,Makanan & Minuman,nasi goreng instant (1 ons),Sulawesi Selatan,Makassar,1222590
01-08-2022,PHI Mini Market - Makassar 01,Eriq Menawan,P,Makanan & Minuman,snack gurih 1 ons,Sulawesi Selatan,Makassar,1889990
01-08-2022,PHI Mini Market - Makassar 01,Eriq Menawan,P,Makanan & Minuman,susu kotak (800 ml),Sulawesi Selatan,Makassar,3975600
01-08-2022,PHI Mini Market - Makassar 01,Eriq Menawan,P,Makanan & Minuman,susu kotak 1 l,Sulawesi Selatan,Makassar,2191510
01-08-2022,PHI Mini Market - Makassar 01,Eriq Menawan,P,Makanan & Minuman,telur ayam kampung 1 kg,Sulawesi Selatan,Makassar,3607300
01-08-2022,PHI Mini Market - Makassar 01,Eriq Menawan,P,Makanan & Minuman,telur ayam ras 1 kg,Sulawesi Selatan,Makassar,3670360
01-08-2022,PHI Mini Market - Makassar 01,Eriq Menawan,P,Sayur-Sayuran,bawang merah 1 kg,Sulawesi Selatan,Makassar,4130490
01-08-2022,PHI Mini Market - Makassar 01,Eriq Menawan,P,Sayur-Sayuran,bawang putih 1 kg,Sulawesi Selatan,Makassar,1327030
01-08-2022,PHI Mini Market - Makassar 01,Eriq Menawan,P,Sayur-Sayuran,buncis 1 kg,Sulawesi Selatan,Makassar,2574070
01-08-2022,PHI Mini Market - Makassar 01,Eriq Menawan,P,Sayur-Sayuran,kacang hijau 1 kg,Sulawesi Selatan,Makassar,2399170
01-08-2022,PHI Mini Market - Makassar 01,Eriq Menawan,P,Sayur-Sayuran,kacang panjang 1 kg,Sulawesi Selatan,Makassar,2148910
01-08-2022,PHI Mini Market - Makassar 01,Eriq Menawan,P,Sayur-Sayuran,kentang 1 kg,Sulawesi Selatan,Makassar,2326470
01-08-2022,PHI Mini Market - Makassar 01,Eriq Menawan,P,Sayur-Sayuran,ketimun 1 kg,Sulawesi Selatan,Makassar,1318430
01-08-2022,PHI Mini Market - Makassar 01,Eriq Menawan,P,Sayur-Sayuran,kobis 1 kg,Sulawesi Selatan,Makassar,435410
01-08-2022,PHI Mini Market - Makassar 01,Eriq Menawan,P,Sayur-Sayuran,tomat 1 kg,Sulawesi Selatan,Makassar,1220310
01-08-2022,PHI Mini Market - Makassar 01,Eriq Menawan,P,Sayur-Sayuran,ubi jalar 1 kg,Sulawesi Selatan,Makassar,429580
01-08-2022,PHI Mini Market - Makassar 01,Eriq Menawan,P,Sayur-Sayuran,ubi kayu basah 1 kg,Sulawesi Selatan,Makassar,379170
01-08-2022,PHI Mini Market - Makassar 01,Eriq Menawan,P,Sayur-Sayuran,wortel 1 kg,Sulawesi Selatan,Makassar,1232500
01-08-2022,PHI Mini Market - Makassar 01,Ferdy Tenteram,P,Buah,alpukat 1 kg,Sulawesi Selatan,Makassar,3067050
01-08-2022,PHI Mini Market - Makassar 01,Ferdy Tenteram,P,Buah,apel 1 kg,Sulawesi Selatan,Makassar,27399230
01-08-2022,PHI Mini Market - Makassar 01,Ferdy Tenteram,P,Buah,belimbing 1 kg,Sulawesi Selatan,Makassar,1326060
01-08-2022,PHI Mini Market - Makassar 01,Ferdy Tenteram,P,Buah,durian 1 kg,Sulawesi Selatan,Makassar,5631310
01-08-2022,PHI Mini Market - Makassar 01,Ferdy Tenteram,P,Buah,jeruk 1 kg,Sulawesi Selatan,Makassar,4078400
01-08-2022,PHI Mini Market - Makassar 01,Ferdy Tenteram,P,Buah,kelapa muda,Sulawesi Selatan,Makassar,1428360
01-08-2022,PHI Mini Market - Makassar 01,Ferdy Tenteram,P,Buah,mangga 1 kg,Sulawesi Selatan,Makassar,6528130
01-08-2022,PHI Mini Market - Makassar 01,Ferdy Tenteram,P,Makanan & Minuman,air mineral 600 ml,Sulawesi Selatan,Makassar,456460
01-08-2022,PHI Mini Market - Makassar 01,Ferdy Tenteram,P,Makanan & Minuman,bumbu fried chicken,Sulawesi Selatan,Makassar,4345210
01-08-2022,PHI Mini Market - Makassar 01,Ferdy Tenteram,P,Makanan & Minuman,jus kesehatan 600 ml,Sulawesi Selatan,Makassar,3195990
01-08-2022,PHI Mini Market - Makassar 01,Ferdy Tenteram,P,Makanan & Minuman,kacang goreng 1 kg,Sulawesi Selatan,Makassar,3850940
01-08-2022,PHI Mini Market - Makassar 01,Ferdy Tenteram,P,Makanan & Minuman,kacang mete 1 kg,Sulawesi Selatan,Makassar,20953690
01-08-2022,PHI Mini Market - Makassar 01,Ferdy Tenteram,P,Makanan & Minuman,markisa 600 ml,Sulawesi Selatan,Makassar,4315750
01-08-2022,PHI Mini Market - Makassar 01,Ferdy Tenteram,P,Makanan & Minuman,mie instant 1 kotak (40 bungkus),Sulawesi Selatan,Makassar,25010420
01-08-2022,PHI Mini Market - Makassar 01,Ferdy Tenteram,P,Makanan & Minuman,minuman probiotik,Sulawesi Selatan,Makassar,294720
01-08-2022,PHI Mini Market - Makassar 01,Ferdy Tenteram,P,Makanan & Minuman,nasi goreng instant (1 ons),Sulawesi Selatan,Makassar,1897960
01-08-2022,PHI Mini Market - Makassar 01,Ferdy Tenteram,P,Makanan & Minuman,snack gurih 1 ons,Sulawesi Selatan,Makassar,1633650
01-08-2022,PHI Mini Market - Makassar 01,Ferdy Tenteram,P,Makanan & Minuman,susu kotak (800 ml),Sulawesi Selatan,Makassar,5584550
01-08-2022,PHI Mini Market - Makassar 01,Ferdy Tenteram,P,Makanan & Minuman,susu kotak 1 l,Sulawesi Selatan,Makassar,3954080
01-08-2022,PHI Mini Market - Makassar 01,Ferdy Tenteram,P,Makanan & Minuman,telur ayam kampung 1 kg,Sulawesi Selatan,Makassar,6707040
01-08-2022,PHI Mini Market - Makassar 01,Ferdy Tenteram,P,Makanan & Minuman,telur ayam ras 1 kg,Sulawesi Selatan,Makassar,3982460
01-08-2022,PHI Mini Market - Makassar 01,Ferdy Tenteram,P,Sayur-Sayuran,bawang merah 1 kg,Sulawesi Selatan,Makassar,3846380
01-08-2022,PHI Mini Market - Makassar 01,Ferdy Tenteram,P,Sayur-Sayuran,bawang putih 1 kg,Sulawesi Selatan,Makassar,1213250
01-08-2022,PHI Mini Market - Makassar 01,Ferdy Tenteram,P,Sayur-Sayuran,buncis 1 kg,Sulawesi Selatan,Makassar,1804300
01-08-2022,PHI Mini Market - Makassar 01,Ferdy Tenteram,P,Sayur-Sayuran,kacang hijau 1 kg,Sulawesi Selatan,Makassar,1830280
01-08-2022,PHI Mini Market - Makassar 01,Ferdy Tenteram,P,Sayur-Sayuran,kacang panjang 1 kg,Sulawesi Selatan,Makassar,2458200
01-08-2022,PHI Mini Market - Makassar 01,Ferdy Tenteram,P,Sayur-Sayuran,kentang 1 kg,Sulawesi Selatan,Makassar,3311480
01-08-2022,PHI Mini Market - Makassar 01,Ferdy Tenteram,P,Sayur-Sayuran,ketimun 1 kg,Sulawesi Selatan,Makassar,1344440
01-08-2022,PHI Mini Market - Makassar 01,Ferdy Tenteram,P,Sayur-Sayuran,kobis 1 kg,Sulawesi Selatan,Makassar,241930
01-08-2022,PHI Mini Market - Makassar 01,Ferdy Tenteram,P,Sayur-Sayuran,tomat 1 kg,Sulawesi Selatan,Makassar,1627790
01-08-2022,PHI Mini Market - Makassar 01,Ferdy Tenteram,P,Sayur-Sayuran,ubi jalar 1 kg,Sulawesi Selatan,Makassar,384100
01-08-2022,PHI Mini Market - Makassar 01,Ferdy Tenteram,P,Sayur-Sayuran,ubi kayu basah 1 kg,Sulawesi Selatan,Makassar,341330
01-08-2022,PHI Mini Market - Makassar 01,Ferdy Tenteram,P,Sayur-Sayuran,wortel 1 kg,Sulawesi Selatan,Makassar,858420
01-08-2022,PHI Mini Market - Makassar 01,Galang Terang,P,Buah,alpukat 1 kg,Sulawesi Selatan,Makassar,2557260
01-08-2022,PHI Mini Market - Makassar 01,Galang Terang,P,Buah,apel 1 kg,Sulawesi Selatan,Makassar,19609930
01-08-2022,PHI Mini Market - Makassar 01,Galang Terang,P,Buah,belimbing 1 kg,Sulawesi Selatan,Makassar,1076010
01-08-2022,PHI Mini Market - Makassar 01,Galang Terang,P,Buah,durian 1 kg,Sulawesi Selatan,Makassar,7745160
01-08-2022,PHI Mini Market - Makassar 01,Galang Terang,P,Buah,jeruk 1 kg,Sulawesi Selatan,Makassar,4226750
01-08-2022,PHI Mini Market - Makassar 01,Galang Terang,P,Buah,kelapa muda,Sulawesi Selatan,Makassar,1776170
01-08-2022,PHI Mini Market - Makassar 01,Galang Terang,P,Buah,mangga 1 kg,Sulawesi Selatan,Makassar,7054220
01-08-2022,PHI Mini Market - Makassar 01,Galang Terang,P,Makanan & Minuman,air mineral 600 ml,Sulawesi Selatan,Makassar,403000
01-08-2022,PHI Mini Market - Makassar 01,Galang Terang,P,Makanan & Minuman,bumbu fried chicken,Sulawesi Selatan,Makassar,5776010
01-08-2022,PHI Mini Market - Makassar 01,Galang Terang,P,Makanan & Minuman,jus kesehatan 600 ml,Sulawesi Selatan,Makassar,4493540
01-08-2022,PHI Mini Market - Makassar 01,Galang Terang,P,Makanan & Minuman,kacang goreng 1 kg,Sulawesi Selatan,Makassar,3060660
01-08-2022,PHI Mini Market - Makassar 01,Galang Terang,P,Makanan & Minuman,kacang mete 1 kg,Sulawesi Selatan,Makassar,27225860
01-08-2022,PHI Mini Market - Makassar 01,Galang Terang,P,Makanan & Minuman,markisa 600 ml,Sulawesi Selatan,Makassar,5646390
01-08-2022,PHI Mini Market - Makassar 01,Galang Terang,P,Makanan & Minuman,mie instant 1 kotak (40 bungkus),Sulawesi Selatan,Makassar,37187830
01-08-2022,PHI Mini Market - Makassar 01,Galang Terang,P,Makanan & Minuman,minuman probiotik,Sulawesi Selatan,Makassar,317060
01-08-2022,PHI Mini Market - Makassar 01,Galang Terang,P,Makanan & Minuman,nasi goreng instant (1 ons),Sulawesi Selatan,Makassar,2004730
01-08-2022,PHI Mini Market - Makassar 01,Galang Terang,P,Makanan & Minuman,snack gurih 1 ons,Sulawesi Selatan,Makassar,1851780
01-08-2022,PHI Mini Market - Makassar 01,Galang Terang,P,Makanan & Minuman,susu kotak (800 ml),Sulawesi Selatan,Makassar,2522270
01-08-2022,PHI Mini Market - Makassar 01,Galang Terang,P,Makanan & Minuman,susu kotak 1 l,Sulawesi Selatan,Makassar,4401040
01-08-2022,PHI Mini Market - Makassar 01,Galang Terang,P,Makanan & Minuman,telur ayam kampung 1 kg,Sulawesi Selatan,Makassar,6202470
01-08-2022,PHI Mini Market - Makassar 01,Galang Terang,P,Makanan & Minuman,telur ayam ras 1 kg,Sulawesi Selatan,Makassar,3654230
01-08-2022,PHI Mini Market - Makassar 01,Galang Terang,P,Sayur-Sayuran,bawang merah 1 kg,Sulawesi Selatan,Makassar,2779810
01-08-2022,PHI Mini Market - Makassar 01,Galang Terang,P,Sayur-Sayuran,bawang putih 1 kg,Sulawesi Selatan,Makassar,1311280
01-08-2022,PHI Mini Market - Makassar 01,Galang Terang,P,Sayur-Sayuran,buncis 1 kg,Sulawesi Selatan,Makassar,1840330
01-08-2022,PHI Mini Market - Makassar 01,Galang Terang,P,Sayur-Sayuran,kacang hijau 1 kg,Sulawesi Selatan,Makassar,2570240
01-08-2022,PHI Mini Market - Makassar 01,Galang Terang,P,Sayur-Sayuran,kacang panjang 1 kg,Sulawesi Selatan,Makassar,3548150
01-08-2022,PHI Mini Market - Makassar 01,Galang Terang,P,Sayur-Sayuran,kentang 1 kg,Sulawesi Selatan,Makassar,1753860
01-08-2022,PHI Mini Market - Makassar 01,Galang Terang,P,Sayur-Sayuran,ketimun 1 kg,Sulawesi Selatan,Makassar,1792760
01-08-2022,PHI Mini Market - Makassar 01,Galang Terang,P,Sayur-Sayuran,kobis 1 kg,Sulawesi Selatan,Makassar,344910
01-08-2022,PHI Mini Market - Makassar 01,Galang Terang,P,Sayur-Sayuran,tomat 1 kg,Sulawesi Selatan,Makassar,1378880
01-08-2022,PHI Mini Market - Makassar 01,Galang Terang,P,Sayur-Sayuran,ubi jalar 1 kg,Sulawesi Selatan,Makassar,382440
01-08-2022,PHI Mini Market - Makassar 01,Galang Terang,P,Sayur-Sayuran,ubi kayu basah 1 kg,Sulawesi Selatan,Makassar,311420
01-08-2022,PHI Mini Market - Makassar 01,Galang Terang,P,Sayur-Sayuran,wortel 1 kg,Sulawesi Selatan,Makassar,1111580
01-08-2022,PHI Mini Market - Makassar 01,Kristina Damai,W,Buah,alpukat 1 kg,Sulawesi Selatan,Makassar,3060730
01-08-2022,PHI Mini Market - Makassar 01,Kristina Damai,W,Buah,apel 1 kg,Sulawesi Selatan,Makassar,22038850
01-08-2022,PHI Mini Market - Makassar 01,Kristina Damai,W,Buah,belimbing 1 kg,Sulawesi Selatan,Makassar,1189590
01-08-2022,PHI Mini Market - Makassar 01,Kristina Damai,W,Buah,durian 1 kg,Sulawesi Selatan,Makassar,3432830
01-08-2022,PHI Mini Market - Makassar 01,Kristina Damai,W,Buah,jeruk 1 kg,Sulawesi Selatan,Makassar,4008410
01-08-2022,PHI Mini Market - Makassar 01,Kristina Damai,W,Buah,kelapa muda,Sulawesi Selatan,Makassar,1370210
01-08-2022,PHI Mini Market - Makassar 01,Kristina Damai,W,Buah,mangga 1 kg,Sulawesi Selatan,Makassar,4398660
01-08-2022,PHI Mini Market - Makassar 01,Kristina Damai,W,Makanan & Minuman,air mineral 600 ml,Sulawesi Selatan,Makassar,490390
01-08-2022,PHI Mini Market - Makassar 01,Kristina Damai,W,Makanan & Minuman,bumbu fried chicken,Sulawesi Selatan,Makassar,3161230
01-08-2022,PHI Mini Market - Makassar 01,Kristina Damai,W,Makanan & Minuman,jus kesehatan 600 ml,Sulawesi Selatan,Makassar,3572610
01-08-2022,PHI Mini Market - Makassar 01,Kristina Damai,W,Makanan & Minuman,kacang goreng 1 kg,Sulawesi Selatan,Makassar,4919730
01-08-2022,PHI Mini Market - Makassar 01,Kristina Damai,W,Makanan & Minuman,kacang mete 1 kg,Sulawesi Selatan,Makassar,21490360
01-08-2022,PHI Mini Market - Makassar 01,Kristina Damai,W,Makanan & Minuman,markisa 600 ml,Sulawesi Selatan,Makassar,4855590
01-08-2022,PHI Mini Market - Makassar 01,Kristina Damai,W,Makanan & Minuman,mie instant 1 kotak (40 bungkus),Sulawesi Selatan,Makassar,29855450
01-08-2022,PHI Mini Market - Makassar 01,Kristina Damai,W,Makanan & Minuman,minuman probiotik,Sulawesi Selatan,Makassar,277130
01-08-2022,PHI Mini Market - Makassar 01,Kristina Damai,W,Makanan & Minuman,nasi goreng instant (1 ons),Sulawesi Selatan,Makassar,2018820
01-08-2022,PHI Mini Market - Makassar 01,Kristina Damai,W,Makanan & Minuman,snack gurih 1 ons,Sulawesi Selatan,Makassar,2158910
01-08-2022,PHI Mini Market - Makassar 01,Kristina Damai,W,Makanan & Minuman,susu kotak (800 ml),Sulawesi Selatan,Makassar,4949350
01-08-2022,PHI Mini Market - Makassar 01,Kristina Damai,W,Makanan & Minuman,susu kotak 1 l,Sulawesi Selatan,Makassar,3402210
01-08-2022,PHI Mini Market - Makassar 01,Kristina Damai,W,Makanan & Minuman,telur ayam kampung 1 kg,Sulawesi Selatan,Makassar,6356590
01-08-2022,PHI Mini Market - Makassar 01,Kristina Damai,W,Makanan & Minuman,telur ayam ras 1 kg,Sulawesi Selatan,Makassar,3721340
01-08-2022,PHI Mini Market - Makassar 01,Kristina Damai,W,Sayur-Sayuran,bawang merah 1 kg,Sulawesi Selatan,Makassar,2963140
01-08-2022,PHI Mini Market - Makassar 01,Kristina Damai,W,Sayur-Sayuran,bawang putih 1 kg,Sulawesi Selatan,Makassar,1440680
01-08-2022,PHI Mini Market - Makassar 01,Kristina Damai,W,Sayur-Sayuran,buncis 1 kg,Sulawesi Selatan,Makassar,1734080
01-08-2022,PHI Mini Market - Makassar 01,Kristina Damai,W,Sayur-Sayuran,kacang hijau 1 kg,Sulawesi Selatan,Makassar,2497080
01-08-2022,PHI Mini Market - Makassar 01,Kristina Damai,W,Sayur-Sayuran,kacang panjang 1 kg,Sulawesi Selatan,Makassar,2516020
01-08-2022,PHI Mini Market - Makassar 01,Kristina Damai,W,Sayur-Sayuran,kentang 1 kg,Sulawesi Selatan,Makassar,3683650
01-08-2022,PHI Mini Market - Makassar 01,Kristina Damai,W,Sayur-Sayuran,ketimun 1 kg,Sulawesi Selatan,Makassar,1532830
01-08-2022,PHI Mini Market - Makassar 01,Kristina Damai,W,Sayur-Sayuran,kobis 1 kg,Sulawesi Selatan,Makassar,383290
01-08-2022,PHI Mini Market - Makassar 01,Kristina Damai,W,Sayur-Sayuran,tomat 1 kg,Sulawesi Selatan,Makassar,1631580
01-08-2022,PHI Mini Market - Makassar 01,Kristina Damai,W,Sayur-Sayuran,ubi jalar 1 kg,Sulawesi Selatan,Makassar,418380
01-08-2022,PHI Mini Market - Makassar 01,Kristina Damai,W,Sayur-Sayuran,ubi kayu basah 1 kg,Sulawesi Selatan,Makassar,333820
01-08-2022,PHI Mini Market - Makassar 01,Kristina Damai,W,Sayur-Sayuran,wortel 1 kg,Sulawesi Selatan,Makassar,775330
01-08-2022,PHI Mini Market - Makassar 01,Lastri Mardi,W,Buah,alpukat 1 kg,Sulawesi Selatan,Makassar,2009560
01-08-2022,PHI Mini Market - Makassar 01,Lastri Mardi,W,Buah,apel 1 kg,Sulawesi Selatan,Makassar,9500390
01-08-2022,PHI Mini Market - Makassar 01,Lastri Mardi,W,Buah,belimbing 1 kg,Sulawesi Selatan,Makassar,1419130
01-08-2022,PHI Mini Market - Makassar 01,Lastri Mardi,W,Buah,durian 1 kg,Sulawesi Selatan,Makassar,3951710
01-08-2022,PHI Mini Market - Makassar 01,Lastri Mardi,W,Buah,jeruk 1 kg,Sulawesi Selatan,Makassar,3184950
01-08-2022,PHI Mini Market - Makassar 01,Lastri Mardi,W,Buah,kelapa muda,Sulawesi Selatan,Makassar,1396530
01-08-2022,PHI Mini Market - Makassar 01,Lastri Mardi,W,Makanan & Minuman,air mineral 600 ml,Sulawesi Selatan,Makassar,251150
01-08-2022,PHI Mini Market - Makassar 01,Lastri Mardi,W,Makanan & Minuman,bumbu fried chicken,Sulawesi Selatan,Makassar,4939850
01-08-2022,PHI Mini Market - Makassar 01,Lastri Mardi,W,Makanan & Minuman,jus kesehatan 600 ml,Sulawesi Selatan,Makassar,2908320
01-08-2022,PHI Mini Market - Makassar 01,Lastri Mardi,W,Makanan & Minuman,kacang goreng 1 kg,Sulawesi Selatan,Makassar,5546310
01-08-2022,PHI Mini Market - Makassar 01,Lastri Mardi,W,Makanan & Minuman,kacang mete 1 kg,Sulawesi Selatan,Makassar,22970090
01-08-2022,PHI Mini Market - Makassar 01,Lastri Mardi,W,Makanan & Minuman,markisa 600 ml,Sulawesi Selatan,Makassar,4214400
01-08-2022,PHI Mini Market - Makassar 01,Lastri Mardi,W,Makanan & Minuman,mie instant 1 kotak (40 bungkus),Sulawesi Selatan,Makassar,29066740
01-08-2022,PHI Mini Market - Makassar 01,Lastri Mardi,W,Makanan & Minuman,minuman probiotik,Sulawesi Selatan,Makassar,201100
01-08-2022,PHI Mini Market - Makassar 01,Lastri Mardi,W,Makanan & Minuman,nasi goreng instant (1 ons),Sulawesi Selatan,Makassar,2237840
01-08-2022,PHI Mini Market - Makassar 01,Lastri Mardi,W,Makanan & Minuman,snack gurih 1 ons,Sulawesi Selatan,Makassar,2401840
01-08-2022,PHI Mini Market - Makassar 01,Lastri Mardi,W,Makanan & Minuman,susu kotak (800 ml),Sulawesi Selatan,Makassar,3199250
01-08-2022,PHI Mini Market - Makassar 01,Lastri Mardi,W,Makanan & Minuman,susu kotak 1 l,Sulawesi Selatan,Makassar,4020030
01-08-2022,PHI Mini Market - Makassar 01,Lastri Mardi,W,Makanan & Minuman,telur ayam kampung 1 kg,Sulawesi Selatan,Makassar,6530060
01-08-2022,PHI Mini Market - Makassar 01,Lastri Mardi,W,Makanan & Minuman,telur ayam ras 1 kg,Sulawesi Selatan,Makassar,2238900
01-08-2022,PHI Mini Market - Makassar 01,Lastri Mardi,W,Sayur-Sayuran,bawang merah 1 kg,Sulawesi Selatan,Makassar,3796110
01-08-2022,PHI Mini Market - Makassar 01,Lastri Mardi,W,Sayur-Sayuran,bawang putih 1 kg,Sulawesi Selatan,Makassar,1489370
01-08-2022,PHI Mini Market - Makassar 01,Lastri Mardi,W,Sayur-Sayuran,buncis 1 kg,Sulawesi Selatan,Makassar,2582720
01-08-2022,PHI Mini Market - Makassar 01,Lastri Mardi,W,Sayur-Sayuran,kacang hijau 1 kg,Sulawesi Selatan,Makassar,2133400
01-08-2022,PHI Mini Market - Makassar 01,Lastri Mardi,W,Sayur-Sayuran,kacang panjang 1 kg,Sulawesi Selatan,Makassar,2393050
01-08-2022,PHI Mini Market - Makassar 01,Lastri Mardi,W,Sayur-Sayuran,kentang 1 kg,Sulawesi Selatan,Makassar,3667060
01-08-2022,PHI Mini Market - Makassar 01,Lastri Mardi,W,Sayur-Sayuran,ketimun 1 kg,Sulawesi Selatan,Makassar,2174080
01-08-2022,PHI Mini Market - Makassar 01,Lastri Mardi,W,Sayur-Sayuran,kobis 1 kg,Sulawesi Selatan,Makassar,355840
01-08-2022,PHI Mini Market - Makassar 01,Lastri Mardi,W,Sayur-Sayuran,tomat 1 kg,Sulawesi Selatan,Makassar,1069260
01-08-2022,PHI Mini Market - Makassar 01,Lastri Mardi,W,Sayur-Sayuran,ubi jalar 1 kg,Sulawesi Selatan,Makassar,324920
01-08-2022,PHI Mini Market - Makassar 01,Lastri Mardi,W,Sayur-Sayuran,ubi kayu basah 1 kg,Sulawesi Selatan,Makassar,469450
01-08-2022,PHI Mini Market - Makassar 01,Lastri Mardi,W,Sayur-Sayuran,wortel 1 kg,Sulawesi Selatan,Makassar,1199110
01-08-2022,PHI Mini Market - Makassar 01,Mawar Mardi,W,Buah,alpukat 1 kg,Sulawesi Selatan,Makassar,1739850
01-08-2022,PHI Mini Market - Makassar 01,Mawar Mardi,W,Buah,apel 1 kg,Sulawesi Selatan,Makassar,25310470
01-08-2022,PHI Mini Market - Makassar 01,Mawar Mardi,W,Buah,belimbing 1 kg,Sulawesi Selatan,Makassar,1926060
01-08-2022,PHI Mini Market - Makassar 01,Mawar Mardi,W,Buah,durian 1 kg,Sulawesi Selatan,Makassar,5713940
01-08-2022,PHI Mini Market - Makassar 01,Mawar Mardi,W,Buah,jeruk 1 kg,Sulawesi Selatan,Makassar,3152390
01-08-2022,PHI Mini Market - Makassar 01,Mawar Mardi,W,Buah,kelapa muda,Sulawesi Selatan,Makassar,1769410
01-08-2022,PHI Mini Market - Makassar 01,Mawar Mardi,W,Buah,mangga 1 kg,Sulawesi Selatan,Makassar,6146890
01-08-2022,PHI Mini Market - Makassar 01,Mawar Mardi,W,Makanan & Minuman,air mineral 600 ml,Sulawesi Selatan,Makassar,270930
01-08-2022,PHI Mini Market - Makassar 01,Mawar Mardi,W,Makanan & Minuman,bumbu fried chicken,Sulawesi Selatan,Makassar,6336770
01-08-2022,PHI Mini Market - Makassar 01,Mawar Mardi,W,Makanan & Minuman,jus kesehatan 600 ml,Sulawesi Selatan,Makassar,3210350
01-08-2022,PHI Mini Market - Makassar 01,Mawar Mardi,W,Makanan & Minuman,kacang goreng 1 kg,Sulawesi Selatan,Makassar,3299270
01-08-2022,PHI Mini Market - Makassar 01,Mawar Mardi,W,Makanan & Minuman,kacang mete 1 kg,Sulawesi Selatan,Makassar,27614300
01-08-2022,PHI Mini Market - Makassar 01,Mawar Mardi,W,Makanan & Minuman,markisa 600 ml,Sulawesi Selatan,Makassar,6533960
01-08-2022,PHI Mini Market - Makassar 01,Mawar Mardi,W,Makanan & Minuman,mie instant 1 kotak (40 bungkus),Sulawesi Selatan,Makassar,29306060
01-08-2022,PHI Mini Market - Makassar 01,Mawar Mardi,W,Makanan & Minuman,minuman probiotik,Sulawesi Selatan,Makassar,210960
01-08-2022,PHI Mini Market - Makassar 01,Mawar Mardi,W,Makanan & Minuman,nasi goreng instant (1 ons),Sulawesi Selatan,Makassar,1590010
01-08-2022,PHI Mini Market - Makassar 01,Mawar Mardi,W,Makanan & Minuman,snack gurih 1 ons,Sulawesi Selatan,Makassar,2533600
01-08-2022,PHI Mini Market - Makassar 01,Mawar Mardi,W,Makanan & Minuman,susu kotak (800 ml),Sulawesi Selatan,Makassar,3885200
01-08-2022,PHI Mini Market - Makassar 01,Mawar Mardi,W,Makanan & Minuman,susu kotak 1 l,Sulawesi Selatan,Makassar,2968150
01-08-2022,PHI Mini Market - Makassar 01,Mawar Mardi,W,Makanan & Minuman,telur ayam kampung 1 kg,Sulawesi Selatan,Makassar,6959870
01-08-2022,PHI Mini Market - Makassar 01,Mawar Mardi,W,Makanan & Minuman,telur ayam ras 1 kg,Sulawesi Selatan,Makassar,3761860
01-08-2022,PHI Mini Market - Makassar 01,Mawar Mardi,W,Sayur-Sayuran,bawang merah 1 kg,Sulawesi Selatan,Makassar,3903990
01-08-2022,PHI Mini Market - Makassar 01,Mawar Mardi,W,Sayur-Sayuran,bawang putih 1 kg,Sulawesi Selatan,Makassar,1443340
01-08-2022,PHI Mini Market - Makassar 01,Mawar Mardi,W,Sayur-Sayuran,buncis 1 kg,Sulawesi Selatan,Makassar,1640710
01-08-2022,PHI Mini Market - Makassar 01,Mawar Mardi,W,Sayur-Sayuran,kacang hijau 1 kg,Sulawesi Selatan,Makassar,1999530
01-08-2022,PHI Mini Market - Makassar 01,Mawar Mardi,W,Sayur-Sayuran,kacang panjang 1 kg,Sulawesi Selatan,Makassar,2285780
01-08-2022,PHI Mini Market - Makassar 01,Mawar Mardi,W,Sayur-Sayuran,kentang 1 kg,Sulawesi Selatan,Makassar,2415490
01-08-2022,PHI Mini Market - Makassar 01,Mawar Mardi,W,Sayur-Sayuran,ketimun 1 kg,Sulawesi Selatan,Makassar,1418280
01-08-2022,PHI Mini Market - Makassar 01,Mawar Mardi,W,Sayur-Sayuran,kobis 1 kg,Sulawesi Selatan,Makassar,450380
01-08-2022,PHI Mini Market - Makassar 01,Mawar Mardi,W,Sayur-Sayuran,tomat 1 kg,Sulawesi Selatan,Makassar,2318220
01-08-2022,PHI Mini Market - Makassar 01,Mawar Mardi,W,Sayur-Sayuran,ubi jalar 1 kg,Sulawesi Selatan,Makassar,352870
01-08-2022,PHI Mini Market - Makassar 01,Mawar Mardi,W,Sayur-Sayuran,ubi kayu basah 1 kg,Sulawesi Selatan,Makassar,230750
01-08-2022,PHI Mini Market - Makassar 01,Mawar Mardi,W,Sayur-Sayuran,wortel 1 kg,Sulawesi Selatan,Makassar,1341150
01-08-2022,PHI Mini Market - Makassar 01,Niken Setiawan,W,Buah,alpukat 1 kg,Sulawesi Selatan,Makassar,1481910
01-08-2022,PHI Mini Market - Makassar 01,Niken Setiawan,W,Buah,apel 1 kg,Sulawesi Selatan,Makassar,18643960
01-08-2022,PHI Mini Market - Makassar 01,Niken Setiawan,W,Buah,belimbing 1 kg,Sulawesi Selatan,Makassar,1577830
01-08-2022,PHI Mini Market - Makassar 01,Niken Setiawan,W,Buah,durian 1 kg,Sulawesi Selatan,Makassar,5919520
01-08-2022,PHI Mini Market - Makassar 01,Niken Setiawan,W,Buah,jeruk 1 kg,Sulawesi Selatan,Makassar,3418930
01-08-2022,PHI Mini Market - Makassar 01,Niken Setiawan,W,Buah,kelapa muda,Sulawesi Selatan,Makassar,1696560
01-08-2022,PHI Mini Market - Makassar 01,Niken Setiawan,W,Makanan & Minuman,air mineral 600 ml,Sulawesi Selatan,Makassar,327050
01-08-2022,PHI Mini Market - Makassar 01,Niken Setiawan,W,Makanan & Minuman,bumbu fried chicken,Sulawesi Selatan,Makassar,4241470
01-08-2022,PHI Mini Market - Makassar 01,Niken Setiawan,W,Makanan & Minuman,jus kesehatan 600 ml,Sulawesi Selatan,Makassar,2374420
01-08-2022,PHI Mini Market - Makassar 01,Niken Setiawan,W,Makanan & Minuman,kacang goreng 1 kg,Sulawesi Selatan,Makassar,4790090
01-08-2022,PHI Mini Market - Makassar 01,Niken Setiawan,W,Makanan & Minuman,kacang mete 1 kg,Sulawesi Selatan,Makassar,21575830
01-08-2022,PHI Mini Market - Makassar 01,Niken Setiawan,W,Makanan & Minuman,markisa 600 ml,Sulawesi Selatan,Makassar,4761520
01-08-2022,PHI Mini Market - Makassar 01,Niken Setiawan,W,Makanan & Minuman,mie instant 1 kotak (40 bungkus),Sulawesi Selatan,Makassar,42892060
01-08-2022,PHI Mini Market - Makassar 01,Niken Setiawan,W,Makanan & Minuman,minuman probiotik,Sulawesi Selatan,Makassar,367550
01-08-2022,PHI Mini Market - Makassar 01,Niken Setiawan,W,Makanan & Minuman,nasi goreng instant (1 ons),Sulawesi Selatan,Makassar,2087650
01-08-2022,PHI Mini Market - Makassar 01,Niken Setiawan,W,Makanan & Minuman,snack gurih 1 ons,Sulawesi Selatan,Makassar,1562780
01-08-2022,PHI Mini Market - Makassar 01,Niken Setiawan,W,Makanan & Minuman,susu kotak (800 ml),Sulawesi Selatan,Makassar,3123660
01-08-2022,PHI Mini Market - Makassar 01,Niken Setiawan,W,Makanan & Minuman,susu kotak 1 l,Sulawesi Selatan,Makassar,2796900
01-08-2022,PHI Mini Market - Makassar 01,Niken Setiawan,W,Makanan & Minuman,telur ayam kampung 1 kg,Sulawesi Selatan,Makassar,6137590
01-08-2022,PHI Mini Market - Makassar 01,Niken Setiawan,W,Makanan & Minuman,telur ayam ras 1 kg,Sulawesi Selatan,Makassar,3452400
01-08-2022,PHI Mini Market - Makassar 01,Niken Setiawan,W,Sayur-Sayuran,bawang merah 1 kg,Sulawesi Selatan,Makassar,2455400
01-08-2022,PHI Mini Market - Makassar 01,Niken Setiawan,W,Sayur-Sayuran,bawang putih 1 kg,Sulawesi Selatan,Makassar,1358980
01-08-2022,PHI Mini Market - Makassar 01,Niken Setiawan,W,Sayur-Sayuran,buncis 1 kg,Sulawesi Selatan,Makassar,1969690
01-08-2022,PHI Mini Market - Makassar 01,Niken Setiawan,W,Sayur-Sayuran,kacang hijau 1 kg,Sulawesi Selatan,Makassar,2214160
01-08-2022,PHI Mini Market - Makassar 01,Niken Setiawan,W,Sayur-Sayuran,kacang panjang 1 kg,Sulawesi Selatan,Makassar,2704410
01-08-2022,PHI Mini Market - Makassar 01,Niken Setiawan,W,Sayur-Sayuran,kentang 1 kg,Sulawesi Selatan,Makassar,2522630
01-08-2022,PHI Mini Market - Makassar 01,Niken Setiawan,W,Sayur-Sayuran,ketimun 1 kg,Sulawesi Selatan,Makassar,1511700
01-08-2022,PHI Mini Market - Makassar 01,Niken Setiawan,W,Sayur-Sayuran,kobis 1 kg,Sulawesi Selatan,Makassar,332870
01-08-2022,PHI Mini Market - Makassar 01,Niken Setiawan,W,Sayur-Sayuran,tomat 1 kg,Sulawesi Selatan,Makassar,2159610
01-08-2022,PHI Mini Market - Makassar 01,Niken Setiawan,W,Sayur-Sayuran,ubi jalar 1 kg,Sulawesi Selatan,Makassar,229480
01-08-2022,PHI Mini Market - Makassar 01,Niken Setiawan,W,Sayur-Sayuran,ubi kayu basah 1 kg,Sulawesi Selatan,Makassar,271280
01-08-2022,PHI Mini Market - Makassar 01,Niken Setiawan,W,Sayur-Sayuran,wortel 1 kg,Sulawesi Selatan,Makassar,1652660
01-08-2022,PHI Mini Market - Surabaya 01,Aris Siberut,P,Buah,alpukat 1 kg,Jawa Timur,Surabaya,1567170
01-08-2022,PHI Mini Market - Surabaya 01,Aris Siberut,P,Buah,apel 1 kg,Jawa Timur,Surabaya,19284360
01-08-2022,PHI Mini Market - Surabaya 01,Aris Siberut,P,Buah,belimbing 1 kg,Jawa Timur,Surabaya,1027510
01-08-2022,PHI Mini Market - Surabaya 01,Aris Siberut,P,Buah,durian 1 kg,Jawa Timur,Surabaya,6942960
01-08-2022,PHI Mini Market - Surabaya 01,Aris Siberut,P,Buah,jeruk 1 kg,Jawa Timur,Surabaya,3632140
01-08-2022,PHI Mini Market - Surabaya 01,Aris Siberut,P,Buah,kelapa muda,Jawa Timur,Surabaya,1092510
01-08-2022,PHI Mini Market - Surabaya 01,Aris Siberut,P,Makanan & Minuman,air mineral 600 ml,Jawa Timur,Surabaya,386990
01-08-2022,PHI Mini Market - Surabaya 01,Aris Siberut,P,Makanan & Minuman,bumbu fried chicken,Jawa Timur,Surabaya,5989390
01-08-2022,PHI Mini Market - Surabaya 01,Aris Siberut,P,Makanan & Minuman,jus kesehatan 600 ml,Jawa Timur,Surabaya,3400610
01-08-2022,PHI Mini Market - Surabaya 01,Aris Siberut,P,Makanan & Minuman,kacang goreng 1 kg,Jawa Timur,Surabaya,4478190
01-08-2022,PHI Mini Market - Surabaya 01,Aris Siberut,P,Makanan & Minuman,kacang mete 1 kg,Jawa Timur,Surabaya,28570450
01-08-2022,PHI Mini Market - Surabaya 01,Aris Siberut,P,Makanan & Minuman,markisa 600 ml,Jawa Timur,Surabaya,4349820
01-08-2022,PHI Mini Market - Surabaya 01,Aris Siberut,P,Makanan & Minuman,mie instant 1 kotak (40 bungkus),Jawa Timur,Surabaya,46283020
01-08-2022,PHI Mini Market - Surabaya 01,Aris Siberut,P,Makanan & Minuman,minuman probiotik,Jawa Timur,Surabaya,223180
01-08-2022,PHI Mini Market - Surabaya 01,Aris Siberut,P,Makanan & Minuman,nasi goreng instant (1 ons),Jawa Timur,Surabaya,2320930
01-08-2022,PHI Mini Market - Surabaya 01,Aris Siberut,P,Makanan & Minuman,snack gurih 1 ons,Jawa Timur,Surabaya,1342100
01-08-2022,PHI Mini Market - Surabaya 01,Aris Siberut,P,Makanan & Minuman,susu kotak (800 ml),Jawa Timur,Surabaya,5830820
01-08-2022,PHI Mini Market - Surabaya 01,Aris Siberut,P,Makanan & Minuman,susu kotak 1 l,Jawa Timur,Surabaya,3501490
01-08-2022,PHI Mini Market - Surabaya 01,Aris Siberut,P,Makanan & Minuman,telur ayam kampung 1 kg,Jawa Timur,Surabaya,6449050
01-08-2022,PHI Mini Market - Surabaya 01,Aris Siberut,P,Makanan & Minuman,telur ayam ras 1 kg,Jawa Timur,Surabaya,5566830
01-08-2022,PHI Mini Market - Surabaya 01,Aris Siberut,P,Sayur-Sayuran,bawang merah 1 kg,Jawa Timur,Surabaya,4179980
01-08-2022,PHI Mini Market - Surabaya 01,Aris Siberut,P,Sayur-Sayuran,bawang putih 1 kg,Jawa Timur,Surabaya,1455070
01-08-2022,PHI Mini Market - Surabaya 01,Aris Siberut,P,Sayur-Sayuran,buncis 1 kg,Jawa Timur,Surabaya,1940960
01-08-2022,PHI Mini Market - Surabaya 01,Aris Siberut,P,Sayur-Sayuran,kacang hijau 1 kg,Jawa Timur,Surabaya,2069320
01-08-2022,PHI Mini Market - Surabaya 01,Aris Siberut,P,Sayur-Sayuran,kacang panjang 1 kg,Jawa Timur,Surabaya,2684060
01-08-2022,PHI Mini Market - Surabaya 01,Aris Siberut,P,Sayur-Sayuran,kentang 1 kg,Jawa Timur,Surabaya,2990500
01-08-2022,PHI Mini Market - Surabaya 01,Aris Siberut,P,Sayur-Sayuran,ketimun 1 kg,Jawa Timur,Surabaya,1965170
01-08-2022,PHI Mini Market - Surabaya 01,Aris Siberut,P,Sayur-Sayuran,kobis 1 kg,Jawa Timur,Surabaya,329010
01-08-2022,PHI Mini Market - Surabaya 01,Aris Siberut,P,Sayur-Sayuran,tomat 1 kg,Jawa Timur,Surabaya,2115010
01-08-2022,PHI Mini Market - Surabaya 01,Aris Siberut,P,Sayur-Sayuran,ubi jalar 1 kg,Jawa Timur,Surabaya,476160
01-08-2022,PHI Mini Market - Surabaya 01,Aris Siberut,P,Sayur-Sayuran,ubi kayu basah 1 kg,Jawa Timur,Surabaya,251830
01-08-2022,PHI Mini Market - Surabaya 01,Aris Siberut,P,Sayur-Sayuran,wortel 1 kg,Jawa Timur,Surabaya,1228250
01-08-2022,PHI Mini Market - Surabaya 01,Ayu Pekerti,W,Buah,alpukat 1 kg,Jawa Timur,Surabaya,2064920
01-08-2022,PHI Mini Market - Surabaya 01,Ayu Pekerti,W,Buah,apel 1 kg,Jawa Timur,Surabaya,14651360
01-08-2022,PHI Mini Market - Surabaya 01,Ayu Pekerti,W,Buah,belimbing 1 kg,Jawa Timur,Surabaya,1487200
01-08-2022,PHI Mini Market - Surabaya 01,Ayu Pekerti,W,Buah,durian 1 kg,Jawa Timur,Surabaya,5215780
01-08-2022,PHI Mini Market - Surabaya 01,Ayu Pekerti,W,Buah,jeruk 1 kg,Jawa Timur,Surabaya,3553910
01-08-2022,PHI Mini Market - Surabaya 01,Ayu Pekerti,W,Buah,kelapa muda,Jawa Timur,Surabaya,2022450
01-08-2022,PHI Mini Market - Surabaya 01,Ayu Pekerti,W,Buah,mangga 1 kg,Jawa Timur,Surabaya,3198970
01-08-2022,PHI Mini Market - Surabaya 01,Ayu Pekerti,W,Makanan & Minuman,air mineral 600 ml,Jawa Timur,Surabaya,358430
01-08-2022,PHI Mini Market - Surabaya 01,Ayu Pekerti,W,Makanan & Minuman,bumbu fried chicken,Jawa Timur,Surabaya,5224780
01-08-2022,PHI Mini Market - Surabaya 01,Ayu Pekerti,W,Makanan & Minuman,jus kesehatan 600 ml,Jawa Timur,Surabaya,3072930
01-08-2022,PHI Mini Market - Surabaya 01,Ayu Pekerti,W,Makanan & Minuman,kacang goreng 1 kg,Jawa Timur,Surabaya,4863540
01-08-2022,PHI Mini Market - Surabaya 01,Ayu Pekerti,W,Makanan & Minuman,kacang mete 1 kg,Jawa Timur,Surabaya,25931920
01-08-2022,PHI Mini Market - Surabaya 01,Ayu Pekerti,W,Makanan & Minuman,markisa 600 ml,Jawa Timur,Surabaya,4722550
01-08-2022,PHI Mini Market - Surabaya 01,Ayu Pekerti,W,Makanan & Minuman,mie instant 1 kotak (40 bungkus),Jawa Timur,Surabaya,25266700
01-08-2022,PHI Mini Market - Surabaya 01,Ayu Pekerti,W,Makanan & Minuman,minuman probiotik,Jawa Timur,Surabaya,218270
01-08-2022,PHI Mini Market - Surabaya 01,Ayu Pekerti,W,Makanan & Minuman,nasi goreng instant (1 ons),Jawa Timur,Surabaya,1793110
01-08-2022,PHI Mini Market - Surabaya 01,Ayu Pekerti,W,Makanan & Minuman,snack gurih 1 ons,Jawa Timur,Surabaya,2142990
01-08-2022,PHI Mini Market - Surabaya 01,Ayu Pekerti,W,Makanan & Minuman,susu kotak (800 ml),Jawa Timur,Surabaya,4008870
01-08-2022,PHI Mini Market - Surabaya 01,Ayu Pekerti,W,Makanan & Minuman,susu kotak 1 l,Jawa Timur,Surabaya,2911150
01-08-2022,PHI Mini Market - Surabaya 01,Ayu Pekerti,W,Makanan & Minuman,telur ayam kampung 1 kg,Jawa Timur,Surabaya,6208300
01-08-2022,PHI Mini Market - Surabaya 01,Ayu Pekerti,W,Makanan & Minuman,telur ayam ras 1 kg,Jawa Timur,Surabaya,3783280
01-08-2022,PHI Mini Market - Surabaya 01,Ayu Pekerti,W,Sayur-Sayuran,bawang merah 1 kg,Jawa Timur,Surabaya,3870820
01-08-2022,PHI Mini Market - Surabaya 01,Ayu Pekerti,W,Sayur-Sayuran,bawang putih 1 kg,Jawa Timur,Surabaya,1263160
01-08-2022,PHI Mini Market - Surabaya 01,Ayu Pekerti,W,Sayur-Sayuran,buncis 1 kg,Jawa Timur,Surabaya,1622940
01-08-2022,PHI Mini Market - Surabaya 01,Ayu Pekerti,W,Sayur-Sayuran,kacang hijau 1 kg,Jawa Timur,Surabaya,1272770
01-08-2022,PHI Mini Market - Surabaya 01,Ayu Pekerti,W,Sayur-Sayuran,kacang panjang 1 kg,Jawa Timur,Surabaya,1712380
01-08-2022,PHI Mini Market - Surabaya 01,Ayu Pekerti,W,Sayur-Sayuran,kentang 1 kg,Jawa Timur,Surabaya,2888310
01-08-2022,PHI Mini Market - Surabaya 01,Ayu Pekerti,W,Sayur-Sayuran,ketimun 1 kg,Jawa Timur,Surabaya,1616330
01-08-2022,PHI Mini Market - Surabaya 01,Ayu Pekerti,W,Sayur-Sayuran,kobis 1 kg,Jawa Timur,Surabaya,343750
01-08-2022,PHI Mini Market - Surabaya 01,Ayu Pekerti,W,Sayur-Sayuran,tomat 1 kg,Jawa Timur,Surabaya,872980
01-08-2022,PHI Mini Market - Surabaya 01,Ayu Pekerti,W,Sayur-Sayuran,ubi jalar 1 kg,Jawa Timur,Surabaya,503680
01-08-2022,PHI Mini Market - Surabaya 01,Ayu Pekerti,W,Sayur-Sayuran,ubi kayu basah 1 kg,Jawa Timur,Surabaya,273400
01-08-2022,PHI Mini Market - Surabaya 01,Ayu Pekerti,W,Sayur-Sayuran,wortel 1 kg,Jawa Timur,Surabaya,1354070
01-08-2022,PHI Mini Market - Surabaya 01,Budi Tenteram,P,Buah,alpukat 1 kg,Jawa Timur,Surabaya,1451650
01-08-2022,PHI Mini Market - Surabaya 01,Budi Tenteram,P,Buah,apel 1 kg,Jawa Timur,Surabaya,13955870
01-08-2022,PHI Mini Market - Surabaya 01,Budi Tenteram,P,Buah,belimbing 1 kg,Jawa Timur,Surabaya,1369230
01-08-2022,PHI Mini Market - Surabaya 01,Budi Tenteram,P,Buah,durian 1 kg,Jawa Timur,Surabaya,5314690
01-08-2022,PHI Mini Market - Surabaya 01,Budi Tenteram,P,Buah,jeruk 1 kg,Jawa Timur,Surabaya,3777950
01-08-2022,PHI Mini Market - Surabaya 01,Budi Tenteram,P,Buah,kelapa muda,Jawa Timur,Surabaya,1277020
01-08-2022,PHI Mini Market - Surabaya 01,Budi Tenteram,P,Buah,mangga 1 kg,Jawa Timur,Surabaya,4794510
01-08-2022,PHI Mini Market - Surabaya 01,Budi Tenteram,P,Makanan & Minuman,air mineral 600 ml,Jawa Timur,Surabaya,562180
01-08-2022,PHI Mini Market - Surabaya 01,Budi Tenteram,P,Makanan & Minuman,bumbu fried chicken,Jawa Timur,Surabaya,4084510
01-08-2022,PHI Mini Market - Surabaya 01,Budi Tenteram,P,Makanan & Minuman,jus kesehatan 600 ml,Jawa Timur,Surabaya,2627690
01-08-2022,PHI Mini Market - Surabaya 01,Budi Tenteram,P,Makanan & Minuman,kacang goreng 1 kg,Jawa Timur,Surabaya,3407210
01-08-2022,PHI Mini Market - Surabaya 01,Budi Tenteram,P,Makanan & Minuman,kacang mete 1 kg,Jawa Timur,Surabaya,21580650
01-08-2022,PHI Mini Market - Surabaya 01,Budi Tenteram,P,Makanan & Minuman,markisa 600 ml,Jawa Timur,Surabaya,7741200
01-08-2022,PHI Mini Market - Surabaya 01,Budi Tenteram,P,Makanan & Minuman,mie instant 1 kotak (40 bungkus),Jawa Timur,Surabaya,22066670
01-08-2022,PHI Mini Market - Surabaya 01,Budi Tenteram,P,Makanan & Minuman,minuman probiotik,Jawa Timur,Surabaya,239700
01-08-2022,PHI Mini Market - Surabaya 01,Budi Tenteram,P,Makanan & Minuman,nasi goreng instant (1 ons),Jawa Timur,Surabaya,2290050
01-08-2022,PHI Mini Market - Surabaya 01,Budi Tenteram,P,Makanan & Minuman,snack gurih 1 ons,Jawa Timur,Surabaya,2773480
01-08-2022,PHI Mini Market - Surabaya 01,Budi Tenteram,P,Makanan & Minuman,susu kotak (800 ml),Jawa Timur,Surabaya,3285820
01-08-2022,PHI Mini Market - Surabaya 01,Budi Tenteram,P,Makanan & Minuman,susu kotak 1 l,Jawa Timur,Surabaya,2730900
01-08-2022,PHI Mini Market - Surabaya 01,Budi Tenteram,P,Makanan & Minuman,telur ayam kampung 1 kg,Jawa Timur,Surabaya,7254100
01-08-2022,PHI Mini Market - Surabaya 01,Budi Tenteram,P,Makanan & Minuman,telur ayam ras 1 kg,Jawa Timur,Surabaya,3804940
01-08-2022,PHI Mini Market - Surabaya 01,Budi Tenteram,P,Sayur-Sayuran,bawang merah 1 kg,Jawa Timur,Surabaya,4746610
01-08-2022,PHI Mini Market - Surabaya 01,Budi Tenteram,P,Sayur-Sayuran,bawang putih 1 kg,Jawa Timur,Surabaya,1414400
01-08-2022,PHI Mini Market - Surabaya 01,Budi Tenteram,P,Sayur-Sayuran,buncis 1 kg,Jawa Timur,Surabaya,2135080
01-08-2022,PHI Mini Market - Surabaya 01,Budi Tenteram,P,Sayur-Sayuran,kacang hijau 1 kg,Jawa Timur,Surabaya,1538740
01-08-2022,PHI Mini Market - Surabaya 01,Budi Tenteram,P,Sayur-Sayuran,kacang panjang 1 kg,Jawa Timur,Surabaya,2496870
01-08-2022,PHI Mini Market - Surabaya 01,Budi Tenteram,P,Sayur-Sayuran,kentang 1 kg,Jawa Timur,Surabaya,2877820
01-08-2022,PHI Mini Market - Surabaya 01,Budi Tenteram,P,Sayur-Sayuran,ketimun 1 kg,Jawa Timur,Surabaya,1589690
01-08-2022,PHI Mini Market - Surabaya 01,Budi Tenteram,P,Sayur-Sayuran,kobis 1 kg,Jawa Timur,Surabaya,366080
01-08-2022,PHI Mini Market - Surabaya 01,Budi Tenteram,P,Sayur-Sayuran,tomat 1 kg,Jawa Timur,Surabaya,2215170
01-08-2022,PHI Mini Market - Surabaya 01,Budi Tenteram,P,Sayur-Sayuran,ubi jalar 1 kg,Jawa Timur,Surabaya,437350
01-08-2022,PHI Mini Market - Surabaya 01,Budi Tenteram,P,Sayur-Sayuran,ubi kayu basah 1 kg,Jawa Timur,Surabaya,352270
01-08-2022,PHI Mini Market - Surabaya 01,Budi Tenteram,P,Sayur-Sayuran,wortel 1 kg,Jawa Timur,Surabaya,1275860
01-08-2022,PHI Mini Market - Surabaya 01,Galang Setiawan,P,Buah,alpukat 1 kg,Jawa Timur,Surabaya,1917990
01-08-2022,PHI Mini Market - Surabaya 01,Galang Setiawan,P,Buah,apel 1 kg,Jawa Timur,Surabaya,16826940
01-08-2022,PHI Mini Market - Surabaya 01,Galang Setiawan,P,Buah,belimbing 1 kg,Jawa Timur,Surabaya,1412030
01-08-2022,PHI Mini Market - Surabaya 01,Galang Setiawan,P,Buah,durian 1 kg,Jawa Timur,Surabaya,5100750
01-08-2022,PHI Mini Market - Surabaya 01,Galang Setiawan,P,Buah,jeruk 1 kg,Jawa Timur,Surabaya,4273200
01-08-2022,PHI Mini Market - Surabaya 01,Galang Setiawan,P,Buah,kelapa muda,Jawa Timur,Surabaya,1557900
01-08-2022,PHI Mini Market - Surabaya 01,Galang Setiawan,P,Buah,mangga 1 kg,Jawa Timur,Surabaya,4531200
01-08-2022,PHI Mini Market - Surabaya 01,Galang Setiawan,P,Makanan & Minuman,air mineral 600 ml,Jawa Timur,Surabaya,416550
01-08-2022,PHI Mini Market - Surabaya 01,Galang Setiawan,P,Makanan & Minuman,bumbu fried chicken,Jawa Timur,Surabaya,4184510
01-08-2022,PHI Mini Market - Surabaya 01,Galang Setiawan,P,Makanan & Minuman,jus kesehatan 600 ml,Jawa Timur,Surabaya,3732760
01-08-2022,PHI Mini Market - Surabaya 01,Galang Setiawan,P,Makanan & Minuman,kacang goreng 1 kg,Jawa Timur,Surabaya,3260220
01-08-2022,PHI Mini Market - Surabaya 01,Galang Setiawan,P,Makanan & Minuman,kacang mete 1 kg,Jawa Timur,Surabaya,25338390
01-08-2022,PHI Mini Market - Surabaya 01,Galang Setiawan,P,Makanan & Minuman,markisa 600 ml,Jawa Timur,Surabaya,4445280
01-08-2022,PHI Mini Market - Surabaya 01,Galang Setiawan,P,Makanan & Minuman,mie instant 1 kotak (40 bungkus),Jawa Timur,Surabaya,42210300
01-08-2022,PHI Mini Market - Surabaya 01,Galang Setiawan,P,Makanan & Minuman,minuman probiotik,Jawa Timur,Surabaya,282320
01-08-2022,PHI Mini Market - Surabaya 01,Galang Setiawan,P,Makanan & Minuman,nasi goreng instant (1 ons),Jawa Timur,Surabaya,2651040
01-08-2022,PHI Mini Market - Surabaya 01,Galang Setiawan,P,Makanan & Minuman,snack gurih 1 ons,Jawa Timur,Surabaya,1792500
01-08-2022,PHI Mini Market - Surabaya 01,Galang Setiawan,P,Makanan & Minuman,susu kotak (800 ml),Jawa Timur,Surabaya,3822210
01-08-2022,PHI Mini Market - Surabaya 01,Galang Setiawan,P,Makanan & Minuman,susu kotak 1 l,Jawa Timur,Surabaya,3850840
01-08-2022,PHI Mini Market - Surabaya 01,Galang Setiawan,P,Makanan & Minuman,telur ayam kampung 1 kg,Jawa Timur,Surabaya,9487960
01-08-2022,PHI Mini Market - Surabaya 01,Galang Setiawan,P,Makanan & Minuman,telur ayam ras 1 kg,Jawa Timur,Surabaya,4312560
01-08-2022,PHI Mini Market - Surabaya 01,Galang Setiawan,P,Sayur-Sayuran,bawang merah 1 kg,Jawa Timur,Surabaya,4536500
01-08-2022,PHI Mini Market - Surabaya 01,Galang Setiawan,P,Sayur-Sayuran,bawang putih 1 kg,Jawa Timur,Surabaya,1383580
01-08-2022,PHI Mini Market - Surabaya 01,Galang Setiawan,P,Sayur-Sayuran,buncis 1 kg,Jawa Timur,Surabaya,2109430
01-08-2022,PHI Mini Market - Surabaya 01,Galang Setiawan,P,Sayur-Sayuran,kacang hijau 1 kg,Jawa Timur,Surabaya,1580110
01-08-2022,PHI Mini Market - Surabaya 01,Galang Setiawan,P,Sayur-Sayuran,kacang panjang 1 kg,Jawa Timur,Surabaya,2227090
01-08-2022,PHI Mini Market - Surabaya 01,Galang Setiawan,P,Sayur-Sayuran,kentang 1 kg,Jawa Timur,Surabaya,1441980
01-08-2022,PHI Mini Market - Surabaya 01,Galang Setiawan,P,Sayur-Sayuran,ketimun 1 kg,Jawa Timur,Surabaya,1699890
01-08-2022,PHI Mini Market - Surabaya 01,Galang Setiawan,P,Sayur-Sayuran,kobis 1 kg,Jawa Timur,Surabaya,239710
01-08-2022,PHI Mini Market - Surabaya 01,Galang Setiawan,P,Sayur-Sayuran,tomat 1 kg,Jawa Timur,Surabaya,1592200
01-08-2022,PHI Mini Market - Surabaya 01,Galang Setiawan,P,Sayur-Sayuran,ubi jalar 1 kg,Jawa Timur,Surabaya,312600
01-08-2022,PHI Mini Market - Surabaya 01,Galang Setiawan,P,Sayur-Sayuran,ubi kayu basah 1 kg,Jawa Timur,Surabaya,371840
01-08-2022,PHI Mini Market - Surabaya 01,Galang Setiawan,P,Sayur-Sayuran,wortel 1 kg,Jawa Timur,Surabaya,1115990
01-08-2022,PHI Mini Market - Surabaya 01,Harum Selangit,W,Buah,alpukat 1 kg,Jawa Timur,Surabaya,1945410
01-08-2022,PHI Mini Market - Surabaya 01,Harum Selangit,W,Buah,apel 1 kg,Jawa Timur,Surabaya,25519780
01-08-2022,PHI Mini Market - Surabaya 01,Harum Selangit,W,Buah,belimbing 1 kg,Jawa Timur,Surabaya,1437130
01-08-2022,PHI Mini Market - Surabaya 01,Harum Selangit,W,Buah,durian 1 kg,Jawa Timur,Surabaya,7267800
01-08-2022,PHI Mini Market - Surabaya 01,Harum Selangit,W,Buah,jeruk 1 kg,Jawa Timur,Surabaya,5055680
01-08-2022,PHI Mini Market - Surabaya 01,Harum Selangit,W,Buah,kelapa muda,Jawa Timur,Surabaya,1763940
01-08-2022,PHI Mini Market - Surabaya 01,Harum Selangit,W,Buah,mangga 1 kg,Jawa Timur,Surabaya,3209510
01-08-2022,PHI Mini Market - Surabaya 01,Harum Selangit,W,Makanan & Minuman,air mineral 600 ml,Jawa Timur,Surabaya,405920
01-08-2022,PHI Mini Market - Surabaya 01,Harum Selangit,W,Makanan & Minuman,bumbu fried chicken,Jawa Timur,Surabaya,4871600
01-08-2022,PHI Mini Market - Surabaya 01,Harum Selangit,W,Makanan & Minuman,jus kesehatan 600 ml,Jawa Timur,Surabaya,2951380
01-08-2022,PHI Mini Market - Surabaya 01,Harum Selangit,W,Makanan & Minuman,kacang goreng 1 kg,Jawa Timur,Surabaya,3432420
01-08-2022,PHI Mini Market - Surabaya 01,Harum Selangit,W,Makanan & Minuman,kacang mete 1 kg,Jawa Timur,Surabaya,25850150
01-08-2022,PHI Mini Market - Surabaya 01,Harum Selangit,W,Makanan & Minuman,markisa 600 ml,Jawa Timur,Surabaya,6500560
01-08-2022,PHI Mini Market - Surabaya 01,Harum Selangit,W,Makanan & Minuman,mie instant 1 kotak (40 bungkus),Jawa Timur,Surabaya,33714870
01-08-2022,PHI Mini Market - Surabaya 01,Harum Selangit,W,Makanan & Minuman,minuman probiotik,Jawa Timur,Surabaya,318490
01-08-2022,PHI Mini Market - Surabaya 01,Harum Selangit,W,Makanan & Minuman,nasi goreng instant (1 ons),Jawa Timur,Surabaya,1620480
01-08-2022,PHI Mini Market - Surabaya 01,Harum Selangit,W,Makanan & Minuman,snack gurih 1 ons,Jawa Timur,Surabaya,1553440
01-08-2022,PHI Mini Market - Surabaya 01,Harum Selangit,W,Makanan & Minuman,susu kotak (800 ml),Jawa Timur,Surabaya,4582040
01-08-2022,PHI Mini Market - Surabaya 01,Harum Selangit,W,Makanan & Minuman,susu kotak 1 l,Jawa Timur,Surabaya,1972890
01-08-2022,PHI Mini Market - Surabaya 01,Harum Selangit,W,Makanan & Minuman,telur ayam kampung 1 kg,Jawa Timur,Surabaya,5129650
01-08-2022,PHI Mini Market - Surabaya 01,Harum Selangit,W,Makanan & Minuman,telur ayam ras 1 kg,Jawa Timur,Surabaya,2987590
01-08-2022,PHI Mini Market - Surabaya 01,Harum Selangit,W,Sayur-Sayuran,bawang merah 1 kg,Jawa Timur,Surabaya,3947030
01-08-2022,PHI Mini Market - Surabaya 01,Harum Selangit,W,Sayur-Sayuran,bawang putih 1 kg,Jawa Timur,Surabaya,1728470
01-08-2022,PHI Mini Market - Surabaya 01,Harum Selangit,W,Sayur-Sayuran,buncis 1 kg,Jawa Timur,Surabaya,2421870
01-08-2022,PHI Mini Market - Surabaya 01,Harum Selangit,W,Sayur-Sayuran,kacang hijau 1 kg,Jawa Timur,Surabaya,2364110
01-08-2022,PHI Mini Market - Surabaya 01,Harum Selangit,W,Sayur-Sayuran,kacang panjang 1 kg,Jawa Timur,Surabaya,2609880
01-08-2022,PHI Mini Market - Surabaya 01,Harum Selangit,W,Sayur-Sayuran,kentang 1 kg,Jawa Timur,Surabaya,2352470
01-08-2022,PHI Mini Market - Surabaya 01,Harum Selangit,W,Sayur-Sayuran,ketimun 1 kg,Jawa Timur,Surabaya,1030420
01-08-2022,PHI Mini Market - Surabaya 01,Harum Selangit,W,Sayur-Sayuran,kobis 1 kg,Jawa Timur,Surabaya,236250
01-08-2022,PHI Mini Market - Surabaya 01,Harum Selangit,W,Sayur-Sayuran,tomat 1 kg,Jawa Timur,Surabaya,1692090
01-08-2022,PHI Mini Market - Surabaya 01,Harum Selangit,W,Sayur-Sayuran,ubi jalar 1 kg,Jawa Timur,Surabaya,428460
01-08-2022,PHI Mini Market - Surabaya 01,Harum Selangit,W,Sayur-Sayuran,ubi kayu basah 1 kg,Jawa Timur,Surabaya,405360
01-08-2022,PHI Mini Market - Surabaya 01,Harum Selangit,W,Sayur-Sayuran,wortel 1 kg,Jawa Timur,Surabaya,1225180
01-08-2022,PHI Mini Market - Surabaya 01,Mariani Damai,W,Buah,alpukat 1 kg,Jawa Timur,Surabaya,2308520
01-08-2022,PHI Mini Market - Surabaya 01,Mariani Damai,W,Buah,apel 1 kg,Jawa Timur,Surabaya,21102110
01-08-2022,PHI Mini Market - Surabaya 01,Mariani Damai,W,Buah,belimbing 1 kg,Jawa Timur,Surabaya,1756740
01-08-2022,PHI Mini Market - Surabaya 01,Mariani Damai,W,Buah,durian 1 kg,Jawa Timur,Surabaya,5061660
01-08-2022,PHI Mini Market - Surabaya 01,Mariani Damai,W,Buah,jeruk 1 kg,Jawa Timur,Surabaya,2539980
01-08-2022,PHI Mini Market - Surabaya 01,Mariani Damai,W,Buah,kelapa muda,Jawa Timur,Surabaya,1452340
01-08-2022,PHI Mini Market - Surabaya 01,Mariani Damai,W,Makanan & Minuman,air mineral 600 ml,Jawa Timur,Surabaya,546110
01-08-2022,PHI Mini Market - Surabaya 01,Mariani Damai,W,Makanan & Minuman,bumbu fried chicken,Jawa Timur,Surabaya,3878850
01-08-2022,PHI Mini Market - Surabaya 01,Mariani Damai,W,Makanan & Minuman,jus kesehatan 600 ml,Jawa Timur,Surabaya,2190690
01-08-2022,PHI Mini Market - Surabaya 01,Mariani Damai,W,Makanan & Minuman,kacang goreng 1 kg,Jawa Timur,Surabaya,4783720
01-08-2022,PHI Mini Market - Surabaya 01,Mariani Damai,W,Makanan & Minuman,kacang mete 1 kg,Jawa Timur,Surabaya,24250360
01-08-2022,PHI Mini Market - Surabaya 01,Mariani Damai,W,Makanan & Minuman,markisa 600 ml,Jawa Timur,Surabaya,5304130
01-08-2022,PHI Mini Market - Surabaya 01,Mariani Damai,W,Makanan & Minuman,mie instant 1 kotak (40 bungkus),Jawa Timur,Surabaya,31457440
01-08-2022,PHI Mini Market - Surabaya 01,Mariani Damai,W,Makanan & Minuman,minuman probiotik,Jawa Timur,Surabaya,356270
01-08-2022,PHI Mini Market - Surabaya 01,Mariani Damai,W,Makanan & Minuman,nasi goreng instant (1 ons),Jawa Timur,Surabaya,2131550
01-08-2022,PHI Mini Market - Surabaya 01,Mariani Damai,W,Makanan & Minuman,snack gurih 1 ons,Jawa Timur,Surabaya,1654820
01-08-2022,PHI Mini Market - Surabaya 01,Mariani Damai,W,Makanan & Minuman,susu kotak (800 ml),Jawa Timur,Surabaya,4321030
01-08-2022,PHI Mini Market - Surabaya 01,Mariani Damai,W,Makanan & Minuman,susu kotak 1 l,Jawa Timur,Surabaya,1741880
01-08-2022,PHI Mini Market - Surabaya 01,Mariani Damai,W,Makanan & Minuman,telur ayam kampung 1 kg,Jawa Timur,Surabaya,5190170
01-08-2022,PHI Mini Market - Surabaya 01,Mariani Damai,W,Makanan & Minuman,telur ayam ras 1 kg,Jawa Timur,Surabaya,5316400
01-08-2022,PHI Mini Market - Surabaya 01,Mariani Damai,W,Sayur-Sayuran,bawang merah 1 kg,Jawa Timur,Surabaya,3146490
01-08-2022,PHI Mini Market - Surabaya 01,Mariani Damai,W,Sayur-Sayuran,bawang putih 1 kg,Jawa Timur,Surabaya,1201180
01-08-2022,PHI Mini Market - Surabaya 01,Mariani Damai,W,Sayur-Sayuran,buncis 1 kg,Jawa Timur,Surabaya,1402980
01-08-2022,PHI Mini Market - Surabaya 01,Mariani Damai,W,Sayur-Sayuran,kacang hijau 1 kg,Jawa Timur,Surabaya,2284870
01-08-2022,PHI Mini Market - Surabaya 01,Mariani Damai,W,Sayur-Sayuran,kacang panjang 1 kg,Jawa Timur,Surabaya,2250430
01-08-2022,PHI Mini Market - Surabaya 01,Mariani Damai,W,Sayur-Sayuran,kentang 1 kg,Jawa Timur,Surabaya,2910390
01-08-2022,PHI Mini Market - Surabaya 01,Mariani Damai,W,Sayur-Sayuran,ketimun 1 kg,Jawa Timur,Surabaya,1669680
01-08-2022,PHI Mini Market - Surabaya 01,Mariani Damai,W,Sayur-Sayuran,kobis 1 kg,Jawa Timur,Surabaya,397180
01-08-2022,PHI Mini Market - Surabaya 01,Mariani Damai,W,Sayur-Sayuran,tomat 1 kg,Jawa Timur,Surabaya,1585590
01-08-2022,PHI Mini Market - Surabaya 01,Mariani Damai,W,Sayur-Sayuran,ubi jalar 1 kg,Jawa Timur,Surabaya,223480
01-08-2022,PHI Mini Market - Surabaya 01,Mariani Damai,W,Sayur-Sayuran,ubi kayu basah 1 kg,Jawa Timur,Surabaya,332230
01-08-2022,PHI Mini Market - Surabaya 01,Mariani Damai,W,Sayur-Sayuran,wortel 1 kg,Jawa Timur,Surabaya,1084310
01-08-2022,PHI Mini Market - Surabaya 01,Mulia Setiawan,P,Buah,alpukat 1 kg,Jawa Timur,Surabaya,1687110
01-08-2022,PHI Mini Market - Surabaya 01,Mulia Setiawan,P,Buah,apel 1 kg,Jawa Timur,Surabaya,13431050
01-08-2022,PHI Mini Market - Surabaya 01,Mulia Setiawan,P,Buah,belimbing 1 kg,Jawa Timur,Surabaya,1272660
01-08-2022,PHI Mini Market - Surabaya 01,Mulia Setiawan,P,Buah,durian 1 kg,Jawa Timur,Surabaya,4389190
01-08-2022,PHI Mini Market - Surabaya 01,Mulia Setiawan,P,Buah,jeruk 1 kg,Jawa Timur,Surabaya,4228070
01-08-2022,PHI Mini Market - Surabaya 01,Mulia Setiawan,P,Buah,kelapa muda,Jawa Timur,Surabaya,1553580
01-08-2022,PHI Mini Market - Surabaya 01,Mulia Setiawan,P,Buah,mangga 1 kg,Jawa Timur,Surabaya,5996000
01-08-2022,PHI Mini Market - Surabaya 01,Mulia Setiawan,P,Makanan & Minuman,air mineral 600 ml,Jawa Timur,Surabaya,287250
01-08-2022,PHI Mini Market - Surabaya 01,Mulia Setiawan,P,Makanan & Minuman,bumbu fried chicken,Jawa Timur,Surabaya,2974200
01-08-2022,PHI Mini Market - Surabaya 01,Mulia Setiawan,P,Makanan & Minuman,jus kesehatan 600 ml,Jawa Timur,Surabaya,2712430
01-08-2022,PHI Mini Market - Surabaya 01,Mulia Setiawan,P,Makanan & Minuman,kacang goreng 1 kg,Jawa Timur,Surabaya,3271010
01-08-2022,PHI Mini Market - Surabaya 01,Mulia Setiawan,P,Makanan & Minuman,kacang mete 1 kg,Jawa Timur,Surabaya,30620490
01-08-2022,PHI Mini Market - Surabaya 01,Mulia Setiawan,P,Makanan & Minuman,markisa 600 ml,Jawa Timur,Surabaya,5322350
01-08-2022,PHI Mini Market - Surabaya 01,Mulia Setiawan,P,Makanan & Minuman,mie instant 1 kotak (40 bungkus),Jawa Timur,Surabaya,30224880
01-08-2022,PHI Mini Market - Surabaya 01,Mulia Setiawan,P,Makanan & Minuman,minuman probiotik,Jawa Timur,Surabaya,292270
01-08-2022,PHI Mini Market - Surabaya 01,Mulia Setiawan,P,Makanan & Minuman,nasi goreng instant (1 ons),Jawa Timur,Surabaya,1698460
01-08-2022,PHI Mini Market - Surabaya 01,Mulia Setiawan,P,Makanan & Minuman,snack gurih 1 ons,Jawa Timur,Surabaya,1982010
01-08-2022,PHI Mini Market - Surabaya 01,Mulia Setiawan,P,Makanan & Minuman,susu kotak (800 ml),Jawa Timur,Surabaya,3943550
01-08-2022,PHI Mini Market - Surabaya 01,Mulia Setiawan,P,Makanan & Minuman,susu kotak 1 l,Jawa Timur,Surabaya,5136470
01-08-2022,PHI Mini Market - Surabaya 01,Mulia Setiawan,P,Makanan & Minuman,telur ayam kampung 1 kg,Jawa Timur,Surabaya,6975020
01-08-2022,PHI Mini Market - Surabaya 01,Mulia Setiawan,P,Makanan & Minuman,telur ayam ras 1 kg,Jawa Timur,Surabaya,4303230
01-08-2022,PHI Mini Market - Surabaya 01,Mulia Setiawan,P,Sayur-Sayuran,bawang merah 1 kg,Jawa Timur,Surabaya,4249110
01-08-2022,PHI Mini Market - Surabaya 01,Mulia Setiawan,P,Sayur-Sayuran,bawang putih 1 kg,Jawa Timur,Surabaya,1346630
01-08-2022,PHI Mini Market - Surabaya 01,Mulia Setiawan,P,Sayur-Sayuran,buncis 1 kg,Jawa Timur,Surabaya,2694320
01-08-2022,PHI Mini Market - Surabaya 01,Mulia Setiawan,P,Sayur-Sayuran,kacang hijau 1 kg,Jawa Timur,Surabaya,3350770
01-08-2022,PHI Mini Market - Surabaya 01,Mulia Setiawan,P,Sayur-Sayuran,kacang panjang 1 kg,Jawa Timur,Surabaya,2215070
01-08-2022,PHI Mini Market - Surabaya 01,Mulia Setiawan,P,Sayur-Sayuran,kentang 1 kg,Jawa Timur,Surabaya,2293180
01-08-2022,PHI Mini Market - Surabaya 01,Mulia Setiawan,P,Sayur-Sayuran,ketimun 1 kg,Jawa Timur,Surabaya,1712070
01-08-2022,PHI Mini Market - Surabaya 01,Mulia Setiawan,P,Sayur-Sayuran,kobis 1 kg,Jawa Timur,Surabaya,388000
01-08-2022,PHI Mini Market - Surabaya 01,Mulia Setiawan,P,Sayur-Sayuran,tomat 1 kg,Jawa Timur,Surabaya,1846300
01-08-2022,PHI Mini Market - Surabaya 01,Mulia Setiawan,P,Sayur-Sayuran,ubi jalar 1 kg,Jawa Timur,Surabaya,363890
01-08-2022,PHI Mini Market - Surabaya 01,Mulia Setiawan,P,Sayur-Sayuran,ubi kayu basah 1 kg,Jawa Timur,Surabaya,305000
01-08-2022,PHI Mini Market - Surabaya 01,Mulia Setiawan,P,Sayur-Sayuran,wortel 1 kg,Jawa Timur,Surabaya,1319880
01-08-2022,PHI Mini Market - Surabaya 01,Mulyo Damai,P,Buah,alpukat 1 kg,Jawa Timur,Surabaya,1900490
01-08-2022,PHI Mini Market - Surabaya 01,Mulyo Damai,P,Buah,apel 1 kg,Jawa Timur,Surabaya,21681350
01-08-2022,PHI Mini Market - Surabaya 01,Mulyo Damai,P,Buah,belimbing 1 kg,Jawa Timur,Surabaya,1376470
01-08-2022,PHI Mini Market - Surabaya 01,Mulyo Damai,P,Buah,durian 1 kg,Jawa Timur,Surabaya,6179650
01-08-2022,PHI Mini Market - Surabaya 01,Mulyo Damai,P,Buah,jeruk 1 kg,Jawa Timur,Surabaya,3843740
01-08-2022,PHI Mini Market - Surabaya 01,Mulyo Damai,P,Buah,kelapa muda,Jawa Timur,Surabaya,2371990
01-08-2022,PHI Mini Market - Surabaya 01,Mulyo Damai,P,Makanan & Minuman,air mineral 600 ml,Jawa Timur,Surabaya,623740
01-08-2022,PHI Mini Market - Surabaya 01,Mulyo Damai,P,Makanan & Minuman,bumbu fried chicken,Jawa Timur,Surabaya,3685380
01-08-2022,PHI Mini Market - Surabaya 01,Mulyo Damai,P,Makanan & Minuman,jus kesehatan 600 ml,Jawa Timur,Surabaya,2540660
01-08-2022,PHI Mini Market - Surabaya 01,Mulyo Damai,P,Makanan & Minuman,kacang goreng 1 kg,Jawa Timur,Surabaya,3797670
01-08-2022,PHI Mini Market - Surabaya 01,Mulyo Damai,P,Makanan & Minuman,kacang mete 1 kg,Jawa Timur,Surabaya,19796650
01-08-2022,PHI Mini Market - Surabaya 01,Mulyo Damai,P,Makanan & Minuman,markisa 600 ml,Jawa Timur,Surabaya,6068440
01-08-2022,PHI Mini Market - Surabaya 01,Mulyo Damai,P,Makanan & Minuman,mie instant 1 kotak (40 bungkus),Jawa Timur,Surabaya,23368370
01-08-2022,PHI Mini Market - Surabaya 01,Mulyo Damai,P,Makanan & Minuman,minuman probiotik,Jawa Timur,Surabaya,256230
01-08-2022,PHI Mini Market - Surabaya 01,Mulyo Damai,P,Makanan & Minuman,nasi goreng instant (1 ons),Jawa Timur,Surabaya,1862470
01-08-2022,PHI Mini Market - Surabaya 01,Mulyo Damai,P,Makanan & Minuman,snack gurih 1 ons,Jawa Timur,Surabaya,2252700
01-08-2022,PHI Mini Market - Surabaya 01,Mulyo Damai,P,Makanan & Minuman,susu kotak (800 ml),Jawa Timur,Surabaya,3870700
01-08-2022,PHI Mini Market - Surabaya 01,Mulyo Damai,P,Makanan & Minuman,susu kotak 1 l,Jawa Timur,Surabaya,3320150
01-08-2022,PHI Mini Market - Surabaya 01,Mulyo Damai,P,Makanan & Minuman,telur ayam kampung 1 kg,Jawa Timur,Surabaya,7817210
01-08-2022,PHI Mini Market - Surabaya 01,Mulyo Damai,P,Makanan & Minuman,telur ayam ras 1 kg,Jawa Timur,Surabaya,2642520
01-08-2022,PHI Mini Market - Surabaya 01,Mulyo Damai,P,Sayur-Sayuran,bawang merah 1 kg,Jawa Timur,Surabaya,2956850
01-08-2022,PHI Mini Market - Surabaya 01,Mulyo Damai,P,Sayur-Sayuran,bawang putih 1 kg,Jawa Timur,Surabaya,1516500
01-08-2022,PHI Mini Market - Surabaya 01,Mulyo Damai,P,Sayur-Sayuran,buncis 1 kg,Jawa Timur,Surabaya,2104790
01-08-2022,PHI Mini Market - Surabaya 01,Mulyo Damai,P,Sayur-Sayuran,kacang hijau 1 kg,Jawa Timur,Surabaya,2805540
01-08-2022,PHI Mini Market - Surabaya 01,Mulyo Damai,P,Sayur-Sayuran,kacang panjang 1 kg,Jawa Timur,Surabaya,2828200
01-08-2022,PHI Mini Market - Surabaya 01,Mulyo Damai,P,Sayur-Sayuran,kentang 1 kg,Jawa Timur,Surabaya,2286280
01-08-2022,PHI Mini Market - Surabaya 01,Mulyo Damai,P,Sayur-Sayuran,ketimun 1 kg,Jawa Timur,Surabaya,1477840
01-08-2022,PHI Mini Market - Surabaya 01,Mulyo Damai,P,Sayur-Sayuran,kobis 1 kg,Jawa Timur,Surabaya,429940
01-08-2022,PHI Mini Market - Surabaya 01,Mulyo Damai,P,Sayur-Sayuran,tomat 1 kg,Jawa Timur,Surabaya,2078020
01-08-2022,PHI Mini Market - Surabaya 01,Mulyo Damai,P,Sayur-Sayuran,ubi jalar 1 kg,Jawa Timur,Surabaya,422840
01-08-2022,PHI Mini Market - Surabaya 01,Mulyo Damai,P,Sayur-Sayuran,ubi kayu basah 1 kg,Jawa Timur,Surabaya,564730
01-08-2022,PHI Mini Market - Surabaya 01,Mulyo Damai,P,Sayur-Sayuran,wortel 1 kg,Jawa Timur,Surabaya,1081910
01-08-2022,PHI Mini Market - Surabaya 01,Natali Menawan,W,Buah,alpukat 1 kg,Jawa Timur,Surabaya,3677160
01-08-2022,PHI Mini Market - Surabaya 01,Natali Menawan,W,Buah,apel 1 kg,Jawa Timur,Surabaya,40499740
01-08-2022,PHI Mini Market - Surabaya 01,Natali Menawan,W,Buah,belimbing 1 kg,Jawa Timur,Surabaya,2479250
01-08-2022,PHI Mini Market - Surabaya 01,Natali Menawan,W,Buah,durian 1 kg,Jawa Timur,Surabaya,15373880
01-08-2022,PHI Mini Market - Surabaya 01,Natali Menawan,W,Buah,jeruk 1 kg,Jawa Timur,Surabaya,8286340
01-08-2022,PHI Mini Market - Surabaya 01,Natali Menawan,W,Buah,kelapa muda,Jawa Timur,Surabaya,3029130
01-08-2022,PHI Mini Market - Surabaya 01,Natali Menawan,W,Buah,mangga 1 kg,Jawa Timur,Surabaya,14278460
01-08-2022,PHI Mini Market - Surabaya 01,Natali Menawan,W,Makanan & Minuman,air mineral 600 ml,Jawa Timur,Surabaya,737380
01-08-2022,PHI Mini Market - Surabaya 01,Natali Menawan,W,Makanan & Minuman,bumbu fried chicken,Jawa Timur,Surabaya,8409330
01-08-2022,PHI Mini Market - Surabaya 01,Natali Menawan,W,Makanan & Minuman,jus kesehatan 600 ml,Jawa Timur,Surabaya,5517010
01-08-2022,PHI Mini Market - Surabaya 01,Natali Menawan,W,Makanan & Minuman,kacang goreng 1 kg,Jawa Timur,Surabaya,8175790
01-08-2022,PHI Mini Market - Surabaya 01,Natali Menawan,W,Makanan & Minuman,kacang mete 1 kg,Jawa Timur,Surabaya,42992280
01-08-2022,PHI Mini Market - Surabaya 01,Natali Menawan,W,Makanan & Minuman,markisa 600 ml,Jawa Timur,Surabaya,8819930
01-08-2022,PHI Mini Market - Surabaya 01,Natali Menawan,W,Makanan & Minuman,mie instant 1 kotak (40 bungkus),Jawa Timur,Surabaya,78626890
01-08-2022,PHI Mini Market - Surabaya 01,Natali Menawan,W,Makanan & Minuman,minuman probiotik,Jawa Timur,Surabaya,498350
01-08-2022,PHI Mini Market - Surabaya 01,Natali Menawan,W,Makanan & Minuman,nasi goreng instant (1 ons),Jawa Timur,Surabaya,2625060
01-08-2022,PHI Mini Market - Surabaya 01,Natali Menawan,W,Makanan & Minuman,snack gurih 1 ons,Jawa Timur,Surabaya,3205230
01-08-2022,PHI Mini Market - Surabaya 01,Natali Menawan,W,Makanan & Minuman,susu kotak (800 ml),Jawa Timur,Surabaya,7932390
01-08-2022,PHI Mini Market - Surabaya 01,Natali Menawan,W,Makanan & Minuman,susu kotak 1 l,Jawa Timur,Surabaya,5420690
01-08-2022,PHI Mini Market - Surabaya 01,Natali Menawan,W,Makanan & Minuman,telur ayam kampung 1 kg,Jawa Timur,Surabaya,12153180
01-08-2022,PHI Mini Market - Surabaya 01,Natali Menawan,W,Makanan & Minuman,telur ayam ras 1 kg,Jawa Timur,Surabaya,8242170
01-08-2022,PHI Mini Market - Surabaya 01,Natali Menawan,W,Sayur-Sayuran,bawang merah 1 kg,Jawa Timur,Surabaya,8186140
01-08-2022,PHI Mini Market - Surabaya 01,Natali Menawan,W,Sayur-Sayuran,bawang putih 1 kg,Jawa Timur,Surabaya,3131020
01-08-2022,PHI Mini Market - Surabaya 01,Natali Menawan,W,Sayur-Sayuran,buncis 1 kg,Jawa Timur,Surabaya,3898860
01-08-2022,PHI Mini Market - Surabaya 01,Natali Menawan,W,Sayur-Sayuran,kacang hijau 1 kg,Jawa Timur,Surabaya,4317640
01-08-2022,PHI Mini Market - Surabaya 01,Natali Menawan,W,Sayur-Sayuran,kacang panjang 1 kg,Jawa Timur,Surabaya,6324700
01-08-2022,PHI Mini Market - Surabaya 01,Natali Menawan,W,Sayur-Sayuran,kentang 1 kg,Jawa Timur,Surabaya,6414710
01-08-2022,PHI Mini Market - Surabaya 01,Natali Menawan,W,Sayur-Sayuran,ketimun 1 kg,Jawa Timur,Surabaya,3252620
01-08-2022,PHI Mini Market - Surabaya 01,Natali Menawan,W,Sayur-Sayuran,kobis 1 kg,Jawa Timur,Surabaya,834440
01-08-2022,PHI Mini Market - Surabaya 01,Natali Menawan,W,Sayur-Sayuran,tomat 1 kg,Jawa Timur,Surabaya,3164400
01-08-2022,PHI Mini Market - Surabaya 01,Natali Menawan,W,Sayur-Sayuran,ubi jalar 1 kg,Jawa Timur,Surabaya,757100
01-08-2022,PHI Mini Market - Surabaya 01,Natali Menawan,W,Sayur-Sayuran,ubi kayu basah 1 kg,Jawa Timur,Surabaya,598460
01-08-2022,PHI Mini Market - Surabaya 01,Natali Menawan,W,Sayur-Sayuran,wortel 1 kg,Jawa Timur,Surabaya,2774610
01-09-2022,PHI Mini Market - Jakarta Pusat 01,Agung Alexander,P,Buah,alpukat 1 kg,DKI Jakarta,Jakarta Pusat,2426580
01-09-2022,PHI Mini Market - Jakarta Pusat 01,Agung Alexander,P,Buah,apel 1 kg,DKI Jakarta,Jakarta Pusat,22344470
01-09-2022,PHI Mini Market - Jakarta Pusat 01,Agung Alexander,P,Buah,belimbing 1 kg,DKI Jakarta,Jakarta Pusat,859870
01-09-2022,PHI Mini Market - Jakarta Pusat 01,Agung Alexander,P,Buah,durian 1 kg,DKI Jakarta,Jakarta Pusat,5628640
01-09-2022,PHI Mini Market - Jakarta Pusat 01,Agung Alexander,P,Buah,jeruk 1 kg,DKI Jakarta,Jakarta Pusat,4502170
01-09-2022,PHI Mini Market - Jakarta Pusat 01,Agung Alexander,P,Buah,kelapa muda,DKI Jakarta,Jakarta Pusat,1593720
01-09-2022,PHI Mini Market - Jakarta Pusat 01,Agung Alexander,P,Makanan & Minuman,air mineral 600 ml,DKI Jakarta,Jakarta Pusat,404340
01-09-2022,PHI Mini Market - Jakarta Pusat 01,Agung Alexander,P,Makanan & Minuman,bumbu fried chicken,DKI Jakarta,Jakarta Pusat,4078080
01-09-2022,PHI Mini Market - Jakarta Pusat 01,Agung Alexander,P,Makanan & Minuman,jus kesehatan 600 ml,DKI Jakarta,Jakarta Pusat,3267940
01-09-2022,PHI Mini Market - Jakarta Pusat 01,Agung Alexander,P,Makanan & Minuman,kacang goreng 1 kg,DKI Jakarta,Jakarta Pusat,4940570
01-09-2022,PHI Mini Market - Jakarta Pusat 01,Agung Alexander,P,Makanan & Minuman,kacang mete 1 kg,DKI Jakarta,Jakarta Pusat,16475500
01-09-2022,PHI Mini Market - Jakarta Pusat 01,Agung Alexander,P,Makanan & Minuman,markisa 600 ml,DKI Jakarta,Jakarta Pusat,6259900
01-09-2022,PHI Mini Market - Jakarta Pusat 01,Agung Alexander,P,Makanan & Minuman,mie instant 1 kotak (40 bungkus),DKI Jakarta,Jakarta Pusat,41006680
01-09-2022,PHI Mini Market - Jakarta Pusat 01,Agung Alexander,P,Makanan & Minuman,minuman probiotik,DKI Jakarta,Jakarta Pusat,237010
01-09-2022,PHI Mini Market - Jakarta Pusat 01,Agung Alexander,P,Makanan & Minuman,nasi goreng instant (1 ons),DKI Jakarta,Jakarta Pusat,2339180
01-09-2022,PHI Mini Market - Jakarta Pusat 01,Agung Alexander,P,Makanan & Minuman,snack gurih 1 ons,DKI Jakarta,Jakarta Pusat,1612280
01-09-2022,PHI Mini Market - Jakarta Pusat 01,Agung Alexander,P,Makanan & Minuman,susu kotak (800 ml),DKI Jakarta,Jakarta Pusat,3812060
01-09-2022,PHI Mini Market - Jakarta Pusat 01,Agung Alexander,P,Makanan & Minuman,susu kotak 1 l,DKI Jakarta,Jakarta Pusat,2221580
01-09-2022,PHI Mini Market - Jakarta Pusat 01,Agung Alexander,P,Makanan & Minuman,telur ayam kampung 1 kg,DKI Jakarta,Jakarta Pusat,5420440
01-09-2022,PHI Mini Market - Jakarta Pusat 01,Agung Alexander,P,Makanan & Minuman,telur ayam ras 1 kg,DKI Jakarta,Jakarta Pusat,3542640
01-09-2022,PHI Mini Market - Jakarta Pusat 01,Agung Alexander,P,Sayur-Sayuran,bawang merah 1 kg,DKI Jakarta,Jakarta Pusat,2747780
01-09-2022,PHI Mini Market - Jakarta Pusat 01,Agung Alexander,P,Sayur-Sayuran,bawang putih 1 kg,DKI Jakarta,Jakarta Pusat,1474420
01-09-2022,PHI Mini Market - Jakarta Pusat 01,Agung Alexander,P,Sayur-Sayuran,buncis 1 kg,DKI Jakarta,Jakarta Pusat,1880110
01-09-2022,PHI Mini Market - Jakarta Pusat 01,Agung Alexander,P,Sayur-Sayuran,kacang hijau 1 kg,DKI Jakarta,Jakarta Pusat,1914210
01-09-2022,PHI Mini Market - Jakarta Pusat 01,Agung Alexander,P,Sayur-Sayuran,kacang panjang 1 kg,DKI Jakarta,Jakarta Pusat,1564950
01-09-2022,PHI Mini Market - Jakarta Pusat 01,Agung Alexander,P,Sayur-Sayuran,kentang 1 kg,DKI Jakarta,Jakarta Pusat,3182790
01-09-2022,PHI Mini Market - Jakarta Pusat 01,Agung Alexander,P,Sayur-Sayuran,ketimun 1 kg,DKI Jakarta,Jakarta Pusat,1408720
01-09-2022,PHI Mini Market - Jakarta Pusat 01,Agung Alexander,P,Sayur-Sayuran,kobis 1 kg,DKI Jakarta,Jakarta Pusat,461420
01-09-2022,PHI Mini Market - Jakarta Pusat 01,Agung Alexander,P,Sayur-Sayuran,tomat 1 kg,DKI Jakarta,Jakarta Pusat,981880
01-09-2022,PHI Mini Market - Jakarta Pusat 01,Agung Alexander,P,Sayur-Sayuran,ubi jalar 1 kg,DKI Jakarta,Jakarta Pusat,420430
01-09-2022,PHI Mini Market - Jakarta Pusat 01,Agung Alexander,P,Sayur-Sayuran,ubi kayu basah 1 kg,DKI Jakarta,Jakarta Pusat,290340
01-09-2022,PHI Mini Market - Jakarta Pusat 01,Agung Alexander,P,Sayur-Sayuran,wortel 1 kg,DKI Jakarta,Jakarta Pusat,1004110
01-09-2022,PHI Mini Market - Jakarta Pusat 01,Budiwati Ramah,W,Buah,alpukat 1 kg,DKI Jakarta,Jakarta Pusat,1047340
01-09-2022,PHI Mini Market - Jakarta Pusat 01,Budiwati Ramah,W,Buah,apel 1 kg,DKI Jakarta,Jakarta Pusat,15099400
01-09-2022,PHI Mini Market - Jakarta Pusat 01,Budiwati Ramah,W,Buah,belimbing 1 kg,DKI Jakarta,Jakarta Pusat,1694710
01-09-2022,PHI Mini Market - Jakarta Pusat 01,Budiwati Ramah,W,Buah,durian 1 kg,DKI Jakarta,Jakarta Pusat,7745350
01-09-2022,PHI Mini Market - Jakarta Pusat 01,Budiwati Ramah,W,Buah,jeruk 1 kg,DKI Jakarta,Jakarta Pusat,4313180
01-09-2022,PHI Mini Market - Jakarta Pusat 01,Budiwati Ramah,W,Buah,kelapa muda,DKI Jakarta,Jakarta Pusat,1854960
01-09-2022,PHI Mini Market - Jakarta Pusat 01,Budiwati Ramah,W,Buah,mangga 1 kg,DKI Jakarta,Jakarta Pusat,4238170
01-09-2022,PHI Mini Market - Jakarta Pusat 01,Budiwati Ramah,W,Makanan & Minuman,air mineral 600 ml,DKI Jakarta,Jakarta Pusat,461070
01-09-2022,PHI Mini Market - Jakarta Pusat 01,Budiwati Ramah,W,Makanan & Minuman,bumbu fried chicken,DKI Jakarta,Jakarta Pusat,5149620
01-09-2022,PHI Mini Market - Jakarta Pusat 01,Budiwati Ramah,W,Makanan & Minuman,jus kesehatan 600 ml,DKI Jakarta,Jakarta Pusat,1923350
01-09-2022,PHI Mini Market - Jakarta Pusat 01,Budiwati Ramah,W,Makanan & Minuman,kacang goreng 1 kg,DKI Jakarta,Jakarta Pusat,2799090
01-09-2022,PHI Mini Market - Jakarta Pusat 01,Budiwati Ramah,W,Makanan & Minuman,kacang mete 1 kg,DKI Jakarta,Jakarta Pusat,20054650
01-09-2022,PHI Mini Market - Jakarta Pusat 01,Budiwati Ramah,W,Makanan & Minuman,markisa 600 ml,DKI Jakarta,Jakarta Pusat,5154210
01-09-2022,PHI Mini Market - Jakarta Pusat 01,Budiwati Ramah,W,Makanan & Minuman,mie instant 1 kotak (40 bungkus),DKI Jakarta,Jakarta Pusat,31454050
01-09-2022,PHI Mini Market - Jakarta Pusat 01,Budiwati Ramah,W,Makanan & Minuman,minuman probiotik,DKI Jakarta,Jakarta Pusat,272500
01-09-2022,PHI Mini Market - Jakarta Pusat 01,Budiwati Ramah,W,Makanan & Minuman,nasi goreng instant (1 ons),DKI Jakarta,Jakarta Pusat,1884860
01-09-2022,PHI Mini Market - Jakarta Pusat 01,Budiwati Ramah,W,Makanan & Minuman,snack gurih 1 ons,DKI Jakarta,Jakarta Pusat,1524890
01-09-2022,PHI Mini Market - Jakarta Pusat 01,Budiwati Ramah,W,Makanan & Minuman,susu kotak (800 ml),DKI Jakarta,Jakarta Pusat,3543930
01-09-2022,PHI Mini Market - Jakarta Pusat 01,Budiwati Ramah,W,Makanan & Minuman,susu kotak 1 l,DKI Jakarta,Jakarta Pusat,3896670
01-09-2022,PHI Mini Market - Jakarta Pusat 01,Budiwati Ramah,W,Makanan & Minuman,telur ayam kampung 1 kg,DKI Jakarta,Jakarta Pusat,5789320
01-09-2022,PHI Mini Market - Jakarta Pusat 01,Budiwati Ramah,W,Makanan & Minuman,telur ayam ras 1 kg,DKI Jakarta,Jakarta Pusat,4464380
01-09-2022,PHI Mini Market - Jakarta Pusat 01,Budiwati Ramah,W,Sayur-Sayuran,bawang merah 1 kg,DKI Jakarta,Jakarta Pusat,3461040
01-09-2022,PHI Mini Market - Jakarta Pusat 01,Budiwati Ramah,W,Sayur-Sayuran,bawang putih 1 kg,DKI Jakarta,Jakarta Pusat,1380510
01-09-2022,PHI Mini Market - Jakarta Pusat 01,Budiwati Ramah,W,Sayur-Sayuran,buncis 1 kg,DKI Jakarta,Jakarta Pusat,3159930
01-09-2022,PHI Mini Market - Jakarta Pusat 01,Budiwati Ramah,W,Sayur-Sayuran,kacang hijau 1 kg,DKI Jakarta,Jakarta Pusat,2963510
01-09-2022,PHI Mini Market - Jakarta Pusat 01,Budiwati Ramah,W,Sayur-Sayuran,kacang panjang 1 kg,DKI Jakarta,Jakarta Pusat,2969020
01-09-2022,PHI Mini Market - Jakarta Pusat 01,Budiwati Ramah,W,Sayur-Sayuran,kentang 1 kg,DKI Jakarta,Jakarta Pusat,3172110
01-09-2022,PHI Mini Market - Jakarta Pusat 01,Budiwati Ramah,W,Sayur-Sayuran,ketimun 1 kg,DKI Jakarta,Jakarta Pusat,822900
01-09-2022,PHI Mini Market - Jakarta Pusat 01,Budiwati Ramah,W,Sayur-Sayuran,kobis 1 kg,DKI Jakarta,Jakarta Pusat,496170
01-09-2022,PHI Mini Market - Jakarta Pusat 01,Budiwati Ramah,W,Sayur-Sayuran,tomat 1 kg,DKI Jakarta,Jakarta Pusat,1729500
01-09-2022,PHI Mini Market - Jakarta Pusat 01,Budiwati Ramah,W,Sayur-Sayuran,ubi jalar 1 kg,DKI Jakarta,Jakarta Pusat,396890
01-09-2022,PHI Mini Market - Jakarta Pusat 01,Budiwati Ramah,W,Sayur-Sayuran,ubi kayu basah 1 kg,DKI Jakarta,Jakarta Pusat,400290
01-09-2022,PHI Mini Market - Jakarta Pusat 01,Budiwati Ramah,W,Sayur-Sayuran,wortel 1 kg,DKI Jakarta,Jakarta Pusat,1123890
01-09-2022,PHI Mini Market - Jakarta Pusat 01,Cahya Terang,W,Buah,alpukat 1 kg,DKI Jakarta,Jakarta Pusat,2272360
01-09-2022,PHI Mini Market - Jakarta Pusat 01,Cahya Terang,W,Buah,apel 1 kg,DKI Jakarta,Jakarta Pusat,10739290
01-09-2022,PHI Mini Market - Jakarta Pusat 01,Cahya Terang,W,Buah,belimbing 1 kg,DKI Jakarta,Jakarta Pusat,1262700
01-09-2022,PHI Mini Market - Jakarta Pusat 01,Cahya Terang,W,Buah,durian 1 kg,DKI Jakarta,Jakarta Pusat,7661130
01-09-2022,PHI Mini Market - Jakarta Pusat 01,Cahya Terang,W,Buah,jeruk 1 kg,DKI Jakarta,Jakarta Pusat,5733660
01-09-2022,PHI Mini Market - Jakarta Pusat 01,Cahya Terang,W,Buah,kelapa muda,DKI Jakarta,Jakarta Pusat,1662780
01-09-2022,PHI Mini Market - Jakarta Pusat 01,Cahya Terang,W,Makanan & Minuman,air mineral 600 ml,DKI Jakarta,Jakarta Pusat,274220
01-09-2022,PHI Mini Market - Jakarta Pusat 01,Cahya Terang,W,Makanan & Minuman,bumbu fried chicken,DKI Jakarta,Jakarta Pusat,5500950
01-09-2022,PHI Mini Market - Jakarta Pusat 01,Cahya Terang,W,Makanan & Minuman,jus kesehatan 600 ml,DKI Jakarta,Jakarta Pusat,2571290
01-09-2022,PHI Mini Market - Jakarta Pusat 01,Cahya Terang,W,Makanan & Minuman,kacang goreng 1 kg,DKI Jakarta,Jakarta Pusat,3758620
01-09-2022,PHI Mini Market - Jakarta Pusat 01,Cahya Terang,W,Makanan & Minuman,kacang mete 1 kg,DKI Jakarta,Jakarta Pusat,23670540
01-09-2022,PHI Mini Market - Jakarta Pusat 01,Cahya Terang,W,Makanan & Minuman,markisa 600 ml,DKI Jakarta,Jakarta Pusat,4197060
01-09-2022,PHI Mini Market - Jakarta Pusat 01,Cahya Terang,W,Makanan & Minuman,mie instant 1 kotak (40 bungkus),DKI Jakarta,Jakarta Pusat,18336500
01-09-2022,PHI Mini Market - Jakarta Pusat 01,Cahya Terang,W,Makanan & Minuman,minuman probiotik,DKI Jakarta,Jakarta Pusat,405540
01-09-2022,PHI Mini Market - Jakarta Pusat 01,Cahya Terang,W,Makanan & Minuman,nasi goreng instant (1 ons),DKI Jakarta,Jakarta Pusat,1948610
01-09-2022,PHI Mini Market - Jakarta Pusat 01,Cahya Terang,W,Makanan & Minuman,snack gurih 1 ons,DKI Jakarta,Jakarta Pusat,2050620
01-09-2022,PHI Mini Market - Jakarta Pusat 01,Cahya Terang,W,Makanan & Minuman,susu kotak (800 ml),DKI Jakarta,Jakarta Pusat,4405110
01-09-2022,PHI Mini Market - Jakarta Pusat 01,Cahya Terang,W,Makanan & Minuman,susu kotak 1 l,DKI Jakarta,Jakarta Pusat,2990940
01-09-2022,PHI Mini Market - Jakarta Pusat 01,Cahya Terang,W,Makanan & Minuman,telur ayam kampung 1 kg,DKI Jakarta,Jakarta Pusat,9675320
01-09-2022,PHI Mini Market - Jakarta Pusat 01,Cahya Terang,W,Makanan & Minuman,telur ayam ras 1 kg,DKI Jakarta,Jakarta Pusat,3668410
01-09-2022,PHI Mini Market - Jakarta Pusat 01,Cahya Terang,W,Sayur-Sayuran,bawang merah 1 kg,DKI Jakarta,Jakarta Pusat,3634020
01-09-2022,PHI Mini Market - Jakarta Pusat 01,Cahya Terang,W,Sayur-Sayuran,bawang putih 1 kg,DKI Jakarta,Jakarta Pusat,1187980
01-09-2022,PHI Mini Market - Jakarta Pusat 01,Cahya Terang,W,Sayur-Sayuran,buncis 1 kg,DKI Jakarta,Jakarta Pusat,1793290
01-09-2022,PHI Mini Market - Jakarta Pusat 01,Cahya Terang,W,Sayur-Sayuran,kacang hijau 1 kg,DKI Jakarta,Jakarta Pusat,1360540
01-09-2022,PHI Mini Market - Jakarta Pusat 01,Cahya Terang,W,Sayur-Sayuran,kacang panjang 1 kg,DKI Jakarta,Jakarta Pusat,2215100
01-09-2022,PHI Mini Market - Jakarta Pusat 01,Cahya Terang,W,Sayur-Sayuran,kentang 1 kg,DKI Jakarta,Jakarta Pusat,2678340
01-09-2022,PHI Mini Market - Jakarta Pusat 01,Cahya Terang,W,Sayur-Sayuran,ketimun 1 kg,DKI Jakarta,Jakarta Pusat,1332140
01-09-2022,PHI Mini Market - Jakarta Pusat 01,Cahya Terang,W,Sayur-Sayuran,kobis 1 kg,DKI Jakarta,Jakarta Pusat,268170
01-09-2022,PHI Mini Market - Jakarta Pusat 01,Cahya Terang,W,Sayur-Sayuran,tomat 1 kg,DKI Jakarta,Jakarta Pusat,1679730
01-09-2022,PHI Mini Market - Jakarta Pusat 01,Cahya Terang,W,Sayur-Sayuran,ubi jalar 1 kg,DKI Jakarta,Jakarta Pusat,437330
01-09-2022,PHI Mini Market - Jakarta Pusat 01,Cahya Terang,W,Sayur-Sayuran,ubi kayu basah 1 kg,DKI Jakarta,Jakarta Pusat,256940
01-09-2022,PHI Mini Market - Jakarta Pusat 01,Cahya Terang,W,Sayur-Sayuran,wortel 1 kg,DKI Jakarta,Jakarta Pusat,1116760
01-09-2022,PHI Mini Market - Jakarta Pusat 01,Eko Rukun,P,Buah,alpukat 1 kg,DKI Jakarta,Jakarta Pusat,1646150
01-09-2022,PHI Mini Market - Jakarta Pusat 01,Eko Rukun,P,Buah,apel 1 kg,DKI Jakarta,Jakarta Pusat,17953250
01-09-2022,PHI Mini Market - Jakarta Pusat 01,Eko Rukun,P,Buah,belimbing 1 kg,DKI Jakarta,Jakarta Pusat,1305800
01-09-2022,PHI Mini Market - Jakarta Pusat 01,Eko Rukun,P,Buah,durian 1 kg,DKI Jakarta,Jakarta Pusat,5165010
01-09-2022,PHI Mini Market - Jakarta Pusat 01,Eko Rukun,P,Buah,jeruk 1 kg,DKI Jakarta,Jakarta Pusat,5047020
01-09-2022,PHI Mini Market - Jakarta Pusat 01,Eko Rukun,P,Buah,kelapa muda,DKI Jakarta,Jakarta Pusat,1223380
01-09-2022,PHI Mini Market - Jakarta Pusat 01,Eko Rukun,P,Buah,mangga 1 kg,DKI Jakarta,Jakarta Pusat,3360400
01-09-2022,PHI Mini Market - Jakarta Pusat 01,Eko Rukun,P,Makanan & Minuman,air mineral 600 ml,DKI Jakarta,Jakarta Pusat,432640
01-09-2022,PHI Mini Market - Jakarta Pusat 01,Eko Rukun,P,Makanan & Minuman,bumbu fried chicken,DKI Jakarta,Jakarta Pusat,5813970
01-09-2022,PHI Mini Market - Jakarta Pusat 01,Eko Rukun,P,Makanan & Minuman,jus kesehatan 600 ml,DKI Jakarta,Jakarta Pusat,3368010
01-09-2022,PHI Mini Market - Jakarta Pusat 01,Eko Rukun,P,Makanan & Minuman,kacang goreng 1 kg,DKI Jakarta,Jakarta Pusat,4705400
01-09-2022,PHI Mini Market - Jakarta Pusat 01,Eko Rukun,P,Makanan & Minuman,kacang mete 1 kg,DKI Jakarta,Jakarta Pusat,14231620
01-09-2022,PHI Mini Market - Jakarta Pusat 01,Eko Rukun,P,Makanan & Minuman,markisa 600 ml,DKI Jakarta,Jakarta Pusat,5177500
01-09-2022,PHI Mini Market - Jakarta Pusat 01,Eko Rukun,P,Makanan & Minuman,mie instant 1 kotak (40 bungkus),DKI Jakarta,Jakarta Pusat,31582110
01-09-2022,PHI Mini Market - Jakarta Pusat 01,Eko Rukun,P,Makanan & Minuman,minuman probiotik,DKI Jakarta,Jakarta Pusat,251970
01-09-2022,PHI Mini Market - Jakarta Pusat 01,Eko Rukun,P,Makanan & Minuman,nasi goreng instant (1 ons),DKI Jakarta,Jakarta Pusat,1493160
01-09-2022,PHI Mini Market - Jakarta Pusat 01,Eko Rukun,P,Makanan & Minuman,snack gurih 1 ons,DKI Jakarta,Jakarta Pusat,1716050
01-09-2022,PHI Mini Market - Jakarta Pusat 01,Eko Rukun,P,Makanan & Minuman,susu kotak (800 ml),DKI Jakarta,Jakarta Pusat,4929710
01-09-2022,PHI Mini Market - Jakarta Pusat 01,Eko Rukun,P,Makanan & Minuman,susu kotak 1 l,DKI Jakarta,Jakarta Pusat,3094550
01-09-2022,PHI Mini Market - Jakarta Pusat 01,Eko Rukun,P,Makanan & Minuman,telur ayam kampung 1 kg,DKI Jakarta,Jakarta Pusat,5613160
01-09-2022,PHI Mini Market - Jakarta Pusat 01,Eko Rukun,P,Makanan & Minuman,telur ayam ras 1 kg,DKI Jakarta,Jakarta Pusat,3125700
01-09-2022,PHI Mini Market - Jakarta Pusat 01,Eko Rukun,P,Sayur-Sayuran,bawang merah 1 kg,DKI Jakarta,Jakarta Pusat,4175660
01-09-2022,PHI Mini Market - Jakarta Pusat 01,Eko Rukun,P,Sayur-Sayuran,bawang putih 1 kg,DKI Jakarta,Jakarta Pusat,1081560
01-09-2022,PHI Mini Market - Jakarta Pusat 01,Eko Rukun,P,Sayur-Sayuran,buncis 1 kg,DKI Jakarta,Jakarta Pusat,1818470
01-09-2022,PHI Mini Market - Jakarta Pusat 01,Eko Rukun,P,Sayur-Sayuran,kacang hijau 1 kg,DKI Jakarta,Jakarta Pusat,2478670
01-09-2022,PHI Mini Market - Jakarta Pusat 01,Eko Rukun,P,Sayur-Sayuran,kacang panjang 1 kg,DKI Jakarta,Jakarta Pusat,2924900
01-09-2022,PHI Mini Market - Jakarta Pusat 01,Eko Rukun,P,Sayur-Sayuran,kentang 1 kg,DKI Jakarta,Jakarta Pusat,2650890
01-09-2022,PHI Mini Market - Jakarta Pusat 01,Eko Rukun,P,Sayur-Sayuran,ketimun 1 kg,DKI Jakarta,Jakarta Pusat,1542770
01-09-2022,PHI Mini Market - Jakarta Pusat 01,Eko Rukun,P,Sayur-Sayuran,kobis 1 kg,DKI Jakarta,Jakarta Pusat,421920
01-09-2022,PHI Mini Market - Jakarta Pusat 01,Eko Rukun,P,Sayur-Sayuran,tomat 1 kg,DKI Jakarta,Jakarta Pusat,1672590
01-09-2022,PHI Mini Market - Jakarta Pusat 01,Eko Rukun,P,Sayur-Sayuran,ubi jalar 1 kg,DKI Jakarta,Jakarta Pusat,388030
01-09-2022,PHI Mini Market - Jakarta Pusat 01,Eko Rukun,P,Sayur-Sayuran,ubi kayu basah 1 kg,DKI Jakarta,Jakarta Pusat,226040
01-09-2022,PHI Mini Market - Jakarta Pusat 01,Eko Rukun,P,Sayur-Sayuran,wortel 1 kg,DKI Jakarta,Jakarta Pusat,1469780
01-09-2022,PHI Mini Market - Jakarta Pusat 01,Eria Setiawan,W,Buah,alpukat 1 kg,DKI Jakarta,Jakarta Pusat,1954590
01-09-2022,PHI Mini Market - Jakarta Pusat 01,Eria Setiawan,W,Buah,apel 1 kg,DKI Jakarta,Jakarta Pusat,21072710
01-09-2022,PHI Mini Market - Jakarta Pusat 01,Eria Setiawan,W,Buah,belimbing 1 kg,DKI Jakarta,Jakarta Pusat,782810
01-09-2022,PHI Mini Market - Jakarta Pusat 01,Eria Setiawan,W,Buah,durian 1 kg,DKI Jakarta,Jakarta Pusat,6742410
01-09-2022,PHI Mini Market - Jakarta Pusat 01,Eria Setiawan,W,Buah,jeruk 1 kg,DKI Jakarta,Jakarta Pusat,3226470
01-09-2022,PHI Mini Market - Jakarta Pusat 01,Eria Setiawan,W,Buah,kelapa muda,DKI Jakarta,Jakarta Pusat,1381770
01-09-2022,PHI Mini Market - Jakarta Pusat 01,Eria Setiawan,W,Buah,mangga 1 kg,DKI Jakarta,Jakarta Pusat,4048950
01-09-2022,PHI Mini Market - Jakarta Pusat 01,Eria Setiawan,W,Makanan & Minuman,air mineral 600 ml,DKI Jakarta,Jakarta Pusat,417500
01-09-2022,PHI Mini Market - Jakarta Pusat 01,Eria Setiawan,W,Makanan & Minuman,bumbu fried chicken,DKI Jakarta,Jakarta Pusat,3809400
01-09-2022,PHI Mini Market - Jakarta Pusat 01,Eria Setiawan,W,Makanan & Minuman,jus kesehatan 600 ml,DKI Jakarta,Jakarta Pusat,2691680
01-09-2022,PHI Mini Market - Jakarta Pusat 01,Eria Setiawan,W,Makanan & Minuman,kacang goreng 1 kg,DKI Jakarta,Jakarta Pusat,2391820
01-09-2022,PHI Mini Market - Jakarta Pusat 01,Eria Setiawan,W,Makanan & Minuman,kacang mete 1 kg,DKI Jakarta,Jakarta Pusat,23467370
01-09-2022,PHI Mini Market - Jakarta Pusat 01,Eria Setiawan,W,Makanan & Minuman,markisa 600 ml,DKI Jakarta,Jakarta Pusat,4245690
01-09-2022,PHI Mini Market - Jakarta Pusat 01,Eria Setiawan,W,Makanan & Minuman,mie instant 1 kotak (40 bungkus),DKI Jakarta,Jakarta Pusat,25504170
01-09-2022,PHI Mini Market - Jakarta Pusat 01,Eria Setiawan,W,Makanan & Minuman,minuman probiotik,DKI Jakarta,Jakarta Pusat,272040
01-09-2022,PHI Mini Market - Jakarta Pusat 01,Eria Setiawan,W,Makanan & Minuman,nasi goreng instant (1 ons),DKI Jakarta,Jakarta Pusat,1733960
01-09-2022,PHI Mini Market - Jakarta Pusat 01,Eria Setiawan,W,Makanan & Minuman,snack gurih 1 ons,DKI Jakarta,Jakarta Pusat,2305070
01-09-2022,PHI Mini Market - Jakarta Pusat 01,Eria Setiawan,W,Makanan & Minuman,susu kotak (800 ml),DKI Jakarta,Jakarta Pusat,3922230
01-09-2022,PHI Mini Market - Jakarta Pusat 01,Eria Setiawan,W,Makanan & Minuman,susu kotak 1 l,DKI Jakarta,Jakarta Pusat,3162950
01-09-2022,PHI Mini Market - Jakarta Pusat 01,Eria Setiawan,W,Makanan & Minuman,telur ayam kampung 1 kg,DKI Jakarta,Jakarta Pusat,7428600
01-09-2022,PHI Mini Market - Jakarta Pusat 01,Eria Setiawan,W,Makanan & Minuman,telur ayam ras 1 kg,DKI Jakarta,Jakarta Pusat,3002260
01-09-2022,PHI Mini Market - Jakarta Pusat 01,Eria Setiawan,W,Sayur-Sayuran,bawang merah 1 kg,DKI Jakarta,Jakarta Pusat,3535450
01-09-2022,PHI Mini Market - Jakarta Pusat 01,Eria Setiawan,W,Sayur-Sayuran,bawang putih 1 kg,DKI Jakarta,Jakarta Pusat,1347060
01-09-2022,PHI Mini Market - Jakarta Pusat 01,Eria Setiawan,W,Sayur-Sayuran,buncis 1 kg,DKI Jakarta,Jakarta Pusat,1647270
01-09-2022,PHI Mini Market - Jakarta Pusat 01,Eria Setiawan,W,Sayur-Sayuran,kacang hijau 1 kg,DKI Jakarta,Jakarta Pusat,2615610
01-09-2022,PHI Mini Market - Jakarta Pusat 01,Eria Setiawan,W,Sayur-Sayuran,kacang panjang 1 kg,DKI Jakarta,Jakarta Pusat,2528040
01-09-2022,PHI Mini Market - Jakarta Pusat 01,Eria Setiawan,W,Sayur-Sayuran,kentang 1 kg,DKI Jakarta,Jakarta Pusat,2910910
01-09-2022,PHI Mini Market - Jakarta Pusat 01,Eria Setiawan,W,Sayur-Sayuran,ketimun 1 kg,DKI Jakarta,Jakarta Pusat,1093920
01-09-2022,PHI Mini Market - Jakarta Pusat 01,Eria Setiawan,W,Sayur-Sayuran,kobis 1 kg,DKI Jakarta,Jakarta Pusat,399480
01-09-2022,PHI Mini Market - Jakarta Pusat 01,Eria Setiawan,W,Sayur-Sayuran,tomat 1 kg,DKI Jakarta,Jakarta Pusat,1143300
01-09-2022,PHI Mini Market - Jakarta Pusat 01,Eria Setiawan,W,Sayur-Sayuran,ubi jalar 1 kg,DKI Jakarta,Jakarta Pusat,391150
01-09-2022,PHI Mini Market - Jakarta Pusat 01,Eria Setiawan,W,Sayur-Sayuran,ubi kayu basah 1 kg,DKI Jakarta,Jakarta Pusat,261510
01-09-2022,PHI Mini Market - Jakarta Pusat 01,Eria Setiawan,W,Sayur-Sayuran,wortel 1 kg,DKI Jakarta,Jakarta Pusat,1041420
01-09-2022,PHI Mini Market - Jakarta Pusat 01,Erman Margo,P,Buah,alpukat 1 kg,DKI Jakarta,Jakarta Pusat,1349660
01-09-2022,PHI Mini Market - Jakarta Pusat 01,Erman Margo,P,Buah,apel 1 kg,DKI Jakarta,Jakarta Pusat,22143240
01-09-2022,PHI Mini Market - Jakarta Pusat 01,Erman Margo,P,Buah,belimbing 1 kg,DKI Jakarta,Jakarta Pusat,963020
01-09-2022,PHI Mini Market - Jakarta Pusat 01,Erman Margo,P,Buah,durian 1 kg,DKI Jakarta,Jakarta Pusat,5413400
01-09-2022,PHI Mini Market - Jakarta Pusat 01,Erman Margo,P,Buah,jeruk 1 kg,DKI Jakarta,Jakarta Pusat,4112020
01-09-2022,PHI Mini Market - Jakarta Pusat 01,Erman Margo,P,Buah,kelapa muda,DKI Jakarta,Jakarta Pusat,2229890
01-09-2022,PHI Mini Market - Jakarta Pusat 01,Erman Margo,P,Buah,mangga 1 kg,DKI Jakarta,Jakarta Pusat,5834600
01-09-2022,PHI Mini Market - Jakarta Pusat 01,Erman Margo,P,Makanan & Minuman,air mineral 600 ml,DKI Jakarta,Jakarta Pusat,507260
01-09-2022,PHI Mini Market - Jakarta Pusat 01,Erman Margo,P,Makanan & Minuman,bumbu fried chicken,DKI Jakarta,Jakarta Pusat,4875510
01-09-2022,PHI Mini Market - Jakarta Pusat 01,Erman Margo,P,Makanan & Minuman,jus kesehatan 600 ml,DKI Jakarta,Jakarta Pusat,3209190
01-09-2022,PHI Mini Market - Jakarta Pusat 01,Erman Margo,P,Makanan & Minuman,kacang goreng 1 kg,DKI Jakarta,Jakarta Pusat,2839110
01-09-2022,PHI Mini Market - Jakarta Pusat 01,Erman Margo,P,Makanan & Minuman,kacang mete 1 kg,DKI Jakarta,Jakarta Pusat,17447550
01-09-2022,PHI Mini Market - Jakarta Pusat 01,Erman Margo,P,Makanan & Minuman,markisa 600 ml,DKI Jakarta,Jakarta Pusat,3260640
01-09-2022,PHI Mini Market - Jakarta Pusat 01,Erman Margo,P,Makanan & Minuman,mie instant 1 kotak (40 bungkus),DKI Jakarta,Jakarta Pusat,18897830
01-09-2022,PHI Mini Market - Jakarta Pusat 01,Erman Margo,P,Makanan & Minuman,minuman probiotik,DKI Jakarta,Jakarta Pusat,255590
01-09-2022,PHI Mini Market - Jakarta Pusat 01,Erman Margo,P,Makanan & Minuman,nasi goreng instant (1 ons),DKI Jakarta,Jakarta Pusat,1342970
01-09-2022,PHI Mini Market - Jakarta Pusat 01,Erman Margo,P,Makanan & Minuman,snack gurih 1 ons,DKI Jakarta,Jakarta Pusat,1996060
01-09-2022,PHI Mini Market - Jakarta Pusat 01,Erman Margo,P,Makanan & Minuman,susu kotak (800 ml),DKI Jakarta,Jakarta Pusat,3623040
01-09-2022,PHI Mini Market - Jakarta Pusat 01,Erman Margo,P,Makanan & Minuman,susu kotak 1 l,DKI Jakarta,Jakarta Pusat,3379690
01-09-2022,PHI Mini Market - Jakarta Pusat 01,Erman Margo,P,Makanan & Minuman,telur ayam kampung 1 kg,DKI Jakarta,Jakarta Pusat,7709600
01-09-2022,PHI Mini Market - Jakarta Pusat 01,Erman Margo,P,Makanan & Minuman,telur ayam ras 1 kg,DKI Jakarta,Jakarta Pusat,4657440
01-09-2022,PHI Mini Market - Jakarta Pusat 01,Erman Margo,P,Sayur-Sayuran,bawang merah 1 kg,DKI Jakarta,Jakarta Pusat,2511280
01-09-2022,PHI Mini Market - Jakarta Pusat 01,Erman Margo,P,Sayur-Sayuran,bawang putih 1 kg,DKI Jakarta,Jakarta Pusat,1424730
01-09-2022,PHI Mini Market - Jakarta Pusat 01,Erman Margo,P,Sayur-Sayuran,buncis 1 kg,DKI Jakarta,Jakarta Pusat,2020220
01-09-2022,PHI Mini Market - Jakarta Pusat 01,Erman Margo,P,Sayur-Sayuran,kacang hijau 1 kg,DKI Jakarta,Jakarta Pusat,2229730
01-09-2022,PHI Mini Market - Jakarta Pusat 01,Erman Margo,P,Sayur-Sayuran,kacang panjang 1 kg,DKI Jakarta,Jakarta Pusat,2732910
01-09-2022,PHI Mini Market - Jakarta Pusat 01,Erman Margo,P,Sayur-Sayuran,kentang 1 kg,DKI Jakarta,Jakarta Pusat,2541820
01-09-2022,PHI Mini Market - Jakarta Pusat 01,Erman Margo,P,Sayur-Sayuran,ketimun 1 kg,DKI Jakarta,Jakarta Pusat,1459710
01-09-2022,PHI Mini Market - Jakarta Pusat 01,Erman Margo,P,Sayur-Sayuran,kobis 1 kg,DKI Jakarta,Jakarta Pusat,456670
01-09-2022,PHI Mini Market - Jakarta Pusat 01,Erman Margo,P,Sayur-Sayuran,tomat 1 kg,DKI Jakarta,Jakarta Pusat,1559220
01-09-2022,PHI Mini Market - Jakarta Pusat 01,Erman Margo,P,Sayur-Sayuran,ubi jalar 1 kg,DKI Jakarta,Jakarta Pusat,462260
01-09-2022,PHI Mini Market - Jakarta Pusat 01,Erman Margo,P,Sayur-Sayuran,ubi kayu basah 1 kg,DKI Jakarta,Jakarta Pusat,380070
01-09-2022,PHI Mini Market - Jakarta Pusat 01,Erman Margo,P,Sayur-Sayuran,wortel 1 kg,DKI Jakarta,Jakarta Pusat,1287110
01-09-2022,PHI Mini Market - Jakarta Pusat 01,Harum Maven,W,Buah,alpukat 1 kg,DKI Jakarta,Jakarta Pusat,1529730
01-09-2022,PHI Mini Market - Jakarta Pusat 01,Harum Maven,W,Buah,apel 1 kg,DKI Jakarta,Jakarta Pusat,16760720
01-09-2022,PHI Mini Market - Jakarta Pusat 01,Harum Maven,W,Buah,belimbing 1 kg,DKI Jakarta,Jakarta Pusat,1620280
01-09-2022,PHI Mini Market - Jakarta Pusat 01,Harum Maven,W,Buah,durian 1 kg,DKI Jakarta,Jakarta Pusat,4010970
01-09-2022,PHI Mini Market - Jakarta Pusat 01,Harum Maven,W,Buah,jeruk 1 kg,DKI Jakarta,Jakarta Pusat,2831250
01-09-2022,PHI Mini Market - Jakarta Pusat 01,Harum Maven,W,Buah,kelapa muda,DKI Jakarta,Jakarta Pusat,1743940
01-09-2022,PHI Mini Market - Jakarta Pusat 01,Harum Maven,W,Buah,mangga 1 kg,DKI Jakarta,Jakarta Pusat,5537500
01-09-2022,PHI Mini Market - Jakarta Pusat 01,Harum Maven,W,Makanan & Minuman,air mineral 600 ml,DKI Jakarta,Jakarta Pusat,404750
01-09-2022,PHI Mini Market - Jakarta Pusat 01,Harum Maven,W,Makanan & Minuman,bumbu fried chicken,DKI Jakarta,Jakarta Pusat,5029290
01-09-2022,PHI Mini Market - Jakarta Pusat 01,Harum Maven,W,Makanan & Minuman,jus kesehatan 600 ml,DKI Jakarta,Jakarta Pusat,2961610
01-09-2022,PHI Mini Market - Jakarta Pusat 01,Harum Maven,W,Makanan & Minuman,kacang goreng 1 kg,DKI Jakarta,Jakarta Pusat,6211750
01-09-2022,PHI Mini Market - Jakarta Pusat 01,Harum Maven,W,Makanan & Minuman,kacang mete 1 kg,DKI Jakarta,Jakarta Pusat,26799520
01-09-2022,PHI Mini Market - Jakarta Pusat 01,Harum Maven,W,Makanan & Minuman,markisa 600 ml,DKI Jakarta,Jakarta Pusat,5313070
01-09-2022,PHI Mini Market - Jakarta Pusat 01,Harum Maven,W,Makanan & Minuman,mie instant 1 kotak (40 bungkus),DKI Jakarta,Jakarta Pusat,23623550
01-09-2022,PHI Mini Market - Jakarta Pusat 01,Harum Maven,W,Makanan & Minuman,minuman probiotik,DKI Jakarta,Jakarta Pusat,219660
01-09-2022,PHI Mini Market - Jakarta Pusat 01,Harum Maven,W,Makanan & Minuman,nasi goreng instant (1 ons),DKI Jakarta,Jakarta Pusat,1517310
01-09-2022,PHI Mini Market - Jakarta Pusat 01,Harum Maven,W,Makanan & Minuman,snack gurih 1 ons,DKI Jakarta,Jakarta Pusat,2430120
01-09-2022,PHI Mini Market - Jakarta Pusat 01,Harum Maven,W,Makanan & Minuman,susu kotak (800 ml),DKI Jakarta,Jakarta Pusat,3265400
01-09-2022,PHI Mini Market - Jakarta Pusat 01,Harum Maven,W,Makanan & Minuman,susu kotak 1 l,DKI Jakarta,Jakarta Pusat,3174720
01-09-2022,PHI Mini Market - Jakarta Pusat 01,Harum Maven,W,Makanan & Minuman,telur ayam kampung 1 kg,DKI Jakarta,Jakarta Pusat,7011800
01-09-2022,PHI Mini Market - Jakarta Pusat 01,Harum Maven,W,Makanan & Minuman,telur ayam ras 1 kg,DKI Jakarta,Jakarta Pusat,3303400
01-09-2022,PHI Mini Market - Jakarta Pusat 01,Harum Maven,W,Sayur-Sayuran,bawang merah 1 kg,DKI Jakarta,Jakarta Pusat,2946410
01-09-2022,PHI Mini Market - Jakarta Pusat 01,Harum Maven,W,Sayur-Sayuran,bawang putih 1 kg,DKI Jakarta,Jakarta Pusat,1121410
01-09-2022,PHI Mini Market - Jakarta Pusat 01,Harum Maven,W,Sayur-Sayuran,buncis 1 kg,DKI Jakarta,Jakarta Pusat,1200480
01-09-2022,PHI Mini Market - Jakarta Pusat 01,Harum Maven,W,Sayur-Sayuran,kacang hijau 1 kg,DKI Jakarta,Jakarta Pusat,2876870
01-09-2022,PHI Mini Market - Jakarta Pusat 01,Harum Maven,W,Sayur-Sayuran,kacang panjang 1 kg,DKI Jakarta,Jakarta Pusat,2485570
01-09-2022,PHI Mini Market - Jakarta Pusat 01,Harum Maven,W,Sayur-Sayuran,kentang 1 kg,DKI Jakarta,Jakarta Pusat,2061510
01-09-2022,PHI Mini Market - Jakarta Pusat 01,Harum Maven,W,Sayur-Sayuran,ketimun 1 kg,DKI Jakarta,Jakarta Pusat,1026410
01-09-2022,PHI Mini Market - Jakarta Pusat 01,Harum Maven,W,Sayur-Sayuran,kobis 1 kg,DKI Jakarta,Jakarta Pusat,341530
01-09-2022,PHI Mini Market - Jakarta Pusat 01,Harum Maven,W,Sayur-Sayuran,tomat 1 kg,DKI Jakarta,Jakarta Pusat,833730
01-09-2022,PHI Mini Market - Jakarta Pusat 01,Harum Maven,W,Sayur-Sayuran,ubi jalar 1 kg,DKI Jakarta,Jakarta Pusat,443910
01-09-2022,PHI Mini Market - Jakarta Pusat 01,Harum Maven,W,Sayur-Sayuran,ubi kayu basah 1 kg,DKI Jakarta,Jakarta Pusat,357800
01-09-2022,PHI Mini Market - Jakarta Pusat 01,Harum Maven,W,Sayur-Sayuran,wortel 1 kg,DKI Jakarta,Jakarta Pusat,1598920
01-09-2022,PHI Mini Market - Jakarta Pusat 01,Kristina Damai,W,Buah,alpukat 1 kg,DKI Jakarta,Jakarta Pusat,1554990
01-09-2022,PHI Mini Market - Jakarta Pusat 01,Kristina Damai,W,Buah,apel 1 kg,DKI Jakarta,Jakarta Pusat,14284100
01-09-2022,PHI Mini Market - Jakarta Pusat 01,Kristina Damai,W,Buah,belimbing 1 kg,DKI Jakarta,Jakarta Pusat,1433360
01-09-2022,PHI Mini Market - Jakarta Pusat 01,Kristina Damai,W,Buah,durian 1 kg,DKI Jakarta,Jakarta Pusat,3933590
01-09-2022,PHI Mini Market - Jakarta Pusat 01,Kristina Damai,W,Buah,jeruk 1 kg,DKI Jakarta,Jakarta Pusat,3954510
01-09-2022,PHI Mini Market - Jakarta Pusat 01,Kristina Damai,W,Buah,kelapa muda,DKI Jakarta,Jakarta Pusat,1828140
01-09-2022,PHI Mini Market - Jakarta Pusat 01,Kristina Damai,W,Buah,mangga 1 kg,DKI Jakarta,Jakarta Pusat,3803460
01-09-2022,PHI Mini Market - Jakarta Pusat 01,Kristina Damai,W,Makanan & Minuman,air mineral 600 ml,DKI Jakarta,Jakarta Pusat,412400
01-09-2022,PHI Mini Market - Jakarta Pusat 01,Kristina Damai,W,Makanan & Minuman,bumbu fried chicken,DKI Jakarta,Jakarta Pusat,4527180
01-09-2022,PHI Mini Market - Jakarta Pusat 01,Kristina Damai,W,Makanan & Minuman,jus kesehatan 600 ml,DKI Jakarta,Jakarta Pusat,3397490
01-09-2022,PHI Mini Market - Jakarta Pusat 01,Kristina Damai,W,Makanan & Minuman,kacang goreng 1 kg,DKI Jakarta,Jakarta Pusat,3066830
01-09-2022,PHI Mini Market - Jakarta Pusat 01,Kristina Damai,W,Makanan & Minuman,kacang mete 1 kg,DKI Jakarta,Jakarta Pusat,19752900
01-09-2022,PHI Mini Market - Jakarta Pusat 01,Kristina Damai,W,Makanan & Minuman,markisa 600 ml,DKI Jakarta,Jakarta Pusat,4747500
01-09-2022,PHI Mini Market - Jakarta Pusat 01,Kristina Damai,W,Makanan & Minuman,mie instant 1 kotak (40 bungkus),DKI Jakarta,Jakarta Pusat,25636350
01-09-2022,PHI Mini Market - Jakarta Pusat 01,Kristina Damai,W,Makanan & Minuman,minuman probiotik,DKI Jakarta,Jakarta Pusat,327160
01-09-2022,PHI Mini Market - Jakarta Pusat 01,Kristina Damai,W,Makanan & Minuman,nasi goreng instant (1 ons),DKI Jakarta,Jakarta Pusat,1722850
01-09-2022,PHI Mini Market - Jakarta Pusat 01,Kristina Damai,W,Makanan & Minuman,snack gurih 1 ons,DKI Jakarta,Jakarta Pusat,1240610
01-09-2022,PHI Mini Market - Jakarta Pusat 01,Kristina Damai,W,Makanan & Minuman,susu kotak (800 ml),DKI Jakarta,Jakarta Pusat,4905640
01-09-2022,PHI Mini Market - Jakarta Pusat 01,Kristina Damai,W,Makanan & Minuman,susu kotak 1 l,DKI Jakarta,Jakarta Pusat,4415670
01-09-2022,PHI Mini Market - Jakarta Pusat 01,Kristina Damai,W,Makanan & Minuman,telur ayam kampung 1 kg,DKI Jakarta,Jakarta Pusat,6100280
01-09-2022,PHI Mini Market - Jakarta Pusat 01,Kristina Damai,W,Makanan & Minuman,telur ayam ras 1 kg,DKI Jakarta,Jakarta Pusat,4426690
01-09-2022,PHI Mini Market - Jakarta Pusat 01,Kristina Damai,W,Sayur-Sayuran,bawang merah 1 kg,DKI Jakarta,Jakarta Pusat,3211160
01-09-2022,PHI Mini Market - Jakarta Pusat 01,Kristina Damai,W,Sayur-Sayuran,bawang putih 1 kg,DKI Jakarta,Jakarta Pusat,1405870
01-09-2022,PHI Mini Market - Jakarta Pusat 01,Kristina Damai,W,Sayur-Sayuran,buncis 1 kg,DKI Jakarta,Jakarta Pusat,1337990
01-09-2022,PHI Mini Market - Jakarta Pusat 01,Kristina Damai,W,Sayur-Sayuran,kacang hijau 1 kg,DKI Jakarta,Jakarta Pusat,1930400
01-09-2022,PHI Mini Market - Jakarta Pusat 01,Kristina Damai,W,Sayur-Sayuran,kacang panjang 1 kg,DKI Jakarta,Jakarta Pusat,2358000
01-09-2022,PHI Mini Market - Jakarta Pusat 01,Kristina Damai,W,Sayur-Sayuran,kentang 1 kg,DKI Jakarta,Jakarta Pusat,1940420
01-09-2022,PHI Mini Market - Jakarta Pusat 01,Kristina Damai,W,Sayur-Sayuran,ketimun 1 kg,DKI Jakarta,Jakarta Pusat,1236530
01-09-2022,PHI Mini Market - Jakarta Pusat 01,Kristina Damai,W,Sayur-Sayuran,kobis 1 kg,DKI Jakarta,Jakarta Pusat,325110
01-09-2022,PHI Mini Market - Jakarta Pusat 01,Kristina Damai,W,Sayur-Sayuran,tomat 1 kg,DKI Jakarta,Jakarta Pusat,1545560
01-09-2022,PHI Mini Market - Jakarta Pusat 01,Kristina Damai,W,Sayur-Sayuran,ubi jalar 1 kg,DKI Jakarta,Jakarta Pusat,326860
01-09-2022,PHI Mini Market - Jakarta Pusat 01,Kristina Damai,W,Sayur-Sayuran,ubi kayu basah 1 kg,DKI Jakarta,Jakarta Pusat,301660
01-09-2022,PHI Mini Market - Jakarta Pusat 01,Kristina Damai,W,Sayur-Sayuran,wortel 1 kg,DKI Jakarta,Jakarta Pusat,899960
01-09-2022,PHI Mini Market - Jakarta Pusat 01,Kusuma Dominik,P,Buah,alpukat 1 kg,DKI Jakarta,Jakarta Pusat,1707700
01-09-2022,PHI Mini Market - Jakarta Pusat 01,Kusuma Dominik,P,Buah,apel 1 kg,DKI Jakarta,Jakarta Pusat,6086460
01-09-2022,PHI Mini Market - Jakarta Pusat 01,Kusuma Dominik,P,Buah,belimbing 1 kg,DKI Jakarta,Jakarta Pusat,1203510
01-09-2022,PHI Mini Market - Jakarta Pusat 01,Kusuma Dominik,P,Buah,durian 1 kg,DKI Jakarta,Jakarta Pusat,7184030
01-09-2022,PHI Mini Market - Jakarta Pusat 01,Kusuma Dominik,P,Buah,jeruk 1 kg,DKI Jakarta,Jakarta Pusat,3671240
01-09-2022,PHI Mini Market - Jakarta Pusat 01,Kusuma Dominik,P,Buah,kelapa muda,DKI Jakarta,Jakarta Pusat,1134500
01-09-2022,PHI Mini Market - Jakarta Pusat 01,Kusuma Dominik,P,Makanan & Minuman,air mineral 600 ml,DKI Jakarta,Jakarta Pusat,356120
01-09-2022,PHI Mini Market - Jakarta Pusat 01,Kusuma Dominik,P,Makanan & Minuman,bumbu fried chicken,DKI Jakarta,Jakarta Pusat,4828440
01-09-2022,PHI Mini Market - Jakarta Pusat 01,Kusuma Dominik,P,Makanan & Minuman,jus kesehatan 600 ml,DKI Jakarta,Jakarta Pusat,2476080
01-09-2022,PHI Mini Market - Jakarta Pusat 01,Kusuma Dominik,P,Makanan & Minuman,kacang goreng 1 kg,DKI Jakarta,Jakarta Pusat,4574180
01-09-2022,PHI Mini Market - Jakarta Pusat 01,Kusuma Dominik,P,Makanan & Minuman,kacang mete 1 kg,DKI Jakarta,Jakarta Pusat,20298490
01-09-2022,PHI Mini Market - Jakarta Pusat 01,Kusuma Dominik,P,Makanan & Minuman,markisa 600 ml,DKI Jakarta,Jakarta Pusat,3009460
01-09-2022,PHI Mini Market - Jakarta Pusat 01,Kusuma Dominik,P,Makanan & Minuman,mie instant 1 kotak (40 bungkus),DKI Jakarta,Jakarta Pusat,19974030
01-09-2022,PHI Mini Market - Jakarta Pusat 01,Kusuma Dominik,P,Makanan & Minuman,minuman probiotik,DKI Jakarta,Jakarta Pusat,387490
01-09-2022,PHI Mini Market - Jakarta Pusat 01,Kusuma Dominik,P,Makanan & Minuman,nasi goreng instant (1 ons),DKI Jakarta,Jakarta Pusat,1401770
01-09-2022,PHI Mini Market - Jakarta Pusat 01,Kusuma Dominik,P,Makanan & Minuman,snack gurih 1 ons,DKI Jakarta,Jakarta Pusat,1761150
01-09-2022,PHI Mini Market - Jakarta Pusat 01,Kusuma Dominik,P,Makanan & Minuman,susu kotak (800 ml),DKI Jakarta,Jakarta Pusat,4042060
01-09-2022,PHI Mini Market - Jakarta Pusat 01,Kusuma Dominik,P,Makanan & Minuman,susu kotak 1 l,DKI Jakarta,Jakarta Pusat,2991100
01-09-2022,PHI Mini Market - Jakarta Pusat 01,Kusuma Dominik,P,Makanan & Minuman,telur ayam kampung 1 kg,DKI Jakarta,Jakarta Pusat,7547600
01-09-2022,PHI Mini Market - Jakarta Pusat 01,Kusuma Dominik,P,Makanan & Minuman,telur ayam ras 1 kg,DKI Jakarta,Jakarta Pusat,3617650
01-09-2022,PHI Mini Market - Jakarta Pusat 01,Kusuma Dominik,P,Sayur-Sayuran,bawang merah 1 kg,DKI Jakarta,Jakarta Pusat,3792600
01-09-2022,PHI Mini Market - Jakarta Pusat 01,Kusuma Dominik,P,Sayur-Sayuran,bawang putih 1 kg,DKI Jakarta,Jakarta Pusat,1134750
01-09-2022,PHI Mini Market - Jakarta Pusat 01,Kusuma Dominik,P,Sayur-Sayuran,buncis 1 kg,DKI Jakarta,Jakarta Pusat,2305390
01-09-2022,PHI Mini Market - Jakarta Pusat 01,Kusuma Dominik,P,Sayur-Sayuran,kacang hijau 1 kg,DKI Jakarta,Jakarta Pusat,2252350
01-09-2022,PHI Mini Market - Jakarta Pusat 01,Kusuma Dominik,P,Sayur-Sayuran,kacang panjang 1 kg,DKI Jakarta,Jakarta Pusat,2706180
01-09-2022,PHI Mini Market - Jakarta Pusat 01,Kusuma Dominik,P,Sayur-Sayuran,kentang 1 kg,DKI Jakarta,Jakarta Pusat,1983810
01-09-2022,PHI Mini Market - Jakarta Pusat 01,Kusuma Dominik,P,Sayur-Sayuran,ketimun 1 kg,DKI Jakarta,Jakarta Pusat,1680220
01-09-2022,PHI Mini Market - Jakarta Pusat 01,Kusuma Dominik,P,Sayur-Sayuran,kobis 1 kg,DKI Jakarta,Jakarta Pusat,366680
01-09-2022,PHI Mini Market - Jakarta Pusat 01,Kusuma Dominik,P,Sayur-Sayuran,tomat 1 kg,DKI Jakarta,Jakarta Pusat,1499030
01-09-2022,PHI Mini Market - Jakarta Pusat 01,Kusuma Dominik,P,Sayur-Sayuran,ubi jalar 1 kg,DKI Jakarta,Jakarta Pusat,391550
01-09-2022,PHI Mini Market - Jakarta Pusat 01,Kusuma Dominik,P,Sayur-Sayuran,ubi kayu basah 1 kg,DKI Jakarta,Jakarta Pusat,365770
01-09-2022,PHI Mini Market - Jakarta Pusat 01,Kusuma Dominik,P,Sayur-Sayuran,wortel 1 kg,DKI Jakarta,Jakarta Pusat,1059220
01-09-2022,PHI Mini Market - Jakarta Pusat 01,Sentosa Indrawan,P,Buah,alpukat 1 kg,DKI Jakarta,Jakarta Pusat,1941720
01-09-2022,PHI Mini Market - Jakarta Pusat 01,Sentosa Indrawan,P,Buah,apel 1 kg,DKI Jakarta,Jakarta Pusat,18230080
01-09-2022,PHI Mini Market - Jakarta Pusat 01,Sentosa Indrawan,P,Buah,belimbing 1 kg,DKI Jakarta,Jakarta Pusat,1372100
01-09-2022,PHI Mini Market - Jakarta Pusat 01,Sentosa Indrawan,P,Buah,durian 1 kg,DKI Jakarta,Jakarta Pusat,5936730
01-09-2022,PHI Mini Market - Jakarta Pusat 01,Sentosa Indrawan,P,Buah,jeruk 1 kg,DKI Jakarta,Jakarta Pusat,4243940
01-09-2022,PHI Mini Market - Jakarta Pusat 01,Sentosa Indrawan,P,Buah,kelapa muda,DKI Jakarta,Jakarta Pusat,1426450
01-09-2022,PHI Mini Market - Jakarta Pusat 01,Sentosa Indrawan,P,Makanan & Minuman,air mineral 600 ml,DKI Jakarta,Jakarta Pusat,406680
01-09-2022,PHI Mini Market - Jakarta Pusat 01,Sentosa Indrawan,P,Makanan & Minuman,bumbu fried chicken,DKI Jakarta,Jakarta Pusat,5627010
01-09-2022,PHI Mini Market - Jakarta Pusat 01,Sentosa Indrawan,P,Makanan & Minuman,jus kesehatan 600 ml,DKI Jakarta,Jakarta Pusat,4479050
01-09-2022,PHI Mini Market - Jakarta Pusat 01,Sentosa Indrawan,P,Makanan & Minuman,kacang goreng 1 kg,DKI Jakarta,Jakarta Pusat,4777810
01-09-2022,PHI Mini Market - Jakarta Pusat 01,Sentosa Indrawan,P,Makanan & Minuman,kacang mete 1 kg,DKI Jakarta,Jakarta Pusat,14792290
01-09-2022,PHI Mini Market - Jakarta Pusat 01,Sentosa Indrawan,P,Makanan & Minuman,markisa 600 ml,DKI Jakarta,Jakarta Pusat,3597130
01-09-2022,PHI Mini Market - Jakarta Pusat 01,Sentosa Indrawan,P,Makanan & Minuman,mie instant 1 kotak (40 bungkus),DKI Jakarta,Jakarta Pusat,45566090
01-09-2022,PHI Mini Market - Jakarta Pusat 01,Sentosa Indrawan,P,Makanan & Minuman,minuman probiotik,DKI Jakarta,Jakarta Pusat,386630
01-09-2022,PHI Mini Market - Jakarta Pusat 01,Sentosa Indrawan,P,Makanan & Minuman,nasi goreng instant (1 ons),DKI Jakarta,Jakarta Pusat,2179880
01-09-2022,PHI Mini Market - Jakarta Pusat 01,Sentosa Indrawan,P,Makanan & Minuman,snack gurih 1 ons,DKI Jakarta,Jakarta Pusat,1983090
01-09-2022,PHI Mini Market - Jakarta Pusat 01,Sentosa Indrawan,P,Makanan & Minuman,susu kotak (800 ml),DKI Jakarta,Jakarta Pusat,3251150
01-09-2022,PHI Mini Market - Jakarta Pusat 01,Sentosa Indrawan,P,Makanan & Minuman,susu kotak 1 l,DKI Jakarta,Jakarta Pusat,2902470
01-09-2022,PHI Mini Market - Jakarta Pusat 01,Sentosa Indrawan,P,Makanan & Minuman,telur ayam kampung 1 kg,DKI Jakarta,Jakarta Pusat,6923800
01-09-2022,PHI Mini Market - Jakarta Pusat 01,Sentosa Indrawan,P,Makanan & Minuman,telur ayam ras 1 kg,DKI Jakarta,Jakarta Pusat,3235340
01-09-2022,PHI Mini Market - Jakarta Pusat 01,Sentosa Indrawan,P,Sayur-Sayuran,bawang merah 1 kg,DKI Jakarta,Jakarta Pusat,2730660
01-09-2022,PHI Mini Market - Jakarta Pusat 01,Sentosa Indrawan,P,Sayur-Sayuran,bawang putih 1 kg,DKI Jakarta,Jakarta Pusat,840770
01-09-2022,PHI Mini Market - Jakarta Pusat 01,Sentosa Indrawan,P,Sayur-Sayuran,buncis 1 kg,DKI Jakarta,Jakarta Pusat,1599870
01-09-2022,PHI Mini Market - Jakarta Pusat 01,Sentosa Indrawan,P,Sayur-Sayuran,kacang hijau 1 kg,DKI Jakarta,Jakarta Pusat,1901580
01-09-2022,PHI Mini Market - Jakarta Pusat 01,Sentosa Indrawan,P,Sayur-Sayuran,kacang panjang 1 kg,DKI Jakarta,Jakarta Pusat,2520640
01-09-2022,PHI Mini Market - Jakarta Pusat 01,Sentosa Indrawan,P,Sayur-Sayuran,kentang 1 kg,DKI Jakarta,Jakarta Pusat,2554470
01-09-2022,PHI Mini Market - Jakarta Pusat 01,Sentosa Indrawan,P,Sayur-Sayuran,ketimun 1 kg,DKI Jakarta,Jakarta Pusat,1253690
01-09-2022,PHI Mini Market - Jakarta Pusat 01,Sentosa Indrawan,P,Sayur-Sayuran,kobis 1 kg,DKI Jakarta,Jakarta Pusat,182300
01-09-2022,PHI Mini Market - Jakarta Pusat 01,Sentosa Indrawan,P,Sayur-Sayuran,tomat 1 kg,DKI Jakarta,Jakarta Pusat,1261430
01-09-2022,PHI Mini Market - Jakarta Pusat 01,Sentosa Indrawan,P,Sayur-Sayuran,ubi jalar 1 kg,DKI Jakarta,Jakarta Pusat,255190
01-09-2022,PHI Mini Market - Jakarta Pusat 01,Sentosa Indrawan,P,Sayur-Sayuran,ubi kayu basah 1 kg,DKI Jakarta,Jakarta Pusat,444700
01-09-2022,PHI Mini Market - Jakarta Pusat 01,Sentosa Indrawan,P,Sayur-Sayuran,wortel 1 kg,DKI Jakarta,Jakarta Pusat,1296470
01-09-2022,PHI Mini Market - Makassar 01,Agus Dewangga,P,Buah,alpukat 1 kg,Sulawesi Selatan,Makassar,2409030
01-09-2022,PHI Mini Market - Makassar 01,Agus Dewangga,P,Buah,apel 1 kg,Sulawesi Selatan,Makassar,13027730
01-09-2022,PHI Mini Market - Makassar 01,Agus Dewangga,P,Buah,belimbing 1 kg,Sulawesi Selatan,Makassar,1238270
01-09-2022,PHI Mini Market - Makassar 01,Agus Dewangga,P,Buah,durian 1 kg,Sulawesi Selatan,Makassar,5667290
01-09-2022,PHI Mini Market - Makassar 01,Agus Dewangga,P,Buah,jeruk 1 kg,Sulawesi Selatan,Makassar,4550390
01-09-2022,PHI Mini Market - Makassar 01,Agus Dewangga,P,Buah,kelapa muda,Sulawesi Selatan,Makassar,1728750
01-09-2022,PHI Mini Market - Makassar 01,Agus Dewangga,P,Buah,mangga 1 kg,Sulawesi Selatan,Makassar,4812100
01-09-2022,PHI Mini Market - Makassar 01,Agus Dewangga,P,Makanan & Minuman,air mineral 600 ml,Sulawesi Selatan,Makassar,373130
01-09-2022,PHI Mini Market - Makassar 01,Agus Dewangga,P,Makanan & Minuman,bumbu fried chicken,Sulawesi Selatan,Makassar,4578960
01-09-2022,PHI Mini Market - Makassar 01,Agus Dewangga,P,Makanan & Minuman,jus kesehatan 600 ml,Sulawesi Selatan,Makassar,2241690
01-09-2022,PHI Mini Market - Makassar 01,Agus Dewangga,P,Makanan & Minuman,kacang goreng 1 kg,Sulawesi Selatan,Makassar,3852420
01-09-2022,PHI Mini Market - Makassar 01,Agus Dewangga,P,Makanan & Minuman,kacang mete 1 kg,Sulawesi Selatan,Makassar,17945600
01-09-2022,PHI Mini Market - Makassar 01,Agus Dewangga,P,Makanan & Minuman,markisa 600 ml,Sulawesi Selatan,Makassar,4836360
01-09-2022,PHI Mini Market - Makassar 01,Agus Dewangga,P,Makanan & Minuman,mie instant 1 kotak (40 bungkus),Sulawesi Selatan,Makassar,41681770
01-09-2022,PHI Mini Market - Makassar 01,Agus Dewangga,P,Makanan & Minuman,minuman probiotik,Sulawesi Selatan,Makassar,416890
01-09-2022,PHI Mini Market - Makassar 01,Agus Dewangga,P,Makanan & Minuman,nasi goreng instant (1 ons),Sulawesi Selatan,Makassar,1532820
01-09-2022,PHI Mini Market - Makassar 01,Agus Dewangga,P,Makanan & Minuman,snack gurih 1 ons,Sulawesi Selatan,Makassar,1830630
01-09-2022,PHI Mini Market - Makassar 01,Agus Dewangga,P,Makanan & Minuman,susu kotak (800 ml),Sulawesi Selatan,Makassar,4625490
01-09-2022,PHI Mini Market - Makassar 01,Agus Dewangga,P,Makanan & Minuman,susu kotak 1 l,Sulawesi Selatan,Makassar,3556530
01-09-2022,PHI Mini Market - Makassar 01,Agus Dewangga,P,Makanan & Minuman,telur ayam kampung 1 kg,Sulawesi Selatan,Makassar,7608560
01-09-2022,PHI Mini Market - Makassar 01,Agus Dewangga,P,Makanan & Minuman,telur ayam ras 1 kg,Sulawesi Selatan,Makassar,4107810
01-09-2022,PHI Mini Market - Makassar 01,Agus Dewangga,P,Sayur-Sayuran,bawang merah 1 kg,Sulawesi Selatan,Makassar,4297530
01-09-2022,PHI Mini Market - Makassar 01,Agus Dewangga,P,Sayur-Sayuran,bawang putih 1 kg,Sulawesi Selatan,Makassar,933480
01-09-2022,PHI Mini Market - Makassar 01,Agus Dewangga,P,Sayur-Sayuran,buncis 1 kg,Sulawesi Selatan,Makassar,2530470
01-09-2022,PHI Mini Market - Makassar 01,Agus Dewangga,P,Sayur-Sayuran,kacang hijau 1 kg,Sulawesi Selatan,Makassar,2318600
01-09-2022,PHI Mini Market - Makassar 01,Agus Dewangga,P,Sayur-Sayuran,kacang panjang 1 kg,Sulawesi Selatan,Makassar,2472140
01-09-2022,PHI Mini Market - Makassar 01,Agus Dewangga,P,Sayur-Sayuran,kentang 1 kg,Sulawesi Selatan,Makassar,1816120
01-09-2022,PHI Mini Market - Makassar 01,Agus Dewangga,P,Sayur-Sayuran,ketimun 1 kg,Sulawesi Selatan,Makassar,1024090
01-09-2022,PHI Mini Market - Makassar 01,Agus Dewangga,P,Sayur-Sayuran,kobis 1 kg,Sulawesi Selatan,Makassar,330290
01-09-2022,PHI Mini Market - Makassar 01,Agus Dewangga,P,Sayur-Sayuran,tomat 1 kg,Sulawesi Selatan,Makassar,1248280
01-09-2022,PHI Mini Market - Makassar 01,Agus Dewangga,P,Sayur-Sayuran,ubi jalar 1 kg,Sulawesi Selatan,Makassar,333350
01-09-2022,PHI Mini Market - Makassar 01,Agus Dewangga,P,Sayur-Sayuran,ubi kayu basah 1 kg,Sulawesi Selatan,Makassar,566030
01-09-2022,PHI Mini Market - Makassar 01,Agus Dewangga,P,Sayur-Sayuran,wortel 1 kg,Sulawesi Selatan,Makassar,1097240
01-09-2022,PHI Mini Market - Makassar 01,Bintang Maven,W,Buah,alpukat 1 kg,Sulawesi Selatan,Makassar,2018630
01-09-2022,PHI Mini Market - Makassar 01,Bintang Maven,W,Buah,apel 1 kg,Sulawesi Selatan,Makassar,22379610
01-09-2022,PHI Mini Market - Makassar 01,Bintang Maven,W,Buah,belimbing 1 kg,Sulawesi Selatan,Makassar,759930
01-09-2022,PHI Mini Market - Makassar 01,Bintang Maven,W,Buah,durian 1 kg,Sulawesi Selatan,Makassar,4353590
01-09-2022,PHI Mini Market - Makassar 01,Bintang Maven,W,Buah,jeruk 1 kg,Sulawesi Selatan,Makassar,5238790
01-09-2022,PHI Mini Market - Makassar 01,Bintang Maven,W,Buah,kelapa muda,Sulawesi Selatan,Makassar,1551350
01-09-2022,PHI Mini Market - Makassar 01,Bintang Maven,W,Buah,mangga 1 kg,Sulawesi Selatan,Makassar,5046640
01-09-2022,PHI Mini Market - Makassar 01,Bintang Maven,W,Makanan & Minuman,air mineral 600 ml,Sulawesi Selatan,Makassar,338840
01-09-2022,PHI Mini Market - Makassar 01,Bintang Maven,W,Makanan & Minuman,bumbu fried chicken,Sulawesi Selatan,Makassar,4736940
01-09-2022,PHI Mini Market - Makassar 01,Bintang Maven,W,Makanan & Minuman,jus kesehatan 600 ml,Sulawesi Selatan,Makassar,3111190
01-09-2022,PHI Mini Market - Makassar 01,Bintang Maven,W,Makanan & Minuman,kacang goreng 1 kg,Sulawesi Selatan,Makassar,3973040
01-09-2022,PHI Mini Market - Makassar 01,Bintang Maven,W,Makanan & Minuman,kacang mete 1 kg,Sulawesi Selatan,Makassar,19528360
01-09-2022,PHI Mini Market - Makassar 01,Bintang Maven,W,Makanan & Minuman,markisa 600 ml,Sulawesi Selatan,Makassar,4231030
01-09-2022,PHI Mini Market - Makassar 01,Bintang Maven,W,Makanan & Minuman,mie instant 1 kotak (40 bungkus),Sulawesi Selatan,Makassar,46930550
01-09-2022,PHI Mini Market - Makassar 01,Bintang Maven,W,Makanan & Minuman,minuman probiotik,Sulawesi Selatan,Makassar,286900
01-09-2022,PHI Mini Market - Makassar 01,Bintang Maven,W,Makanan & Minuman,nasi goreng instant (1 ons),Sulawesi Selatan,Makassar,2149010
01-09-2022,PHI Mini Market - Makassar 01,Bintang Maven,W,Makanan & Minuman,snack gurih 1 ons,Sulawesi Selatan,Makassar,2724960
01-09-2022,PHI Mini Market - Makassar 01,Bintang Maven,W,Makanan & Minuman,susu kotak (800 ml),Sulawesi Selatan,Makassar,4264890
01-09-2022,PHI Mini Market - Makassar 01,Bintang Maven,W,Makanan & Minuman,susu kotak 1 l,Sulawesi Selatan,Makassar,3275480
01-09-2022,PHI Mini Market - Makassar 01,Bintang Maven,W,Makanan & Minuman,telur ayam kampung 1 kg,Sulawesi Selatan,Makassar,6849640
01-09-2022,PHI Mini Market - Makassar 01,Bintang Maven,W,Makanan & Minuman,telur ayam ras 1 kg,Sulawesi Selatan,Makassar,3734460
01-09-2022,PHI Mini Market - Makassar 01,Bintang Maven,W,Sayur-Sayuran,bawang merah 1 kg,Sulawesi Selatan,Makassar,2745560
01-09-2022,PHI Mini Market - Makassar 01,Bintang Maven,W,Sayur-Sayuran,bawang putih 1 kg,Sulawesi Selatan,Makassar,1004380
01-09-2022,PHI Mini Market - Makassar 01,Bintang Maven,W,Sayur-Sayuran,buncis 1 kg,Sulawesi Selatan,Makassar,1769400
01-09-2022,PHI Mini Market - Makassar 01,Bintang Maven,W,Sayur-Sayuran,kacang hijau 1 kg,Sulawesi Selatan,Makassar,2275220
01-09-2022,PHI Mini Market - Makassar 01,Bintang Maven,W,Sayur-Sayuran,kacang panjang 1 kg,Sulawesi Selatan,Makassar,1881350
01-09-2022,PHI Mini Market - Makassar 01,Bintang Maven,W,Sayur-Sayuran,kentang 1 kg,Sulawesi Selatan,Makassar,3245100
01-09-2022,PHI Mini Market - Makassar 01,Bintang Maven,W,Sayur-Sayuran,ketimun 1 kg,Sulawesi Selatan,Makassar,1411630
01-09-2022,PHI Mini Market - Makassar 01,Bintang Maven,W,Sayur-Sayuran,kobis 1 kg,Sulawesi Selatan,Makassar,413220
01-09-2022,PHI Mini Market - Makassar 01,Bintang Maven,W,Sayur-Sayuran,tomat 1 kg,Sulawesi Selatan,Makassar,1137180
01-09-2022,PHI Mini Market - Makassar 01,Bintang Maven,W,Sayur-Sayuran,ubi jalar 1 kg,Sulawesi Selatan,Makassar,442520
01-09-2022,PHI Mini Market - Makassar 01,Bintang Maven,W,Sayur-Sayuran,ubi kayu basah 1 kg,Sulawesi Selatan,Makassar,474810
01-09-2022,PHI Mini Market - Makassar 01,Bintang Maven,W,Sayur-Sayuran,wortel 1 kg,Sulawesi Selatan,Makassar,867950
01-09-2022,PHI Mini Market - Makassar 01,Eriq Jagat,P,Buah,alpukat 1 kg,Sulawesi Selatan,Makassar,1506780
01-09-2022,PHI Mini Market - Makassar 01,Eriq Jagat,P,Buah,apel 1 kg,Sulawesi Selatan,Makassar,15956580
01-09-2022,PHI Mini Market - Makassar 01,Eriq Jagat,P,Buah,belimbing 1 kg,Sulawesi Selatan,Makassar,1475050
01-09-2022,PHI Mini Market - Makassar 01,Eriq Jagat,P,Buah,durian 1 kg,Sulawesi Selatan,Makassar,5551470
01-09-2022,PHI Mini Market - Makassar 01,Eriq Jagat,P,Buah,jeruk 1 kg,Sulawesi Selatan,Makassar,5043810
01-09-2022,PHI Mini Market - Makassar 01,Eriq Jagat,P,Buah,kelapa muda,Sulawesi Selatan,Makassar,1938250
01-09-2022,PHI Mini Market - Makassar 01,Eriq Jagat,P,Makanan & Minuman,air mineral 600 ml,Sulawesi Selatan,Makassar,360390
01-09-2022,PHI Mini Market - Makassar 01,Eriq Jagat,P,Makanan & Minuman,bumbu fried chicken,Sulawesi Selatan,Makassar,3464580
01-09-2022,PHI Mini Market - Makassar 01,Eriq Jagat,P,Makanan & Minuman,jus kesehatan 600 ml,Sulawesi Selatan,Makassar,2418200
01-09-2022,PHI Mini Market - Makassar 01,Eriq Jagat,P,Makanan & Minuman,kacang goreng 1 kg,Sulawesi Selatan,Makassar,4889290
01-09-2022,PHI Mini Market - Makassar 01,Eriq Jagat,P,Makanan & Minuman,kacang mete 1 kg,Sulawesi Selatan,Makassar,27156590
01-09-2022,PHI Mini Market - Makassar 01,Eriq Jagat,P,Makanan & Minuman,markisa 600 ml,Sulawesi Selatan,Makassar,2934150
01-09-2022,PHI Mini Market - Makassar 01,Eriq Jagat,P,Makanan & Minuman,mie instant 1 kotak (40 bungkus),Sulawesi Selatan,Makassar,35708780
01-09-2022,PHI Mini Market - Makassar 01,Eriq Jagat,P,Makanan & Minuman,minuman probiotik,Sulawesi Selatan,Makassar,279690
01-09-2022,PHI Mini Market - Makassar 01,Eriq Jagat,P,Makanan & Minuman,nasi goreng instant (1 ons),Sulawesi Selatan,Makassar,1788900
01-09-2022,PHI Mini Market - Makassar 01,Eriq Jagat,P,Makanan & Minuman,snack gurih 1 ons,Sulawesi Selatan,Makassar,1590500
01-09-2022,PHI Mini Market - Makassar 01,Eriq Jagat,P,Makanan & Minuman,susu kotak (800 ml),Sulawesi Selatan,Makassar,5570970
01-09-2022,PHI Mini Market - Makassar 01,Eriq Jagat,P,Makanan & Minuman,susu kotak 1 l,Sulawesi Selatan,Makassar,2987720
01-09-2022,PHI Mini Market - Makassar 01,Eriq Jagat,P,Makanan & Minuman,telur ayam kampung 1 kg,Sulawesi Selatan,Makassar,6518520
01-09-2022,PHI Mini Market - Makassar 01,Eriq Jagat,P,Makanan & Minuman,telur ayam ras 1 kg,Sulawesi Selatan,Makassar,4194890
01-09-2022,PHI Mini Market - Makassar 01,Eriq Jagat,P,Sayur-Sayuran,bawang merah 1 kg,Sulawesi Selatan,Makassar,2270010
01-09-2022,PHI Mini Market - Makassar 01,Eriq Jagat,P,Sayur-Sayuran,bawang putih 1 kg,Sulawesi Selatan,Makassar,1173870
01-09-2022,PHI Mini Market - Makassar 01,Eriq Jagat,P,Sayur-Sayuran,buncis 1 kg,Sulawesi Selatan,Makassar,1955390
01-09-2022,PHI Mini Market - Makassar 01,Eriq Jagat,P,Sayur-Sayuran,kacang hijau 1 kg,Sulawesi Selatan,Makassar,2207870
01-09-2022,PHI Mini Market - Makassar 01,Eriq Jagat,P,Sayur-Sayuran,kacang panjang 1 kg,Sulawesi Selatan,Makassar,1708690
01-09-2022,PHI Mini Market - Makassar 01,Eriq Jagat,P,Sayur-Sayuran,kentang 1 kg,Sulawesi Selatan,Makassar,2607020
01-09-2022,PHI Mini Market - Makassar 01,Eriq Jagat,P,Sayur-Sayuran,ketimun 1 kg,Sulawesi Selatan,Makassar,1357110
01-09-2022,PHI Mini Market - Makassar 01,Eriq Jagat,P,Sayur-Sayuran,kobis 1 kg,Sulawesi Selatan,Makassar,437110
01-09-2022,PHI Mini Market - Makassar 01,Eriq Jagat,P,Sayur-Sayuran,tomat 1 kg,Sulawesi Selatan,Makassar,1280080
01-09-2022,PHI Mini Market - Makassar 01,Eriq Jagat,P,Sayur-Sayuran,ubi jalar 1 kg,Sulawesi Selatan,Makassar,301990
01-09-2022,PHI Mini Market - Makassar 01,Eriq Jagat,P,Sayur-Sayuran,ubi kayu basah 1 kg,Sulawesi Selatan,Makassar,260360
01-09-2022,PHI Mini Market - Makassar 01,Eriq Jagat,P,Sayur-Sayuran,wortel 1 kg,Sulawesi Selatan,Makassar,1036560
01-09-2022,PHI Mini Market - Makassar 01,Eriq Menawan,P,Buah,alpukat 1 kg,Sulawesi Selatan,Makassar,2146010
01-09-2022,PHI Mini Market - Makassar 01,Eriq Menawan,P,Buah,apel 1 kg,Sulawesi Selatan,Makassar,17035200
01-09-2022,PHI Mini Market - Makassar 01,Eriq Menawan,P,Buah,belimbing 1 kg,Sulawesi Selatan,Makassar,1358580
01-09-2022,PHI Mini Market - Makassar 01,Eriq Menawan,P,Buah,durian 1 kg,Sulawesi Selatan,Makassar,5690870
01-09-2022,PHI Mini Market - Makassar 01,Eriq Menawan,P,Buah,jeruk 1 kg,Sulawesi Selatan,Makassar,3401950
01-09-2022,PHI Mini Market - Makassar 01,Eriq Menawan,P,Buah,kelapa muda,Sulawesi Selatan,Makassar,1489600
01-09-2022,PHI Mini Market - Makassar 01,Eriq Menawan,P,Makanan & Minuman,air mineral 600 ml,Sulawesi Selatan,Makassar,377650
01-09-2022,PHI Mini Market - Makassar 01,Eriq Menawan,P,Makanan & Minuman,bumbu fried chicken,Sulawesi Selatan,Makassar,5599440
01-09-2022,PHI Mini Market - Makassar 01,Eriq Menawan,P,Makanan & Minuman,jus kesehatan 600 ml,Sulawesi Selatan,Makassar,3597860
01-09-2022,PHI Mini Market - Makassar 01,Eriq Menawan,P,Makanan & Minuman,kacang goreng 1 kg,Sulawesi Selatan,Makassar,3665740
01-09-2022,PHI Mini Market - Makassar 01,Eriq Menawan,P,Makanan & Minuman,kacang mete 1 kg,Sulawesi Selatan,Makassar,25709510
01-09-2022,PHI Mini Market - Makassar 01,Eriq Menawan,P,Makanan & Minuman,markisa 600 ml,Sulawesi Selatan,Makassar,3999380
01-09-2022,PHI Mini Market - Makassar 01,Eriq Menawan,P,Makanan & Minuman,mie instant 1 kotak (40 bungkus),Sulawesi Selatan,Makassar,27796810
01-09-2022,PHI Mini Market - Makassar 01,Eriq Menawan,P,Makanan & Minuman,minuman probiotik,Sulawesi Selatan,Makassar,233430
01-09-2022,PHI Mini Market - Makassar 01,Eriq Menawan,P,Makanan & Minuman,nasi goreng instant (1 ons),Sulawesi Selatan,Makassar,1951230
01-09-2022,PHI Mini Market - Makassar 01,Eriq Menawan,P,Makanan & Minuman,snack gurih 1 ons,Sulawesi Selatan,Makassar,1768000
01-09-2022,PHI Mini Market - Makassar 01,Eriq Menawan,P,Makanan & Minuman,susu kotak (800 ml),Sulawesi Selatan,Makassar,4079920
01-09-2022,PHI Mini Market - Makassar 01,Eriq Menawan,P,Makanan & Minuman,susu kotak 1 l,Sulawesi Selatan,Makassar,2227320
01-09-2022,PHI Mini Market - Makassar 01,Eriq Menawan,P,Makanan & Minuman,telur ayam kampung 1 kg,Sulawesi Selatan,Makassar,9576160
01-09-2022,PHI Mini Market - Makassar 01,Eriq Menawan,P,Makanan & Minuman,telur ayam ras 1 kg,Sulawesi Selatan,Makassar,3923350
01-09-2022,PHI Mini Market - Makassar 01,Eriq Menawan,P,Sayur-Sayuran,bawang merah 1 kg,Sulawesi Selatan,Makassar,3705990
01-09-2022,PHI Mini Market - Makassar 01,Eriq Menawan,P,Sayur-Sayuran,bawang putih 1 kg,Sulawesi Selatan,Makassar,1548250
01-09-2022,PHI Mini Market - Makassar 01,Eriq Menawan,P,Sayur-Sayuran,buncis 1 kg,Sulawesi Selatan,Makassar,2313780
01-09-2022,PHI Mini Market - Makassar 01,Eriq Menawan,P,Sayur-Sayuran,kacang hijau 1 kg,Sulawesi Selatan,Makassar,2126390
01-09-2022,PHI Mini Market - Makassar 01,Eriq Menawan,P,Sayur-Sayuran,kacang panjang 1 kg,Sulawesi Selatan,Makassar,2936820
01-09-2022,PHI Mini Market - Makassar 01,Eriq Menawan,P,Sayur-Sayuran,kentang 1 kg,Sulawesi Selatan,Makassar,2143100
01-09-2022,PHI Mini Market - Makassar 01,Eriq Menawan,P,Sayur-Sayuran,ketimun 1 kg,Sulawesi Selatan,Makassar,1230780
01-09-2022,PHI Mini Market - Makassar 01,Eriq Menawan,P,Sayur-Sayuran,kobis 1 kg,Sulawesi Selatan,Makassar,437000
01-09-2022,PHI Mini Market - Makassar 01,Eriq Menawan,P,Sayur-Sayuran,tomat 1 kg,Sulawesi Selatan,Makassar,1878270
01-09-2022,PHI Mini Market - Makassar 01,Eriq Menawan,P,Sayur-Sayuran,ubi jalar 1 kg,Sulawesi Selatan,Makassar,436770
01-09-2022,PHI Mini Market - Makassar 01,Eriq Menawan,P,Sayur-Sayuran,ubi kayu basah 1 kg,Sulawesi Selatan,Makassar,340670
01-09-2022,PHI Mini Market - Makassar 01,Eriq Menawan,P,Sayur-Sayuran,wortel 1 kg,Sulawesi Selatan,Makassar,1243410
01-09-2022,PHI Mini Market - Makassar 01,Ferdy Tenteram,P,Buah,alpukat 1 kg,Sulawesi Selatan,Makassar,1999990
01-09-2022,PHI Mini Market - Makassar 01,Ferdy Tenteram,P,Buah,apel 1 kg,Sulawesi Selatan,Makassar,11277910
01-09-2022,PHI Mini Market - Makassar 01,Ferdy Tenteram,P,Buah,belimbing 1 kg,Sulawesi Selatan,Makassar,1265320
01-09-2022,PHI Mini Market - Makassar 01,Ferdy Tenteram,P,Buah,durian 1 kg,Sulawesi Selatan,Makassar,5182190
01-09-2022,PHI Mini Market - Makassar 01,Ferdy Tenteram,P,Buah,jeruk 1 kg,Sulawesi Selatan,Makassar,2986430
01-09-2022,PHI Mini Market - Makassar 01,Ferdy Tenteram,P,Buah,kelapa muda,Sulawesi Selatan,Makassar,1661630
01-09-2022,PHI Mini Market - Makassar 01,Ferdy Tenteram,P,Buah,mangga 1 kg,Sulawesi Selatan,Makassar,4201850
01-09-2022,PHI Mini Market - Makassar 01,Ferdy Tenteram,P,Makanan & Minuman,air mineral 600 ml,Sulawesi Selatan,Makassar,334540
01-09-2022,PHI Mini Market - Makassar 01,Ferdy Tenteram,P,Makanan & Minuman,bumbu fried chicken,Sulawesi Selatan,Makassar,2599980
01-09-2022,PHI Mini Market - Makassar 01,Ferdy Tenteram,P,Makanan & Minuman,jus kesehatan 600 ml,Sulawesi Selatan,Makassar,2912640
01-09-2022,PHI Mini Market - Makassar 01,Ferdy Tenteram,P,Makanan & Minuman,kacang goreng 1 kg,Sulawesi Selatan,Makassar,4448390
01-09-2022,PHI Mini Market - Makassar 01,Ferdy Tenteram,P,Makanan & Minuman,kacang mete 1 kg,Sulawesi Selatan,Makassar,30074330
01-09-2022,PHI Mini Market - Makassar 01,Ferdy Tenteram,P,Makanan & Minuman,markisa 600 ml,Sulawesi Selatan,Makassar,5351360
01-09-2022,PHI Mini Market - Makassar 01,Ferdy Tenteram,P,Makanan & Minuman,mie instant 1 kotak (40 bungkus),Sulawesi Selatan,Makassar,34979040
01-09-2022,PHI Mini Market - Makassar 01,Ferdy Tenteram,P,Makanan & Minuman,minuman probiotik,Sulawesi Selatan,Makassar,410010
01-09-2022,PHI Mini Market - Makassar 01,Ferdy Tenteram,P,Makanan & Minuman,nasi goreng instant (1 ons),Sulawesi Selatan,Makassar,2029520
01-09-2022,PHI Mini Market - Makassar 01,Ferdy Tenteram,P,Makanan & Minuman,snack gurih 1 ons,Sulawesi Selatan,Makassar,1959000
01-09-2022,PHI Mini Market - Makassar 01,Ferdy Tenteram,P,Makanan & Minuman,susu kotak (800 ml),Sulawesi Selatan,Makassar,4621380
01-09-2022,PHI Mini Market - Makassar 01,Ferdy Tenteram,P,Makanan & Minuman,susu kotak 1 l,Sulawesi Selatan,Makassar,2780790
01-09-2022,PHI Mini Market - Makassar 01,Ferdy Tenteram,P,Makanan & Minuman,telur ayam kampung 1 kg,Sulawesi Selatan,Makassar,5503120
01-09-2022,PHI Mini Market - Makassar 01,Ferdy Tenteram,P,Makanan & Minuman,telur ayam ras 1 kg,Sulawesi Selatan,Makassar,4361050
01-09-2022,PHI Mini Market - Makassar 01,Ferdy Tenteram,P,Sayur-Sayuran,bawang merah 1 kg,Sulawesi Selatan,Makassar,5166910
01-09-2022,PHI Mini Market - Makassar 01,Ferdy Tenteram,P,Sayur-Sayuran,bawang putih 1 kg,Sulawesi Selatan,Makassar,1544590
01-09-2022,PHI Mini Market - Makassar 01,Ferdy Tenteram,P,Sayur-Sayuran,buncis 1 kg,Sulawesi Selatan,Makassar,2334000
01-09-2022,PHI Mini Market - Makassar 01,Ferdy Tenteram,P,Sayur-Sayuran,kacang hijau 1 kg,Sulawesi Selatan,Makassar,1612890
01-09-2022,PHI Mini Market - Makassar 01,Ferdy Tenteram,P,Sayur-Sayuran,kacang panjang 1 kg,Sulawesi Selatan,Makassar,3770570
01-09-2022,PHI Mini Market - Makassar 01,Ferdy Tenteram,P,Sayur-Sayuran,kentang 1 kg,Sulawesi Selatan,Makassar,3882240
01-09-2022,PHI Mini Market - Makassar 01,Ferdy Tenteram,P,Sayur-Sayuran,ketimun 1 kg,Sulawesi Selatan,Makassar,1478910
01-09-2022,PHI Mini Market - Makassar 01,Ferdy Tenteram,P,Sayur-Sayuran,kobis 1 kg,Sulawesi Selatan,Makassar,231250
01-09-2022,PHI Mini Market - Makassar 01,Ferdy Tenteram,P,Sayur-Sayuran,tomat 1 kg,Sulawesi Selatan,Makassar,1352660
01-09-2022,PHI Mini Market - Makassar 01,Ferdy Tenteram,P,Sayur-Sayuran,ubi jalar 1 kg,Sulawesi Selatan,Makassar,445990
01-09-2022,PHI Mini Market - Makassar 01,Ferdy Tenteram,P,Sayur-Sayuran,ubi kayu basah 1 kg,Sulawesi Selatan,Makassar,365870
01-09-2022,PHI Mini Market - Makassar 01,Ferdy Tenteram,P,Sayur-Sayuran,wortel 1 kg,Sulawesi Selatan,Makassar,1393780
01-09-2022,PHI Mini Market - Makassar 01,Galang Terang,P,Buah,alpukat 1 kg,Sulawesi Selatan,Makassar,1767270
01-09-2022,PHI Mini Market - Makassar 01,Galang Terang,P,Buah,apel 1 kg,Sulawesi Selatan,Makassar,21109180
01-09-2022,PHI Mini Market - Makassar 01,Galang Terang,P,Buah,belimbing 1 kg,Sulawesi Selatan,Makassar,1796620
01-09-2022,PHI Mini Market - Makassar 01,Galang Terang,P,Buah,durian 1 kg,Sulawesi Selatan,Makassar,6087280
01-09-2022,PHI Mini Market - Makassar 01,Galang Terang,P,Buah,jeruk 1 kg,Sulawesi Selatan,Makassar,4360300
01-09-2022,PHI Mini Market - Makassar 01,Galang Terang,P,Buah,kelapa muda,Sulawesi Selatan,Makassar,979170
01-09-2022,PHI Mini Market - Makassar 01,Galang Terang,P,Buah,mangga 1 kg,Sulawesi Selatan,Makassar,6363560
01-09-2022,PHI Mini Market - Makassar 01,Galang Terang,P,Makanan & Minuman,air mineral 600 ml,Sulawesi Selatan,Makassar,459600
01-09-2022,PHI Mini Market - Makassar 01,Galang Terang,P,Makanan & Minuman,bumbu fried chicken,Sulawesi Selatan,Makassar,4457850
01-09-2022,PHI Mini Market - Makassar 01,Galang Terang,P,Makanan & Minuman,jus kesehatan 600 ml,Sulawesi Selatan,Makassar,2282240
01-09-2022,PHI Mini Market - Makassar 01,Galang Terang,P,Makanan & Minuman,kacang goreng 1 kg,Sulawesi Selatan,Makassar,3364660
01-09-2022,PHI Mini Market - Makassar 01,Galang Terang,P,Makanan & Minuman,kacang mete 1 kg,Sulawesi Selatan,Makassar,28505930
01-09-2022,PHI Mini Market - Makassar 01,Galang Terang,P,Makanan & Minuman,markisa 600 ml,Sulawesi Selatan,Makassar,4428570
01-09-2022,PHI Mini Market - Makassar 01,Galang Terang,P,Makanan & Minuman,mie instant 1 kotak (40 bungkus),Sulawesi Selatan,Makassar,27072020
01-09-2022,PHI Mini Market - Makassar 01,Galang Terang,P,Makanan & Minuman,minuman probiotik,Sulawesi Selatan,Makassar,360850
01-09-2022,PHI Mini Market - Makassar 01,Galang Terang,P,Makanan & Minuman,nasi goreng instant (1 ons),Sulawesi Selatan,Makassar,2313410
01-09-2022,PHI Mini Market - Makassar 01,Galang Terang,P,Makanan & Minuman,snack gurih 1 ons,Sulawesi Selatan,Makassar,1703090
01-09-2022,PHI Mini Market - Makassar 01,Galang Terang,P,Makanan & Minuman,susu kotak (800 ml),Sulawesi Selatan,Makassar,4305600
01-09-2022,PHI Mini Market - Makassar 01,Galang Terang,P,Makanan & Minuman,susu kotak 1 l,Sulawesi Selatan,Makassar,3599640
01-09-2022,PHI Mini Market - Makassar 01,Galang Terang,P,Makanan & Minuman,telur ayam kampung 1 kg,Sulawesi Selatan,Makassar,4138520
01-09-2022,PHI Mini Market - Makassar 01,Galang Terang,P,Makanan & Minuman,telur ayam ras 1 kg,Sulawesi Selatan,Makassar,3911770
01-09-2022,PHI Mini Market - Makassar 01,Galang Terang,P,Sayur-Sayuran,bawang merah 1 kg,Sulawesi Selatan,Makassar,3523300
01-09-2022,PHI Mini Market - Makassar 01,Galang Terang,P,Sayur-Sayuran,bawang putih 1 kg,Sulawesi Selatan,Makassar,1075460
01-09-2022,PHI Mini Market - Makassar 01,Galang Terang,P,Sayur-Sayuran,buncis 1 kg,Sulawesi Selatan,Makassar,1798710
01-09-2022,PHI Mini Market - Makassar 01,Galang Terang,P,Sayur-Sayuran,kacang hijau 1 kg,Sulawesi Selatan,Makassar,2459080
01-09-2022,PHI Mini Market - Makassar 01,Galang Terang,P,Sayur-Sayuran,kacang panjang 1 kg,Sulawesi Selatan,Makassar,1737910
01-09-2022,PHI Mini Market - Makassar 01,Galang Terang,P,Sayur-Sayuran,kentang 1 kg,Sulawesi Selatan,Makassar,1454760
01-09-2022,PHI Mini Market - Makassar 01,Galang Terang,P,Sayur-Sayuran,ketimun 1 kg,Sulawesi Selatan,Makassar,914400
01-09-2022,PHI Mini Market - Makassar 01,Galang Terang,P,Sayur-Sayuran,kobis 1 kg,Sulawesi Selatan,Makassar,439610
01-09-2022,PHI Mini Market - Makassar 01,Galang Terang,P,Sayur-Sayuran,tomat 1 kg,Sulawesi Selatan,Makassar,2049700
01-09-2022,PHI Mini Market - Makassar 01,Galang Terang,P,Sayur-Sayuran,ubi jalar 1 kg,Sulawesi Selatan,Makassar,322210
01-09-2022,PHI Mini Market - Makassar 01,Galang Terang,P,Sayur-Sayuran,ubi kayu basah 1 kg,Sulawesi Selatan,Makassar,467770
01-09-2022,PHI Mini Market - Makassar 01,Galang Terang,P,Sayur-Sayuran,wortel 1 kg,Sulawesi Selatan,Makassar,1093020
01-09-2022,PHI Mini Market - Makassar 01,Kristina Damai,W,Buah,alpukat 1 kg,Sulawesi Selatan,Makassar,2824230
01-09-2022,PHI Mini Market - Makassar 01,Kristina Damai,W,Buah,apel 1 kg,Sulawesi Selatan,Makassar,21778680
01-09-2022,PHI Mini Market - Makassar 01,Kristina Damai,W,Buah,belimbing 1 kg,Sulawesi Selatan,Makassar,1280930
01-09-2022,PHI Mini Market - Makassar 01,Kristina Damai,W,Buah,durian 1 kg,Sulawesi Selatan,Makassar,3921820
01-09-2022,PHI Mini Market - Makassar 01,Kristina Damai,W,Buah,jeruk 1 kg,Sulawesi Selatan,Makassar,4485720
01-09-2022,PHI Mini Market - Makassar 01,Kristina Damai,W,Buah,kelapa muda,Sulawesi Selatan,Makassar,1515780
01-09-2022,PHI Mini Market - Makassar 01,Kristina Damai,W,Buah,mangga 1 kg,Sulawesi Selatan,Makassar,4033970
01-09-2022,PHI Mini Market - Makassar 01,Kristina Damai,W,Makanan & Minuman,air mineral 600 ml,Sulawesi Selatan,Makassar,420190
01-09-2022,PHI Mini Market - Makassar 01,Kristina Damai,W,Makanan & Minuman,bumbu fried chicken,Sulawesi Selatan,Makassar,2971320
01-09-2022,PHI Mini Market - Makassar 01,Kristina Damai,W,Makanan & Minuman,jus kesehatan 600 ml,Sulawesi Selatan,Makassar,3495480
01-09-2022,PHI Mini Market - Makassar 01,Kristina Damai,W,Makanan & Minuman,kacang goreng 1 kg,Sulawesi Selatan,Makassar,5125420
01-09-2022,PHI Mini Market - Makassar 01,Kristina Damai,W,Makanan & Minuman,kacang mete 1 kg,Sulawesi Selatan,Makassar,26072450
01-09-2022,PHI Mini Market - Makassar 01,Kristina Damai,W,Makanan & Minuman,markisa 600 ml,Sulawesi Selatan,Makassar,4306320
01-09-2022,PHI Mini Market - Makassar 01,Kristina Damai,W,Makanan & Minuman,mie instant 1 kotak (40 bungkus),Sulawesi Selatan,Makassar,34542440
01-09-2022,PHI Mini Market - Makassar 01,Kristina Damai,W,Makanan & Minuman,minuman probiotik,Sulawesi Selatan,Makassar,349830
01-09-2022,PHI Mini Market - Makassar 01,Kristina Damai,W,Makanan & Minuman,nasi goreng instant (1 ons),Sulawesi Selatan,Makassar,1575650
01-09-2022,PHI Mini Market - Makassar 01,Kristina Damai,W,Makanan & Minuman,snack gurih 1 ons,Sulawesi Selatan,Makassar,2072740
01-09-2022,PHI Mini Market - Makassar 01,Kristina Damai,W,Makanan & Minuman,susu kotak (800 ml),Sulawesi Selatan,Makassar,4086870
01-09-2022,PHI Mini Market - Makassar 01,Kristina Damai,W,Makanan & Minuman,susu kotak 1 l,Sulawesi Selatan,Makassar,3511310
01-09-2022,PHI Mini Market - Makassar 01,Kristina Damai,W,Makanan & Minuman,telur ayam kampung 1 kg,Sulawesi Selatan,Makassar,5624600
01-09-2022,PHI Mini Market - Makassar 01,Kristina Damai,W,Makanan & Minuman,telur ayam ras 1 kg,Sulawesi Selatan,Makassar,3258080
01-09-2022,PHI Mini Market - Makassar 01,Kristina Damai,W,Sayur-Sayuran,bawang merah 1 kg,Sulawesi Selatan,Makassar,2987480
01-09-2022,PHI Mini Market - Makassar 01,Kristina Damai,W,Sayur-Sayuran,bawang putih 1 kg,Sulawesi Selatan,Makassar,1040780
01-09-2022,PHI Mini Market - Makassar 01,Kristina Damai,W,Sayur-Sayuran,buncis 1 kg,Sulawesi Selatan,Makassar,1530340
01-09-2022,PHI Mini Market - Makassar 01,Kristina Damai,W,Sayur-Sayuran,kacang hijau 1 kg,Sulawesi Selatan,Makassar,2378550
01-09-2022,PHI Mini Market - Makassar 01,Kristina Damai,W,Sayur-Sayuran,kacang panjang 1 kg,Sulawesi Selatan,Makassar,3034770
01-09-2022,PHI Mini Market - Makassar 01,Kristina Damai,W,Sayur-Sayuran,kentang 1 kg,Sulawesi Selatan,Makassar,1800340
01-09-2022,PHI Mini Market - Makassar 01,Kristina Damai,W,Sayur-Sayuran,ketimun 1 kg,Sulawesi Selatan,Makassar,1298790
01-09-2022,PHI Mini Market - Makassar 01,Kristina Damai,W,Sayur-Sayuran,kobis 1 kg,Sulawesi Selatan,Makassar,342030
01-09-2022,PHI Mini Market - Makassar 01,Kristina Damai,W,Sayur-Sayuran,tomat 1 kg,Sulawesi Selatan,Makassar,1259560
01-09-2022,PHI Mini Market - Makassar 01,Kristina Damai,W,Sayur-Sayuran,ubi jalar 1 kg,Sulawesi Selatan,Makassar,476160
01-09-2022,PHI Mini Market - Makassar 01,Kristina Damai,W,Sayur-Sayuran,ubi kayu basah 1 kg,Sulawesi Selatan,Makassar,315090
01-09-2022,PHI Mini Market - Makassar 01,Kristina Damai,W,Sayur-Sayuran,wortel 1 kg,Sulawesi Selatan,Makassar,1478770
01-09-2022,PHI Mini Market - Makassar 01,Lastri Mardi,W,Buah,alpukat 1 kg,Sulawesi Selatan,Makassar,2348840
01-09-2022,PHI Mini Market - Makassar 01,Lastri Mardi,W,Buah,apel 1 kg,Sulawesi Selatan,Makassar,20722180
01-09-2022,PHI Mini Market - Makassar 01,Lastri Mardi,W,Buah,belimbing 1 kg,Sulawesi Selatan,Makassar,1142700
01-09-2022,PHI Mini Market - Makassar 01,Lastri Mardi,W,Buah,durian 1 kg,Sulawesi Selatan,Makassar,4964690
01-09-2022,PHI Mini Market - Makassar 01,Lastri Mardi,W,Buah,jeruk 1 kg,Sulawesi Selatan,Makassar,4582640
01-09-2022,PHI Mini Market - Makassar 01,Lastri Mardi,W,Buah,kelapa muda,Sulawesi Selatan,Makassar,1885230
01-09-2022,PHI Mini Market - Makassar 01,Lastri Mardi,W,Makanan & Minuman,air mineral 600 ml,Sulawesi Selatan,Makassar,385380
01-09-2022,PHI Mini Market - Makassar 01,Lastri Mardi,W,Makanan & Minuman,bumbu fried chicken,Sulawesi Selatan,Makassar,5366310
01-09-2022,PHI Mini Market - Makassar 01,Lastri Mardi,W,Makanan & Minuman,jus kesehatan 600 ml,Sulawesi Selatan,Makassar,3417730
01-09-2022,PHI Mini Market - Makassar 01,Lastri Mardi,W,Makanan & Minuman,kacang goreng 1 kg,Sulawesi Selatan,Makassar,4252160
01-09-2022,PHI Mini Market - Makassar 01,Lastri Mardi,W,Makanan & Minuman,kacang mete 1 kg,Sulawesi Selatan,Makassar,22678470
01-09-2022,PHI Mini Market - Makassar 01,Lastri Mardi,W,Makanan & Minuman,markisa 600 ml,Sulawesi Selatan,Makassar,4166370
01-09-2022,PHI Mini Market - Makassar 01,Lastri Mardi,W,Makanan & Minuman,mie instant 1 kotak (40 bungkus),Sulawesi Selatan,Makassar,51099030
01-09-2022,PHI Mini Market - Makassar 01,Lastri Mardi,W,Makanan & Minuman,minuman probiotik,Sulawesi Selatan,Makassar,306660
01-09-2022,PHI Mini Market - Makassar 01,Lastri Mardi,W,Makanan & Minuman,nasi goreng instant (1 ons),Sulawesi Selatan,Makassar,2447740
01-09-2022,PHI Mini Market - Makassar 01,Lastri Mardi,W,Makanan & Minuman,snack gurih 1 ons,Sulawesi Selatan,Makassar,1339750
01-09-2022,PHI Mini Market - Makassar 01,Lastri Mardi,W,Makanan & Minuman,susu kotak (800 ml),Sulawesi Selatan,Makassar,2713140
01-09-2022,PHI Mini Market - Makassar 01,Lastri Mardi,W,Makanan & Minuman,susu kotak 1 l,Sulawesi Selatan,Makassar,4668030
01-09-2022,PHI Mini Market - Makassar 01,Lastri Mardi,W,Makanan & Minuman,telur ayam kampung 1 kg,Sulawesi Selatan,Makassar,4199520
01-09-2022,PHI Mini Market - Makassar 01,Lastri Mardi,W,Makanan & Minuman,telur ayam ras 1 kg,Sulawesi Selatan,Makassar,4342970
01-09-2022,PHI Mini Market - Makassar 01,Lastri Mardi,W,Sayur-Sayuran,bawang merah 1 kg,Sulawesi Selatan,Makassar,2658010
01-09-2022,PHI Mini Market - Makassar 01,Lastri Mardi,W,Sayur-Sayuran,bawang putih 1 kg,Sulawesi Selatan,Makassar,1169620
01-09-2022,PHI Mini Market - Makassar 01,Lastri Mardi,W,Sayur-Sayuran,buncis 1 kg,Sulawesi Selatan,Makassar,1733380
01-09-2022,PHI Mini Market - Makassar 01,Lastri Mardi,W,Sayur-Sayuran,kacang hijau 1 kg,Sulawesi Selatan,Makassar,1639390
01-09-2022,PHI Mini Market - Makassar 01,Lastri Mardi,W,Sayur-Sayuran,kacang panjang 1 kg,Sulawesi Selatan,Makassar,1896320
01-09-2022,PHI Mini Market - Makassar 01,Lastri Mardi,W,Sayur-Sayuran,kentang 1 kg,Sulawesi Selatan,Makassar,2959340
01-09-2022,PHI Mini Market - Makassar 01,Lastri Mardi,W,Sayur-Sayuran,ketimun 1 kg,Sulawesi Selatan,Makassar,2132480
01-09-2022,PHI Mini Market - Makassar 01,Lastri Mardi,W,Sayur-Sayuran,kobis 1 kg,Sulawesi Selatan,Makassar,331780
01-09-2022,PHI Mini Market - Makassar 01,Lastri Mardi,W,Sayur-Sayuran,tomat 1 kg,Sulawesi Selatan,Makassar,1312510
01-09-2022,PHI Mini Market - Makassar 01,Lastri Mardi,W,Sayur-Sayuran,ubi jalar 1 kg,Sulawesi Selatan,Makassar,409480
01-09-2022,PHI Mini Market - Makassar 01,Lastri Mardi,W,Sayur-Sayuran,ubi kayu basah 1 kg,Sulawesi Selatan,Makassar,444180
01-09-2022,PHI Mini Market - Makassar 01,Lastri Mardi,W,Sayur-Sayuran,wortel 1 kg,Sulawesi Selatan,Makassar,1089430
01-09-2022,PHI Mini Market - Makassar 01,Mawar Mardi,W,Buah,alpukat 1 kg,Sulawesi Selatan,Makassar,2585880
01-09-2022,PHI Mini Market - Makassar 01,Mawar Mardi,W,Buah,apel 1 kg,Sulawesi Selatan,Makassar,14703060
01-09-2022,PHI Mini Market - Makassar 01,Mawar Mardi,W,Buah,belimbing 1 kg,Sulawesi Selatan,Makassar,1098060
01-09-2022,PHI Mini Market - Makassar 01,Mawar Mardi,W,Buah,durian 1 kg,Sulawesi Selatan,Makassar,6732220
01-09-2022,PHI Mini Market - Makassar 01,Mawar Mardi,W,Buah,jeruk 1 kg,Sulawesi Selatan,Makassar,3435570
01-09-2022,PHI Mini Market - Makassar 01,Mawar Mardi,W,Buah,kelapa muda,Sulawesi Selatan,Makassar,1707680
01-09-2022,PHI Mini Market - Makassar 01,Mawar Mardi,W,Buah,mangga 1 kg,Sulawesi Selatan,Makassar,4232120
01-09-2022,PHI Mini Market - Makassar 01,Mawar Mardi,W,Makanan & Minuman,air mineral 600 ml,Sulawesi Selatan,Makassar,457600
01-09-2022,PHI Mini Market - Makassar 01,Mawar Mardi,W,Makanan & Minuman,bumbu fried chicken,Sulawesi Selatan,Makassar,6482190
01-09-2022,PHI Mini Market - Makassar 01,Mawar Mardi,W,Makanan & Minuman,jus kesehatan 600 ml,Sulawesi Selatan,Makassar,3277930
01-09-2022,PHI Mini Market - Makassar 01,Mawar Mardi,W,Makanan & Minuman,kacang goreng 1 kg,Sulawesi Selatan,Makassar,4110330
01-09-2022,PHI Mini Market - Makassar 01,Mawar Mardi,W,Makanan & Minuman,kacang mete 1 kg,Sulawesi Selatan,Makassar,27108430
01-09-2022,PHI Mini Market - Makassar 01,Mawar Mardi,W,Makanan & Minuman,markisa 600 ml,Sulawesi Selatan,Makassar,4713470
01-09-2022,PHI Mini Market - Makassar 01,Mawar Mardi,W,Makanan & Minuman,mie instant 1 kotak (40 bungkus),Sulawesi Selatan,Makassar,21531890
01-09-2022,PHI Mini Market - Makassar 01,Mawar Mardi,W,Makanan & Minuman,minuman probiotik,Sulawesi Selatan,Makassar,275730
01-09-2022,PHI Mini Market - Makassar 01,Mawar Mardi,W,Makanan & Minuman,nasi goreng instant (1 ons),Sulawesi Selatan,Makassar,2178180
01-09-2022,PHI Mini Market - Makassar 01,Mawar Mardi,W,Makanan & Minuman,snack gurih 1 ons,Sulawesi Selatan,Makassar,1517400
01-09-2022,PHI Mini Market - Makassar 01,Mawar Mardi,W,Makanan & Minuman,susu kotak (800 ml),Sulawesi Selatan,Makassar,4386430
01-09-2022,PHI Mini Market - Makassar 01,Mawar Mardi,W,Makanan & Minuman,susu kotak 1 l,Sulawesi Selatan,Makassar,2972390
01-09-2022,PHI Mini Market - Makassar 01,Mawar Mardi,W,Makanan & Minuman,telur ayam kampung 1 kg,Sulawesi Selatan,Makassar,6920080
01-09-2022,PHI Mini Market - Makassar 01,Mawar Mardi,W,Makanan & Minuman,telur ayam ras 1 kg,Sulawesi Selatan,Makassar,3597790
01-09-2022,PHI Mini Market - Makassar 01,Mawar Mardi,W,Sayur-Sayuran,bawang merah 1 kg,Sulawesi Selatan,Makassar,2970330
01-09-2022,PHI Mini Market - Makassar 01,Mawar Mardi,W,Sayur-Sayuran,bawang putih 1 kg,Sulawesi Selatan,Makassar,983430
01-09-2022,PHI Mini Market - Makassar 01,Mawar Mardi,W,Sayur-Sayuran,buncis 1 kg,Sulawesi Selatan,Makassar,1907560
01-09-2022,PHI Mini Market - Makassar 01,Mawar Mardi,W,Sayur-Sayuran,kacang hijau 1 kg,Sulawesi Selatan,Makassar,1673620
01-09-2022,PHI Mini Market - Makassar 01,Mawar Mardi,W,Sayur-Sayuran,kacang panjang 1 kg,Sulawesi Selatan,Makassar,2488480
01-09-2022,PHI Mini Market - Makassar 01,Mawar Mardi,W,Sayur-Sayuran,kentang 1 kg,Sulawesi Selatan,Makassar,3027040
01-09-2022,PHI Mini Market - Makassar 01,Mawar Mardi,W,Sayur-Sayuran,ketimun 1 kg,Sulawesi Selatan,Makassar,1420600
01-09-2022,PHI Mini Market - Makassar 01,Mawar Mardi,W,Sayur-Sayuran,kobis 1 kg,Sulawesi Selatan,Makassar,250310
01-09-2022,PHI Mini Market - Makassar 01,Mawar Mardi,W,Sayur-Sayuran,tomat 1 kg,Sulawesi Selatan,Makassar,743680
01-09-2022,PHI Mini Market - Makassar 01,Mawar Mardi,W,Sayur-Sayuran,ubi jalar 1 kg,Sulawesi Selatan,Makassar,261600
01-09-2022,PHI Mini Market - Makassar 01,Mawar Mardi,W,Sayur-Sayuran,ubi kayu basah 1 kg,Sulawesi Selatan,Makassar,322660
01-09-2022,PHI Mini Market - Makassar 01,Mawar Mardi,W,Sayur-Sayuran,wortel 1 kg,Sulawesi Selatan,Makassar,1069690
01-09-2022,PHI Mini Market - Makassar 01,Niken Setiawan,W,Buah,alpukat 1 kg,Sulawesi Selatan,Makassar,1619550
01-09-2022,PHI Mini Market - Makassar 01,Niken Setiawan,W,Buah,apel 1 kg,Sulawesi Selatan,Makassar,13198750
01-09-2022,PHI Mini Market - Makassar 01,Niken Setiawan,W,Buah,belimbing 1 kg,Sulawesi Selatan,Makassar,1518580
01-09-2022,PHI Mini Market - Makassar 01,Niken Setiawan,W,Buah,durian 1 kg,Sulawesi Selatan,Makassar,4028800
01-09-2022,PHI Mini Market - Makassar 01,Niken Setiawan,W,Buah,jeruk 1 kg,Sulawesi Selatan,Makassar,2964640
01-09-2022,PHI Mini Market - Makassar 01,Niken Setiawan,W,Buah,kelapa muda,Sulawesi Selatan,Makassar,1799040
01-09-2022,PHI Mini Market - Makassar 01,Niken Setiawan,W,Makanan & Minuman,air mineral 600 ml,Sulawesi Selatan,Makassar,202210
01-09-2022,PHI Mini Market - Makassar 01,Niken Setiawan,W,Makanan & Minuman,bumbu fried chicken,Sulawesi Selatan,Makassar,3508110
01-09-2022,PHI Mini Market - Makassar 01,Niken Setiawan,W,Makanan & Minuman,jus kesehatan 600 ml,Sulawesi Selatan,Makassar,3196130
01-09-2022,PHI Mini Market - Makassar 01,Niken Setiawan,W,Makanan & Minuman,kacang goreng 1 kg,Sulawesi Selatan,Makassar,4683760
01-09-2022,PHI Mini Market - Makassar 01,Niken Setiawan,W,Makanan & Minuman,kacang mete 1 kg,Sulawesi Selatan,Makassar,20554070
01-09-2022,PHI Mini Market - Makassar 01,Niken Setiawan,W,Makanan & Minuman,markisa 600 ml,Sulawesi Selatan,Makassar,4498780
01-09-2022,PHI Mini Market - Makassar 01,Niken Setiawan,W,Makanan & Minuman,mie instant 1 kotak (40 bungkus),Sulawesi Selatan,Makassar,22674000
01-09-2022,PHI Mini Market - Makassar 01,Niken Setiawan,W,Makanan & Minuman,minuman probiotik,Sulawesi Selatan,Makassar,269850
01-09-2022,PHI Mini Market - Makassar 01,Niken Setiawan,W,Makanan & Minuman,nasi goreng instant (1 ons),Sulawesi Selatan,Makassar,1952120
01-09-2022,PHI Mini Market - Makassar 01,Niken Setiawan,W,Makanan & Minuman,snack gurih 1 ons,Sulawesi Selatan,Makassar,1672160
01-09-2022,PHI Mini Market - Makassar 01,Niken Setiawan,W,Makanan & Minuman,susu kotak (800 ml),Sulawesi Selatan,Makassar,3838370
01-09-2022,PHI Mini Market - Makassar 01,Niken Setiawan,W,Makanan & Minuman,susu kotak 1 l,Sulawesi Selatan,Makassar,3561540
01-09-2022,PHI Mini Market - Makassar 01,Niken Setiawan,W,Makanan & Minuman,telur ayam kampung 1 kg,Sulawesi Selatan,Makassar,5200760
01-09-2022,PHI Mini Market - Makassar 01,Niken Setiawan,W,Makanan & Minuman,telur ayam ras 1 kg,Sulawesi Selatan,Makassar,4052510
01-09-2022,PHI Mini Market - Makassar 01,Niken Setiawan,W,Sayur-Sayuran,bawang merah 1 kg,Sulawesi Selatan,Makassar,3453520
01-09-2022,PHI Mini Market - Makassar 01,Niken Setiawan,W,Sayur-Sayuran,bawang putih 1 kg,Sulawesi Selatan,Makassar,990200
01-09-2022,PHI Mini Market - Makassar 01,Niken Setiawan,W,Sayur-Sayuran,buncis 1 kg,Sulawesi Selatan,Makassar,1628880
01-09-2022,PHI Mini Market - Makassar 01,Niken Setiawan,W,Sayur-Sayuran,kacang hijau 1 kg,Sulawesi Selatan,Makassar,2626560
01-09-2022,PHI Mini Market - Makassar 01,Niken Setiawan,W,Sayur-Sayuran,kacang panjang 1 kg,Sulawesi Selatan,Makassar,2527100
01-09-2022,PHI Mini Market - Makassar 01,Niken Setiawan,W,Sayur-Sayuran,kentang 1 kg,Sulawesi Selatan,Makassar,2824000
01-09-2022,PHI Mini Market - Makassar 01,Niken Setiawan,W,Sayur-Sayuran,ketimun 1 kg,Sulawesi Selatan,Makassar,1209470
01-09-2022,PHI Mini Market - Makassar 01,Niken Setiawan,W,Sayur-Sayuran,kobis 1 kg,Sulawesi Selatan,Makassar,405670
01-09-2022,PHI Mini Market - Makassar 01,Niken Setiawan,W,Sayur-Sayuran,tomat 1 kg,Sulawesi Selatan,Makassar,1599690
01-09-2022,PHI Mini Market - Makassar 01,Niken Setiawan,W,Sayur-Sayuran,ubi jalar 1 kg,Sulawesi Selatan,Makassar,256000
01-09-2022,PHI Mini Market - Makassar 01,Niken Setiawan,W,Sayur-Sayuran,ubi kayu basah 1 kg,Sulawesi Selatan,Makassar,395030
01-09-2022,PHI Mini Market - Makassar 01,Niken Setiawan,W,Sayur-Sayuran,wortel 1 kg,Sulawesi Selatan,Makassar,1267130
01-09-2022,PHI Mini Market - Surabaya 01,Aris Siberut,P,Buah,alpukat 1 kg,Jawa Timur,Surabaya,2573590
01-09-2022,PHI Mini Market - Surabaya 01,Aris Siberut,P,Buah,apel 1 kg,Jawa Timur,Surabaya,12028690
01-09-2022,PHI Mini Market - Surabaya 01,Aris Siberut,P,Buah,belimbing 1 kg,Jawa Timur,Surabaya,1345620
01-09-2022,PHI Mini Market - Surabaya 01,Aris Siberut,P,Buah,durian 1 kg,Jawa Timur,Surabaya,5211950
01-09-2022,PHI Mini Market - Surabaya 01,Aris Siberut,P,Buah,jeruk 1 kg,Jawa Timur,Surabaya,2992290
01-09-2022,PHI Mini Market - Surabaya 01,Aris Siberut,P,Buah,kelapa muda,Jawa Timur,Surabaya,1922020
01-09-2022,PHI Mini Market - Surabaya 01,Aris Siberut,P,Makanan & Minuman,air mineral 600 ml,Jawa Timur,Surabaya,347520
01-09-2022,PHI Mini Market - Surabaya 01,Aris Siberut,P,Makanan & Minuman,bumbu fried chicken,Jawa Timur,Surabaya,2838990
01-09-2022,PHI Mini Market - Surabaya 01,Aris Siberut,P,Makanan & Minuman,jus kesehatan 600 ml,Jawa Timur,Surabaya,2793710
01-09-2022,PHI Mini Market - Surabaya 01,Aris Siberut,P,Makanan & Minuman,kacang goreng 1 kg,Jawa Timur,Surabaya,3349260
01-09-2022,PHI Mini Market - Surabaya 01,Aris Siberut,P,Makanan & Minuman,kacang mete 1 kg,Jawa Timur,Surabaya,25747640
01-09-2022,PHI Mini Market - Surabaya 01,Aris Siberut,P,Makanan & Minuman,markisa 600 ml,Jawa Timur,Surabaya,6815400
01-09-2022,PHI Mini Market - Surabaya 01,Aris Siberut,P,Makanan & Minuman,mie instant 1 kotak (40 bungkus),Jawa Timur,Surabaya,21860630
01-09-2022,PHI Mini Market - Surabaya 01,Aris Siberut,P,Makanan & Minuman,minuman probiotik,Jawa Timur,Surabaya,272750
01-09-2022,PHI Mini Market - Surabaya 01,Aris Siberut,P,Makanan & Minuman,nasi goreng instant (1 ons),Jawa Timur,Surabaya,1240980
01-09-2022,PHI Mini Market - Surabaya 01,Aris Siberut,P,Makanan & Minuman,snack gurih 1 ons,Jawa Timur,Surabaya,1116670
01-09-2022,PHI Mini Market - Surabaya 01,Aris Siberut,P,Makanan & Minuman,susu kotak (800 ml),Jawa Timur,Surabaya,4405150
01-09-2022,PHI Mini Market - Surabaya 01,Aris Siberut,P,Makanan & Minuman,susu kotak 1 l,Jawa Timur,Surabaya,5173540
01-09-2022,PHI Mini Market - Surabaya 01,Aris Siberut,P,Makanan & Minuman,telur ayam kampung 1 kg,Jawa Timur,Surabaya,7759840
01-09-2022,PHI Mini Market - Surabaya 01,Aris Siberut,P,Makanan & Minuman,telur ayam ras 1 kg,Jawa Timur,Surabaya,3504500
01-09-2022,PHI Mini Market - Surabaya 01,Aris Siberut,P,Sayur-Sayuran,bawang merah 1 kg,Jawa Timur,Surabaya,4780880
01-09-2022,PHI Mini Market - Surabaya 01,Aris Siberut,P,Sayur-Sayuran,bawang putih 1 kg,Jawa Timur,Surabaya,1136350
01-09-2022,PHI Mini Market - Surabaya 01,Aris Siberut,P,Sayur-Sayuran,buncis 1 kg,Jawa Timur,Surabaya,1885350
01-09-2022,PHI Mini Market - Surabaya 01,Aris Siberut,P,Sayur-Sayuran,kacang hijau 1 kg,Jawa Timur,Surabaya,2467820
01-09-2022,PHI Mini Market - Surabaya 01,Aris Siberut,P,Sayur-Sayuran,kacang panjang 1 kg,Jawa Timur,Surabaya,2270700
01-09-2022,PHI Mini Market - Surabaya 01,Aris Siberut,P,Sayur-Sayuran,kentang 1 kg,Jawa Timur,Surabaya,1919450
01-09-2022,PHI Mini Market - Surabaya 01,Aris Siberut,P,Sayur-Sayuran,ketimun 1 kg,Jawa Timur,Surabaya,1187370
01-09-2022,PHI Mini Market - Surabaya 01,Aris Siberut,P,Sayur-Sayuran,kobis 1 kg,Jawa Timur,Surabaya,379490
01-09-2022,PHI Mini Market - Surabaya 01,Aris Siberut,P,Sayur-Sayuran,tomat 1 kg,Jawa Timur,Surabaya,1355300
01-09-2022,PHI Mini Market - Surabaya 01,Aris Siberut,P,Sayur-Sayuran,ubi jalar 1 kg,Jawa Timur,Surabaya,472350
01-09-2022,PHI Mini Market - Surabaya 01,Aris Siberut,P,Sayur-Sayuran,ubi kayu basah 1 kg,Jawa Timur,Surabaya,266480
01-09-2022,PHI Mini Market - Surabaya 01,Aris Siberut,P,Sayur-Sayuran,wortel 1 kg,Jawa Timur,Surabaya,1247120
01-09-2022,PHI Mini Market - Surabaya 01,Ayu Pekerti,W,Buah,alpukat 1 kg,Jawa Timur,Surabaya,1982250
01-09-2022,PHI Mini Market - Surabaya 01,Ayu Pekerti,W,Buah,apel 1 kg,Jawa Timur,Surabaya,15042330
01-09-2022,PHI Mini Market - Surabaya 01,Ayu Pekerti,W,Buah,belimbing 1 kg,Jawa Timur,Surabaya,930300
01-09-2022,PHI Mini Market - Surabaya 01,Ayu Pekerti,W,Buah,durian 1 kg,Jawa Timur,Surabaya,3837410
01-09-2022,PHI Mini Market - Surabaya 01,Ayu Pekerti,W,Buah,jeruk 1 kg,Jawa Timur,Surabaya,4947760
01-09-2022,PHI Mini Market - Surabaya 01,Ayu Pekerti,W,Buah,kelapa muda,Jawa Timur,Surabaya,1351370
01-09-2022,PHI Mini Market - Surabaya 01,Ayu Pekerti,W,Buah,mangga 1 kg,Jawa Timur,Surabaya,3851430
01-09-2022,PHI Mini Market - Surabaya 01,Ayu Pekerti,W,Makanan & Minuman,air mineral 600 ml,Jawa Timur,Surabaya,322840
01-09-2022,PHI Mini Market - Surabaya 01,Ayu Pekerti,W,Makanan & Minuman,bumbu fried chicken,Jawa Timur,Surabaya,6432060
01-09-2022,PHI Mini Market - Surabaya 01,Ayu Pekerti,W,Makanan & Minuman,jus kesehatan 600 ml,Jawa Timur,Surabaya,3140820
01-09-2022,PHI Mini Market - Surabaya 01,Ayu Pekerti,W,Makanan & Minuman,kacang goreng 1 kg,Jawa Timur,Surabaya,4845320
01-09-2022,PHI Mini Market - Surabaya 01,Ayu Pekerti,W,Makanan & Minuman,kacang mete 1 kg,Jawa Timur,Surabaya,22464860
01-09-2022,PHI Mini Market - Surabaya 01,Ayu Pekerti,W,Makanan & Minuman,markisa 600 ml,Jawa Timur,Surabaya,4112970
01-09-2022,PHI Mini Market - Surabaya 01,Ayu Pekerti,W,Makanan & Minuman,mie instant 1 kotak (40 bungkus),Jawa Timur,Surabaya,30165480
01-09-2022,PHI Mini Market - Surabaya 01,Ayu Pekerti,W,Makanan & Minuman,minuman probiotik,Jawa Timur,Surabaya,352100
01-09-2022,PHI Mini Market - Surabaya 01,Ayu Pekerti,W,Makanan & Minuman,nasi goreng instant (1 ons),Jawa Timur,Surabaya,2287940
01-09-2022,PHI Mini Market - Surabaya 01,Ayu Pekerti,W,Makanan & Minuman,snack gurih 1 ons,Jawa Timur,Surabaya,2015820
01-09-2022,PHI Mini Market - Surabaya 01,Ayu Pekerti,W,Makanan & Minuman,susu kotak (800 ml),Jawa Timur,Surabaya,3054710
01-09-2022,PHI Mini Market - Surabaya 01,Ayu Pekerti,W,Makanan & Minuman,susu kotak 1 l,Jawa Timur,Surabaya,3007700
01-09-2022,PHI Mini Market - Surabaya 01,Ayu Pekerti,W,Makanan & Minuman,telur ayam kampung 1 kg,Jawa Timur,Surabaya,8254080
01-09-2022,PHI Mini Market - Surabaya 01,Ayu Pekerti,W,Makanan & Minuman,telur ayam ras 1 kg,Jawa Timur,Surabaya,1659790
01-09-2022,PHI Mini Market - Surabaya 01,Ayu Pekerti,W,Sayur-Sayuran,bawang merah 1 kg,Jawa Timur,Surabaya,4494830
01-09-2022,PHI Mini Market - Surabaya 01,Ayu Pekerti,W,Sayur-Sayuran,bawang putih 1 kg,Jawa Timur,Surabaya,1558430
01-09-2022,PHI Mini Market - Surabaya 01,Ayu Pekerti,W,Sayur-Sayuran,buncis 1 kg,Jawa Timur,Surabaya,2088780
01-09-2022,PHI Mini Market - Surabaya 01,Ayu Pekerti,W,Sayur-Sayuran,kacang hijau 1 kg,Jawa Timur,Surabaya,2654040
01-09-2022,PHI Mini Market - Surabaya 01,Ayu Pekerti,W,Sayur-Sayuran,kacang panjang 1 kg,Jawa Timur,Surabaya,2503850
01-09-2022,PHI Mini Market - Surabaya 01,Ayu Pekerti,W,Sayur-Sayuran,kentang 1 kg,Jawa Timur,Surabaya,2816160
01-09-2022,PHI Mini Market - Surabaya 01,Ayu Pekerti,W,Sayur-Sayuran,ketimun 1 kg,Jawa Timur,Surabaya,1452110
01-09-2022,PHI Mini Market - Surabaya 01,Ayu Pekerti,W,Sayur-Sayuran,kobis 1 kg,Jawa Timur,Surabaya,439400
01-09-2022,PHI Mini Market - Surabaya 01,Ayu Pekerti,W,Sayur-Sayuran,tomat 1 kg,Jawa Timur,Surabaya,1361580
01-09-2022,PHI Mini Market - Surabaya 01,Ayu Pekerti,W,Sayur-Sayuran,ubi jalar 1 kg,Jawa Timur,Surabaya,401580
01-09-2022,PHI Mini Market - Surabaya 01,Ayu Pekerti,W,Sayur-Sayuran,ubi kayu basah 1 kg,Jawa Timur,Surabaya,225540
01-09-2022,PHI Mini Market - Surabaya 01,Ayu Pekerti,W,Sayur-Sayuran,wortel 1 kg,Jawa Timur,Surabaya,953610
01-09-2022,PHI Mini Market - Surabaya 01,Budi Tenteram,P,Buah,alpukat 1 kg,Jawa Timur,Surabaya,1555600
01-09-2022,PHI Mini Market - Surabaya 01,Budi Tenteram,P,Buah,apel 1 kg,Jawa Timur,Surabaya,24330950
01-09-2022,PHI Mini Market - Surabaya 01,Budi Tenteram,P,Buah,belimbing 1 kg,Jawa Timur,Surabaya,1144400
01-09-2022,PHI Mini Market - Surabaya 01,Budi Tenteram,P,Buah,durian 1 kg,Jawa Timur,Surabaya,4554390
01-09-2022,PHI Mini Market - Surabaya 01,Budi Tenteram,P,Buah,jeruk 1 kg,Jawa Timur,Surabaya,2884900
01-09-2022,PHI Mini Market - Surabaya 01,Budi Tenteram,P,Buah,kelapa muda,Jawa Timur,Surabaya,1934010
01-09-2022,PHI Mini Market - Surabaya 01,Budi Tenteram,P,Buah,mangga 1 kg,Jawa Timur,Surabaya,7153470
01-09-2022,PHI Mini Market - Surabaya 01,Budi Tenteram,P,Makanan & Minuman,air mineral 600 ml,Jawa Timur,Surabaya,383040
01-09-2022,PHI Mini Market - Surabaya 01,Budi Tenteram,P,Makanan & Minuman,bumbu fried chicken,Jawa Timur,Surabaya,4781340
01-09-2022,PHI Mini Market - Surabaya 01,Budi Tenteram,P,Makanan & Minuman,jus kesehatan 600 ml,Jawa Timur,Surabaya,3442950
01-09-2022,PHI Mini Market - Surabaya 01,Budi Tenteram,P,Makanan & Minuman,kacang goreng 1 kg,Jawa Timur,Surabaya,5301440
01-09-2022,PHI Mini Market - Surabaya 01,Budi Tenteram,P,Makanan & Minuman,kacang mete 1 kg,Jawa Timur,Surabaya,33725600
01-09-2022,PHI Mini Market - Surabaya 01,Budi Tenteram,P,Makanan & Minuman,markisa 600 ml,Jawa Timur,Surabaya,5489060
01-09-2022,PHI Mini Market - Surabaya 01,Budi Tenteram,P,Makanan & Minuman,mie instant 1 kotak (40 bungkus),Jawa Timur,Surabaya,39848260
01-09-2022,PHI Mini Market - Surabaya 01,Budi Tenteram,P,Makanan & Minuman,minuman probiotik,Jawa Timur,Surabaya,365150
01-09-2022,PHI Mini Market - Surabaya 01,Budi Tenteram,P,Makanan & Minuman,nasi goreng instant (1 ons),Jawa Timur,Surabaya,1348220
01-09-2022,PHI Mini Market - Surabaya 01,Budi Tenteram,P,Makanan & Minuman,snack gurih 1 ons,Jawa Timur,Surabaya,1613150
01-09-2022,PHI Mini Market - Surabaya 01,Budi Tenteram,P,Makanan & Minuman,susu kotak (800 ml),Jawa Timur,Surabaya,3484300
01-09-2022,PHI Mini Market - Surabaya 01,Budi Tenteram,P,Makanan & Minuman,susu kotak 1 l,Jawa Timur,Surabaya,1980830
01-09-2022,PHI Mini Market - Surabaya 01,Budi Tenteram,P,Makanan & Minuman,telur ayam kampung 1 kg,Jawa Timur,Surabaya,6838080
01-09-2022,PHI Mini Market - Surabaya 01,Budi Tenteram,P,Makanan & Minuman,telur ayam ras 1 kg,Jawa Timur,Surabaya,4271830
01-09-2022,PHI Mini Market - Surabaya 01,Budi Tenteram,P,Sayur-Sayuran,bawang merah 1 kg,Jawa Timur,Surabaya,3554200
01-09-2022,PHI Mini Market - Surabaya 01,Budi Tenteram,P,Sayur-Sayuran,bawang putih 1 kg,Jawa Timur,Surabaya,1333040
01-09-2022,PHI Mini Market - Surabaya 01,Budi Tenteram,P,Sayur-Sayuran,buncis 1 kg,Jawa Timur,Surabaya,2598850
01-09-2022,PHI Mini Market - Surabaya 01,Budi Tenteram,P,Sayur-Sayuran,kacang hijau 1 kg,Jawa Timur,Surabaya,2226590
01-09-2022,PHI Mini Market - Surabaya 01,Budi Tenteram,P,Sayur-Sayuran,kacang panjang 1 kg,Jawa Timur,Surabaya,2779880
01-09-2022,PHI Mini Market - Surabaya 01,Budi Tenteram,P,Sayur-Sayuran,kentang 1 kg,Jawa Timur,Surabaya,2164260
01-09-2022,PHI Mini Market - Surabaya 01,Budi Tenteram,P,Sayur-Sayuran,ketimun 1 kg,Jawa Timur,Surabaya,1272730
01-09-2022,PHI Mini Market - Surabaya 01,Budi Tenteram,P,Sayur-Sayuran,kobis 1 kg,Jawa Timur,Surabaya,305080
01-09-2022,PHI Mini Market - Surabaya 01,Budi Tenteram,P,Sayur-Sayuran,tomat 1 kg,Jawa Timur,Surabaya,1505090
01-09-2022,PHI Mini Market - Surabaya 01,Budi Tenteram,P,Sayur-Sayuran,ubi jalar 1 kg,Jawa Timur,Surabaya,316460
01-09-2022,PHI Mini Market - Surabaya 01,Budi Tenteram,P,Sayur-Sayuran,ubi kayu basah 1 kg,Jawa Timur,Surabaya,357190
01-09-2022,PHI Mini Market - Surabaya 01,Budi Tenteram,P,Sayur-Sayuran,wortel 1 kg,Jawa Timur,Surabaya,1216520
01-09-2022,PHI Mini Market - Surabaya 01,Galang Setiawan,P,Buah,alpukat 1 kg,Jawa Timur,Surabaya,2694290
01-09-2022,PHI Mini Market - Surabaya 01,Galang Setiawan,P,Buah,apel 1 kg,Jawa Timur,Surabaya,22256860
01-09-2022,PHI Mini Market - Surabaya 01,Galang Setiawan,P,Buah,belimbing 1 kg,Jawa Timur,Surabaya,1486000
01-09-2022,PHI Mini Market - Surabaya 01,Galang Setiawan,P,Buah,durian 1 kg,Jawa Timur,Surabaya,6018870
01-09-2022,PHI Mini Market - Surabaya 01,Galang Setiawan,P,Buah,jeruk 1 kg,Jawa Timur,Surabaya,3167900
01-09-2022,PHI Mini Market - Surabaya 01,Galang Setiawan,P,Buah,kelapa muda,Jawa Timur,Surabaya,1670530
01-09-2022,PHI Mini Market - Surabaya 01,Galang Setiawan,P,Buah,mangga 1 kg,Jawa Timur,Surabaya,4262290
01-09-2022,PHI Mini Market - Surabaya 01,Galang Setiawan,P,Makanan & Minuman,air mineral 600 ml,Jawa Timur,Surabaya,623680
01-09-2022,PHI Mini Market - Surabaya 01,Galang Setiawan,P,Makanan & Minuman,bumbu fried chicken,Jawa Timur,Surabaya,4491210
01-09-2022,PHI Mini Market - Surabaya 01,Galang Setiawan,P,Makanan & Minuman,jus kesehatan 600 ml,Jawa Timur,Surabaya,2030110
01-09-2022,PHI Mini Market - Surabaya 01,Galang Setiawan,P,Makanan & Minuman,kacang goreng 1 kg,Jawa Timur,Surabaya,4624960
01-09-2022,PHI Mini Market - Surabaya 01,Galang Setiawan,P,Makanan & Minuman,kacang mete 1 kg,Jawa Timur,Surabaya,26885440
01-09-2022,PHI Mini Market - Surabaya 01,Galang Setiawan,P,Makanan & Minuman,markisa 600 ml,Jawa Timur,Surabaya,3349710
01-09-2022,PHI Mini Market - Surabaya 01,Galang Setiawan,P,Makanan & Minuman,mie instant 1 kotak (40 bungkus),Jawa Timur,Surabaya,39397890
01-09-2022,PHI Mini Market - Surabaya 01,Galang Setiawan,P,Makanan & Minuman,minuman probiotik,Jawa Timur,Surabaya,275560
01-09-2022,PHI Mini Market - Surabaya 01,Galang Setiawan,P,Makanan & Minuman,nasi goreng instant (1 ons),Jawa Timur,Surabaya,1871240
01-09-2022,PHI Mini Market - Surabaya 01,Galang Setiawan,P,Makanan & Minuman,snack gurih 1 ons,Jawa Timur,Surabaya,1367890
01-09-2022,PHI Mini Market - Surabaya 01,Galang Setiawan,P,Makanan & Minuman,susu kotak (800 ml),Jawa Timur,Surabaya,4929070
01-09-2022,PHI Mini Market - Surabaya 01,Galang Setiawan,P,Makanan & Minuman,susu kotak 1 l,Jawa Timur,Surabaya,3029040
01-09-2022,PHI Mini Market - Surabaya 01,Galang Setiawan,P,Makanan & Minuman,telur ayam kampung 1 kg,Jawa Timur,Surabaya,6464520
01-09-2022,PHI Mini Market - Surabaya 01,Galang Setiawan,P,Makanan & Minuman,telur ayam ras 1 kg,Jawa Timur,Surabaya,3137370
01-09-2022,PHI Mini Market - Surabaya 01,Galang Setiawan,P,Sayur-Sayuran,bawang merah 1 kg,Jawa Timur,Surabaya,3498670
01-09-2022,PHI Mini Market - Surabaya 01,Galang Setiawan,P,Sayur-Sayuran,bawang putih 1 kg,Jawa Timur,Surabaya,1242310
01-09-2022,PHI Mini Market - Surabaya 01,Galang Setiawan,P,Sayur-Sayuran,buncis 1 kg,Jawa Timur,Surabaya,2095520
01-09-2022,PHI Mini Market - Surabaya 01,Galang Setiawan,P,Sayur-Sayuran,kacang hijau 1 kg,Jawa Timur,Surabaya,1716560
01-09-2022,PHI Mini Market - Surabaya 01,Galang Setiawan,P,Sayur-Sayuran,kacang panjang 1 kg,Jawa Timur,Surabaya,3686230
01-09-2022,PHI Mini Market - Surabaya 01,Galang Setiawan,P,Sayur-Sayuran,kentang 1 kg,Jawa Timur,Surabaya,2451620
01-09-2022,PHI Mini Market - Surabaya 01,Galang Setiawan,P,Sayur-Sayuran,ketimun 1 kg,Jawa Timur,Surabaya,1377770
01-09-2022,PHI Mini Market - Surabaya 01,Galang Setiawan,P,Sayur-Sayuran,kobis 1 kg,Jawa Timur,Surabaya,305700
01-09-2022,PHI Mini Market - Surabaya 01,Galang Setiawan,P,Sayur-Sayuran,tomat 1 kg,Jawa Timur,Surabaya,1502470
01-09-2022,PHI Mini Market - Surabaya 01,Galang Setiawan,P,Sayur-Sayuran,ubi jalar 1 kg,Jawa Timur,Surabaya,407810
01-09-2022,PHI Mini Market - Surabaya 01,Galang Setiawan,P,Sayur-Sayuran,ubi kayu basah 1 kg,Jawa Timur,Surabaya,372990
01-09-2022,PHI Mini Market - Surabaya 01,Galang Setiawan,P,Sayur-Sayuran,wortel 1 kg,Jawa Timur,Surabaya,972190
01-09-2022,PHI Mini Market - Surabaya 01,Harum Selangit,W,Buah,alpukat 1 kg,Jawa Timur,Surabaya,1791370
01-09-2022,PHI Mini Market - Surabaya 01,Harum Selangit,W,Buah,apel 1 kg,Jawa Timur,Surabaya,10796670
01-09-2022,PHI Mini Market - Surabaya 01,Harum Selangit,W,Buah,belimbing 1 kg,Jawa Timur,Surabaya,2063290
01-09-2022,PHI Mini Market - Surabaya 01,Harum Selangit,W,Buah,durian 1 kg,Jawa Timur,Surabaya,6668100
01-09-2022,PHI Mini Market - Surabaya 01,Harum Selangit,W,Buah,jeruk 1 kg,Jawa Timur,Surabaya,3408680
01-09-2022,PHI Mini Market - Surabaya 01,Harum Selangit,W,Buah,kelapa muda,Jawa Timur,Surabaya,1462830
01-09-2022,PHI Mini Market - Surabaya 01,Harum Selangit,W,Buah,mangga 1 kg,Jawa Timur,Surabaya,4301810
01-09-2022,PHI Mini Market - Surabaya 01,Harum Selangit,W,Makanan & Minuman,air mineral 600 ml,Jawa Timur,Surabaya,457120
01-09-2022,PHI Mini Market - Surabaya 01,Harum Selangit,W,Makanan & Minuman,bumbu fried chicken,Jawa Timur,Surabaya,5272770
01-09-2022,PHI Mini Market - Surabaya 01,Harum Selangit,W,Makanan & Minuman,jus kesehatan 600 ml,Jawa Timur,Surabaya,2702410
01-09-2022,PHI Mini Market - Surabaya 01,Harum Selangit,W,Makanan & Minuman,kacang goreng 1 kg,Jawa Timur,Surabaya,4084310
01-09-2022,PHI Mini Market - Surabaya 01,Harum Selangit,W,Makanan & Minuman,kacang mete 1 kg,Jawa Timur,Surabaya,28842210
01-09-2022,PHI Mini Market - Surabaya 01,Harum Selangit,W,Makanan & Minuman,markisa 600 ml,Jawa Timur,Surabaya,5015520
01-09-2022,PHI Mini Market - Surabaya 01,Harum Selangit,W,Makanan & Minuman,mie instant 1 kotak (40 bungkus),Jawa Timur,Surabaya,17533080
01-09-2022,PHI Mini Market - Surabaya 01,Harum Selangit,W,Makanan & Minuman,minuman probiotik,Jawa Timur,Surabaya,258430
01-09-2022,PHI Mini Market - Surabaya 01,Harum Selangit,W,Makanan & Minuman,nasi goreng instant (1 ons),Jawa Timur,Surabaya,2480800
01-09-2022,PHI Mini Market - Surabaya 01,Harum Selangit,W,Makanan & Minuman,snack gurih 1 ons,Jawa Timur,Surabaya,714480
01-09-2022,PHI Mini Market - Surabaya 01,Harum Selangit,W,Makanan & Minuman,susu kotak (800 ml),Jawa Timur,Surabaya,3567800
01-09-2022,PHI Mini Market - Surabaya 01,Harum Selangit,W,Makanan & Minuman,susu kotak 1 l,Jawa Timur,Surabaya,3024970
01-09-2022,PHI Mini Market - Surabaya 01,Harum Selangit,W,Makanan & Minuman,telur ayam kampung 1 kg,Jawa Timur,Surabaya,7922040
01-09-2022,PHI Mini Market - Surabaya 01,Harum Selangit,W,Makanan & Minuman,telur ayam ras 1 kg,Jawa Timur,Surabaya,4105150
01-09-2022,PHI Mini Market - Surabaya 01,Harum Selangit,W,Sayur-Sayuran,bawang merah 1 kg,Jawa Timur,Surabaya,4334610
01-09-2022,PHI Mini Market - Surabaya 01,Harum Selangit,W,Sayur-Sayuran,bawang putih 1 kg,Jawa Timur,Surabaya,837940
01-09-2022,PHI Mini Market - Surabaya 01,Harum Selangit,W,Sayur-Sayuran,buncis 1 kg,Jawa Timur,Surabaya,2377680
01-09-2022,PHI Mini Market - Surabaya 01,Harum Selangit,W,Sayur-Sayuran,kacang hijau 1 kg,Jawa Timur,Surabaya,2275180
01-09-2022,PHI Mini Market - Surabaya 01,Harum Selangit,W,Sayur-Sayuran,kacang panjang 1 kg,Jawa Timur,Surabaya,2492450
01-09-2022,PHI Mini Market - Surabaya 01,Harum Selangit,W,Sayur-Sayuran,kentang 1 kg,Jawa Timur,Surabaya,2555270
01-09-2022,PHI Mini Market - Surabaya 01,Harum Selangit,W,Sayur-Sayuran,ketimun 1 kg,Jawa Timur,Surabaya,1946170
01-09-2022,PHI Mini Market - Surabaya 01,Harum Selangit,W,Sayur-Sayuran,kobis 1 kg,Jawa Timur,Surabaya,309330
01-09-2022,PHI Mini Market - Surabaya 01,Harum Selangit,W,Sayur-Sayuran,tomat 1 kg,Jawa Timur,Surabaya,1627110
01-09-2022,PHI Mini Market - Surabaya 01,Harum Selangit,W,Sayur-Sayuran,ubi jalar 1 kg,Jawa Timur,Surabaya,414120
01-09-2022,PHI Mini Market - Surabaya 01,Harum Selangit,W,Sayur-Sayuran,ubi kayu basah 1 kg,Jawa Timur,Surabaya,241980
01-09-2022,PHI Mini Market - Surabaya 01,Harum Selangit,W,Sayur-Sayuran,wortel 1 kg,Jawa Timur,Surabaya,1014440
01-09-2022,PHI Mini Market - Surabaya 01,Mariani Damai,W,Buah,alpukat 1 kg,Jawa Timur,Surabaya,1981840
01-09-2022,PHI Mini Market - Surabaya 01,Mariani Damai,W,Buah,apel 1 kg,Jawa Timur,Surabaya,20032000
01-09-2022,PHI Mini Market - Surabaya 01,Mariani Damai,W,Buah,belimbing 1 kg,Jawa Timur,Surabaya,1353110
01-09-2022,PHI Mini Market - Surabaya 01,Mariani Damai,W,Buah,durian 1 kg,Jawa Timur,Surabaya,6800560
01-09-2022,PHI Mini Market - Surabaya 01,Mariani Damai,W,Buah,jeruk 1 kg,Jawa Timur,Surabaya,3931360
01-09-2022,PHI Mini Market - Surabaya 01,Mariani Damai,W,Buah,kelapa muda,Jawa Timur,Surabaya,1945630
01-09-2022,PHI Mini Market - Surabaya 01,Mariani Damai,W,Makanan & Minuman,air mineral 600 ml,Jawa Timur,Surabaya,387480
01-09-2022,PHI Mini Market - Surabaya 01,Mariani Damai,W,Makanan & Minuman,bumbu fried chicken,Jawa Timur,Surabaya,4734120
01-09-2022,PHI Mini Market - Surabaya 01,Mariani Damai,W,Makanan & Minuman,jus kesehatan 600 ml,Jawa Timur,Surabaya,2692070
01-09-2022,PHI Mini Market - Surabaya 01,Mariani Damai,W,Makanan & Minuman,kacang goreng 1 kg,Jawa Timur,Surabaya,4256800
01-09-2022,PHI Mini Market - Surabaya 01,Mariani Damai,W,Makanan & Minuman,kacang mete 1 kg,Jawa Timur,Surabaya,24063720
01-09-2022,PHI Mini Market - Surabaya 01,Mariani Damai,W,Makanan & Minuman,markisa 600 ml,Jawa Timur,Surabaya,4863100
01-09-2022,PHI Mini Market - Surabaya 01,Mariani Damai,W,Makanan & Minuman,mie instant 1 kotak (40 bungkus),Jawa Timur,Surabaya,35561430
01-09-2022,PHI Mini Market - Surabaya 01,Mariani Damai,W,Makanan & Minuman,minuman probiotik,Jawa Timur,Surabaya,300650
01-09-2022,PHI Mini Market - Surabaya 01,Mariani Damai,W,Makanan & Minuman,nasi goreng instant (1 ons),Jawa Timur,Surabaya,2079220
01-09-2022,PHI Mini Market - Surabaya 01,Mariani Damai,W,Makanan & Minuman,snack gurih 1 ons,Jawa Timur,Surabaya,2369460
01-09-2022,PHI Mini Market - Surabaya 01,Mariani Damai,W,Makanan & Minuman,susu kotak (800 ml),Jawa Timur,Surabaya,3612370
01-09-2022,PHI Mini Market - Surabaya 01,Mariani Damai,W,Makanan & Minuman,susu kotak 1 l,Jawa Timur,Surabaya,4042430
01-09-2022,PHI Mini Market - Surabaya 01,Mariani Damai,W,Makanan & Minuman,telur ayam kampung 1 kg,Jawa Timur,Surabaya,5924680
01-09-2022,PHI Mini Market - Surabaya 01,Mariani Damai,W,Makanan & Minuman,telur ayam ras 1 kg,Jawa Timur,Surabaya,4033920
01-09-2022,PHI Mini Market - Surabaya 01,Mariani Damai,W,Sayur-Sayuran,bawang merah 1 kg,Jawa Timur,Surabaya,2990360
01-09-2022,PHI Mini Market - Surabaya 01,Mariani Damai,W,Sayur-Sayuran,bawang putih 1 kg,Jawa Timur,Surabaya,1491970
01-09-2022,PHI Mini Market - Surabaya 01,Mariani Damai,W,Sayur-Sayuran,buncis 1 kg,Jawa Timur,Surabaya,1639110
01-09-2022,PHI Mini Market - Surabaya 01,Mariani Damai,W,Sayur-Sayuran,kacang hijau 1 kg,Jawa Timur,Surabaya,2598140
01-09-2022,PHI Mini Market - Surabaya 01,Mariani Damai,W,Sayur-Sayuran,kacang panjang 1 kg,Jawa Timur,Surabaya,3165270
01-09-2022,PHI Mini Market - Surabaya 01,Mariani Damai,W,Sayur-Sayuran,kentang 1 kg,Jawa Timur,Surabaya,2354170
01-09-2022,PHI Mini Market - Surabaya 01,Mariani Damai,W,Sayur-Sayuran,ketimun 1 kg,Jawa Timur,Surabaya,1596850
01-09-2022,PHI Mini Market - Surabaya 01,Mariani Damai,W,Sayur-Sayuran,kobis 1 kg,Jawa Timur,Surabaya,315470
01-09-2022,PHI Mini Market - Surabaya 01,Mariani Damai,W,Sayur-Sayuran,tomat 1 kg,Jawa Timur,Surabaya,1179830
01-09-2022,PHI Mini Market - Surabaya 01,Mariani Damai,W,Sayur-Sayuran,ubi jalar 1 kg,Jawa Timur,Surabaya,386420
01-09-2022,PHI Mini Market - Surabaya 01,Mariani Damai,W,Sayur-Sayuran,ubi kayu basah 1 kg,Jawa Timur,Surabaya,253490
01-09-2022,PHI Mini Market - Surabaya 01,Mariani Damai,W,Sayur-Sayuran,wortel 1 kg,Jawa Timur,Surabaya,1212710
01-09-2022,PHI Mini Market - Surabaya 01,Mulia Setiawan,P,Buah,alpukat 1 kg,Jawa Timur,Surabaya,1902660
01-09-2022,PHI Mini Market - Surabaya 01,Mulia Setiawan,P,Buah,apel 1 kg,Jawa Timur,Surabaya,19998830
01-09-2022,PHI Mini Market - Surabaya 01,Mulia Setiawan,P,Buah,belimbing 1 kg,Jawa Timur,Surabaya,1190800
01-09-2022,PHI Mini Market - Surabaya 01,Mulia Setiawan,P,Buah,durian 1 kg,Jawa Timur,Surabaya,6495430
01-09-2022,PHI Mini Market - Surabaya 01,Mulia Setiawan,P,Buah,jeruk 1 kg,Jawa Timur,Surabaya,3638880
01-09-2022,PHI Mini Market - Surabaya 01,Mulia Setiawan,P,Buah,kelapa muda,Jawa Timur,Surabaya,1988130
01-09-2022,PHI Mini Market - Surabaya 01,Mulia Setiawan,P,Buah,mangga 1 kg,Jawa Timur,Surabaya,5186450
01-09-2022,PHI Mini Market - Surabaya 01,Mulia Setiawan,P,Makanan & Minuman,air mineral 600 ml,Jawa Timur,Surabaya,342070
01-09-2022,PHI Mini Market - Surabaya 01,Mulia Setiawan,P,Makanan & Minuman,bumbu fried chicken,Jawa Timur,Surabaya,5598240
01-09-2022,PHI Mini Market - Surabaya 01,Mulia Setiawan,P,Makanan & Minuman,jus kesehatan 600 ml,Jawa Timur,Surabaya,2128170
01-09-2022,PHI Mini Market - Surabaya 01,Mulia Setiawan,P,Makanan & Minuman,kacang goreng 1 kg,Jawa Timur,Surabaya,3076700
01-09-2022,PHI Mini Market - Surabaya 01,Mulia Setiawan,P,Makanan & Minuman,kacang mete 1 kg,Jawa Timur,Surabaya,24088530
01-09-2022,PHI Mini Market - Surabaya 01,Mulia Setiawan,P,Makanan & Minuman,markisa 600 ml,Jawa Timur,Surabaya,4137150
01-09-2022,PHI Mini Market - Surabaya 01,Mulia Setiawan,P,Makanan & Minuman,mie instant 1 kotak (40 bungkus),Jawa Timur,Surabaya,44630890
01-09-2022,PHI Mini Market - Surabaya 01,Mulia Setiawan,P,Makanan & Minuman,minuman probiotik,Jawa Timur,Surabaya,315520
01-09-2022,PHI Mini Market - Surabaya 01,Mulia Setiawan,P,Makanan & Minuman,nasi goreng instant (1 ons),Jawa Timur,Surabaya,2223120
01-09-2022,PHI Mini Market - Surabaya 01,Mulia Setiawan,P,Makanan & Minuman,snack gurih 1 ons,Jawa Timur,Surabaya,1676040
01-09-2022,PHI Mini Market - Surabaya 01,Mulia Setiawan,P,Makanan & Minuman,susu kotak (800 ml),Jawa Timur,Surabaya,5699940
01-09-2022,PHI Mini Market - Surabaya 01,Mulia Setiawan,P,Makanan & Minuman,susu kotak 1 l,Jawa Timur,Surabaya,2285840
01-09-2022,PHI Mini Market - Surabaya 01,Mulia Setiawan,P,Makanan & Minuman,telur ayam kampung 1 kg,Jawa Timur,Surabaya,7503920
01-09-2022,PHI Mini Market - Surabaya 01,Mulia Setiawan,P,Makanan & Minuman,telur ayam ras 1 kg,Jawa Timur,Surabaya,4427810
01-09-2022,PHI Mini Market - Surabaya 01,Mulia Setiawan,P,Sayur-Sayuran,bawang merah 1 kg,Jawa Timur,Surabaya,5259780
01-09-2022,PHI Mini Market - Surabaya 01,Mulia Setiawan,P,Sayur-Sayuran,bawang putih 1 kg,Jawa Timur,Surabaya,1356700
01-09-2022,PHI Mini Market - Surabaya 01,Mulia Setiawan,P,Sayur-Sayuran,buncis 1 kg,Jawa Timur,Surabaya,2168920
01-09-2022,PHI Mini Market - Surabaya 01,Mulia Setiawan,P,Sayur-Sayuran,kacang hijau 1 kg,Jawa Timur,Surabaya,2780460
01-09-2022,PHI Mini Market - Surabaya 01,Mulia Setiawan,P,Sayur-Sayuran,kacang panjang 1 kg,Jawa Timur,Surabaya,3965750
01-09-2022,PHI Mini Market - Surabaya 01,Mulia Setiawan,P,Sayur-Sayuran,kentang 1 kg,Jawa Timur,Surabaya,2129530
01-09-2022,PHI Mini Market - Surabaya 01,Mulia Setiawan,P,Sayur-Sayuran,ketimun 1 kg,Jawa Timur,Surabaya,1039360
01-09-2022,PHI Mini Market - Surabaya 01,Mulia Setiawan,P,Sayur-Sayuran,kobis 1 kg,Jawa Timur,Surabaya,329200
01-09-2022,PHI Mini Market - Surabaya 01,Mulia Setiawan,P,Sayur-Sayuran,tomat 1 kg,Jawa Timur,Surabaya,1537900
01-09-2022,PHI Mini Market - Surabaya 01,Mulia Setiawan,P,Sayur-Sayuran,ubi jalar 1 kg,Jawa Timur,Surabaya,319100
01-09-2022,PHI Mini Market - Surabaya 01,Mulia Setiawan,P,Sayur-Sayuran,ubi kayu basah 1 kg,Jawa Timur,Surabaya,407400
01-09-2022,PHI Mini Market - Surabaya 01,Mulia Setiawan,P,Sayur-Sayuran,wortel 1 kg,Jawa Timur,Surabaya,978450
01-09-2022,PHI Mini Market - Surabaya 01,Mulyo Damai,P,Buah,alpukat 1 kg,Jawa Timur,Surabaya,2287730
01-09-2022,PHI Mini Market - Surabaya 01,Mulyo Damai,P,Buah,apel 1 kg,Jawa Timur,Surabaya,14526700
01-09-2022,PHI Mini Market - Surabaya 01,Mulyo Damai,P,Buah,belimbing 1 kg,Jawa Timur,Surabaya,1183990
01-09-2022,PHI Mini Market - Surabaya 01,Mulyo Damai,P,Buah,durian 1 kg,Jawa Timur,Surabaya,5569690
01-09-2022,PHI Mini Market - Surabaya 01,Mulyo Damai,P,Buah,jeruk 1 kg,Jawa Timur,Surabaya,3292560
01-09-2022,PHI Mini Market - Surabaya 01,Mulyo Damai,P,Buah,kelapa muda,Jawa Timur,Surabaya,1288020
01-09-2022,PHI Mini Market - Surabaya 01,Mulyo Damai,P,Makanan & Minuman,air mineral 600 ml,Jawa Timur,Surabaya,327930
01-09-2022,PHI Mini Market - Surabaya 01,Mulyo Damai,P,Makanan & Minuman,bumbu fried chicken,Jawa Timur,Surabaya,6605700
01-09-2022,PHI Mini Market - Surabaya 01,Mulyo Damai,P,Makanan & Minuman,jus kesehatan 600 ml,Jawa Timur,Surabaya,2901340
01-09-2022,PHI Mini Market - Surabaya 01,Mulyo Damai,P,Makanan & Minuman,kacang goreng 1 kg,Jawa Timur,Surabaya,4408840
01-09-2022,PHI Mini Market - Surabaya 01,Mulyo Damai,P,Makanan & Minuman,kacang mete 1 kg,Jawa Timur,Surabaya,20095490
01-09-2022,PHI Mini Market - Surabaya 01,Mulyo Damai,P,Makanan & Minuman,markisa 600 ml,Jawa Timur,Surabaya,5237700
01-09-2022,PHI Mini Market - Surabaya 01,Mulyo Damai,P,Makanan & Minuman,mie instant 1 kotak (40 bungkus),Jawa Timur,Surabaya,45620350
01-09-2022,PHI Mini Market - Surabaya 01,Mulyo Damai,P,Makanan & Minuman,minuman probiotik,Jawa Timur,Surabaya,240860
01-09-2022,PHI Mini Market - Surabaya 01,Mulyo Damai,P,Makanan & Minuman,nasi goreng instant (1 ons),Jawa Timur,Surabaya,1870240
01-09-2022,PHI Mini Market - Surabaya 01,Mulyo Damai,P,Makanan & Minuman,snack gurih 1 ons,Jawa Timur,Surabaya,1381310
01-09-2022,PHI Mini Market - Surabaya 01,Mulyo Damai,P,Makanan & Minuman,susu kotak (800 ml),Jawa Timur,Surabaya,5220200
01-09-2022,PHI Mini Market - Surabaya 01,Mulyo Damai,P,Makanan & Minuman,susu kotak 1 l,Jawa Timur,Surabaya,2529740
01-09-2022,PHI Mini Market - Surabaya 01,Mulyo Damai,P,Makanan & Minuman,telur ayam kampung 1 kg,Jawa Timur,Surabaya,7166920
01-09-2022,PHI Mini Market - Surabaya 01,Mulyo Damai,P,Makanan & Minuman,telur ayam ras 1 kg,Jawa Timur,Surabaya,4443760
01-09-2022,PHI Mini Market - Surabaya 01,Mulyo Damai,P,Sayur-Sayuran,bawang merah 1 kg,Jawa Timur,Surabaya,3107810
01-09-2022,PHI Mini Market - Surabaya 01,Mulyo Damai,P,Sayur-Sayuran,bawang putih 1 kg,Jawa Timur,Surabaya,1442810
01-09-2022,PHI Mini Market - Surabaya 01,Mulyo Damai,P,Sayur-Sayuran,buncis 1 kg,Jawa Timur,Surabaya,1163140
01-09-2022,PHI Mini Market - Surabaya 01,Mulyo Damai,P,Sayur-Sayuran,kacang hijau 1 kg,Jawa Timur,Surabaya,2385630
01-09-2022,PHI Mini Market - Surabaya 01,Mulyo Damai,P,Sayur-Sayuran,kacang panjang 1 kg,Jawa Timur,Surabaya,2981380
01-09-2022,PHI Mini Market - Surabaya 01,Mulyo Damai,P,Sayur-Sayuran,kentang 1 kg,Jawa Timur,Surabaya,1907940
01-09-2022,PHI Mini Market - Surabaya 01,Mulyo Damai,P,Sayur-Sayuran,ketimun 1 kg,Jawa Timur,Surabaya,1601990
01-09-2022,PHI Mini Market - Surabaya 01,Mulyo Damai,P,Sayur-Sayuran,kobis 1 kg,Jawa Timur,Surabaya,412400
01-09-2022,PHI Mini Market - Surabaya 01,Mulyo Damai,P,Sayur-Sayuran,tomat 1 kg,Jawa Timur,Surabaya,1110350
01-09-2022,PHI Mini Market - Surabaya 01,Mulyo Damai,P,Sayur-Sayuran,ubi jalar 1 kg,Jawa Timur,Surabaya,370940
01-09-2022,PHI Mini Market - Surabaya 01,Mulyo Damai,P,Sayur-Sayuran,ubi kayu basah 1 kg,Jawa Timur,Surabaya,431680
01-09-2022,PHI Mini Market - Surabaya 01,Mulyo Damai,P,Sayur-Sayuran,wortel 1 kg,Jawa Timur,Surabaya,1073340
01-09-2022,PHI Mini Market - Surabaya 01,Natali Menawan,W,Buah,alpukat 1 kg,Jawa Timur,Surabaya,5731970
01-09-2022,PHI Mini Market - Surabaya 01,Natali Menawan,W,Buah,apel 1 kg,Jawa Timur,Surabaya,29404500
01-09-2022,PHI Mini Market - Surabaya 01,Natali Menawan,W,Buah,belimbing 1 kg,Jawa Timur,Surabaya,2001130
01-09-2022,PHI Mini Market - Surabaya 01,Natali Menawan,W,Buah,durian 1 kg,Jawa Timur,Surabaya,10616370
01-09-2022,PHI Mini Market - Surabaya 01,Natali Menawan,W,Buah,jeruk 1 kg,Jawa Timur,Surabaya,7178480
01-09-2022,PHI Mini Market - Surabaya 01,Natali Menawan,W,Buah,kelapa muda,Jawa Timur,Surabaya,2923600
01-09-2022,PHI Mini Market - Surabaya 01,Natali Menawan,W,Buah,mangga 1 kg,Jawa Timur,Surabaya,8270090
01-09-2022,PHI Mini Market - Surabaya 01,Natali Menawan,W,Makanan & Minuman,air mineral 600 ml,Jawa Timur,Surabaya,929740
01-09-2022,PHI Mini Market - Surabaya 01,Natali Menawan,W,Makanan & Minuman,bumbu fried chicken,Jawa Timur,Surabaya,11805210
01-09-2022,PHI Mini Market - Surabaya 01,Natali Menawan,W,Makanan & Minuman,jus kesehatan 600 ml,Jawa Timur,Surabaya,4775000
01-09-2022,PHI Mini Market - Surabaya 01,Natali Menawan,W,Makanan & Minuman,kacang goreng 1 kg,Jawa Timur,Surabaya,7662900
01-09-2022,PHI Mini Market - Surabaya 01,Natali Menawan,W,Makanan & Minuman,kacang mete 1 kg,Jawa Timur,Surabaya,50351130
01-09-2022,PHI Mini Market - Surabaya 01,Natali Menawan,W,Makanan & Minuman,markisa 600 ml,Jawa Timur,Surabaya,10179020
01-09-2022,PHI Mini Market - Surabaya 01,Natali Menawan,W,Makanan & Minuman,mie instant 1 kotak (40 bungkus),Jawa Timur,Surabaya,68980300
01-09-2022,PHI Mini Market - Surabaya 01,Natali Menawan,W,Makanan & Minuman,minuman probiotik,Jawa Timur,Surabaya,409890
01-09-2022,PHI Mini Market - Surabaya 01,Natali Menawan,W,Makanan & Minuman,nasi goreng instant (1 ons),Jawa Timur,Surabaya,4025980
01-09-2022,PHI Mini Market - Surabaya 01,Natali Menawan,W,Makanan & Minuman,snack gurih 1 ons,Jawa Timur,Surabaya,3218070
01-09-2022,PHI Mini Market - Surabaya 01,Natali Menawan,W,Makanan & Minuman,susu kotak (800 ml),Jawa Timur,Surabaya,6632790
01-09-2022,PHI Mini Market - Surabaya 01,Natali Menawan,W,Makanan & Minuman,susu kotak 1 l,Jawa Timur,Surabaya,7943090
01-09-2022,PHI Mini Market - Surabaya 01,Natali Menawan,W,Makanan & Minuman,telur ayam kampung 1 kg,Jawa Timur,Surabaya,12249360
01-09-2022,PHI Mini Market - Surabaya 01,Natali Menawan,W,Makanan & Minuman,telur ayam ras 1 kg,Jawa Timur,Surabaya,5339790
01-09-2022,PHI Mini Market - Surabaya 01,Natali Menawan,W,Sayur-Sayuran,bawang merah 1 kg,Jawa Timur,Surabaya,9664470
01-09-2022,PHI Mini Market - Surabaya 01,Natali Menawan,W,Sayur-Sayuran,bawang putih 1 kg,Jawa Timur,Surabaya,2049000
01-09-2022,PHI Mini Market - Surabaya 01,Natali Menawan,W,Sayur-Sayuran,buncis 1 kg,Jawa Timur,Surabaya,3656900
01-09-2022,PHI Mini Market - Surabaya 01,Natali Menawan,W,Sayur-Sayuran,kacang hijau 1 kg,Jawa Timur,Surabaya,2765750
01-09-2022,PHI Mini Market - Surabaya 01,Natali Menawan,W,Sayur-Sayuran,kacang panjang 1 kg,Jawa Timur,Surabaya,4564290
01-09-2022,PHI Mini Market - Surabaya 01,Natali Menawan,W,Sayur-Sayuran,kentang 1 kg,Jawa Timur,Surabaya,3982230
01-09-2022,PHI Mini Market - Surabaya 01,Natali Menawan,W,Sayur-Sayuran,ketimun 1 kg,Jawa Timur,Surabaya,2663650
01-09-2022,PHI Mini Market - Surabaya 01,Natali Menawan,W,Sayur-Sayuran,kobis 1 kg,Jawa Timur,Surabaya,664810
01-09-2022,PHI Mini Market - Surabaya 01,Natali Menawan,W,Sayur-Sayuran,tomat 1 kg,Jawa Timur,Surabaya,3598370
01-09-2022,PHI Mini Market - Surabaya 01,Natali Menawan,W,Sayur-Sayuran,ubi jalar 1 kg,Jawa Timur,Surabaya,765720
01-09-2022,PHI Mini Market - Surabaya 01,Natali Menawan,W,Sayur-Sayuran,ubi kayu basah 1 kg,Jawa Timur,Surabaya,708180
01-09-2022,PHI Mini Market - Surabaya 01,Natali Menawan,W,Sayur-Sayuran,wortel 1 kg,Jawa Timur,Surabaya,1705350
01-10-2022,PHI Mini Market - Jakarta Pusat 01,Agung Alexander,P,Buah,alpukat 1 kg,DKI Jakarta,Jakarta Pusat,1706090
01-10-2022,PHI Mini Market - Jakarta Pusat 01,Agung Alexander,P,Buah,apel 1 kg,DKI Jakarta,Jakarta Pusat,23582470
01-10-2022,PHI Mini Market - Jakarta Pusat 01,Agung Alexander,P,Buah,belimbing 1 kg,DKI Jakarta,Jakarta Pusat,1393910
01-10-2022,PHI Mini Market - Jakarta Pusat 01,Agung Alexander,P,Buah,durian 1 kg,DKI Jakarta,Jakarta Pusat,5510520
01-10-2022,PHI Mini Market - Jakarta Pusat 01,Agung Alexander,P,Buah,jeruk 1 kg,DKI Jakarta,Jakarta Pusat,3357480
01-10-2022,PHI Mini Market - Jakarta Pusat 01,Agung Alexander,P,Buah,kelapa muda,DKI Jakarta,Jakarta Pusat,1199000
01-10-2022,PHI Mini Market - Jakarta Pusat 01,Agung Alexander,P,Makanan & Minuman,air mineral 600 ml,DKI Jakarta,Jakarta Pusat,452660
01-10-2022,PHI Mini Market - Jakarta Pusat 01,Agung Alexander,P,Makanan & Minuman,bumbu fried chicken,DKI Jakarta,Jakarta Pusat,2835120
01-10-2022,PHI Mini Market - Jakarta Pusat 01,Agung Alexander,P,Makanan & Minuman,jus kesehatan 600 ml,DKI Jakarta,Jakarta Pusat,3785090
01-10-2022,PHI Mini Market - Jakarta Pusat 01,Agung Alexander,P,Makanan & Minuman,kacang goreng 1 kg,DKI Jakarta,Jakarta Pusat,4524260
01-10-2022,PHI Mini Market - Jakarta Pusat 01,Agung Alexander,P,Makanan & Minuman,kacang mete 1 kg,DKI Jakarta,Jakarta Pusat,23101970
01-10-2022,PHI Mini Market - Jakarta Pusat 01,Agung Alexander,P,Makanan & Minuman,markisa 600 ml,DKI Jakarta,Jakarta Pusat,3330620
01-10-2022,PHI Mini Market - Jakarta Pusat 01,Agung Alexander,P,Makanan & Minuman,mie instant 1 kotak (40 bungkus),DKI Jakarta,Jakarta Pusat,28609660
01-10-2022,PHI Mini Market - Jakarta Pusat 01,Agung Alexander,P,Makanan & Minuman,minuman probiotik,DKI Jakarta,Jakarta Pusat,365680
01-10-2022,PHI Mini Market - Jakarta Pusat 01,Agung Alexander,P,Makanan & Minuman,nasi goreng instant (1 ons),DKI Jakarta,Jakarta Pusat,2559680
01-10-2022,PHI Mini Market - Jakarta Pusat 01,Agung Alexander,P,Makanan & Minuman,snack gurih 1 ons,DKI Jakarta,Jakarta Pusat,1485280
01-10-2022,PHI Mini Market - Jakarta Pusat 01,Agung Alexander,P,Makanan & Minuman,susu kotak (800 ml),DKI Jakarta,Jakarta Pusat,5607850
01-10-2022,PHI Mini Market - Jakarta Pusat 01,Agung Alexander,P,Makanan & Minuman,susu kotak 1 l,DKI Jakarta,Jakarta Pusat,3057030
01-10-2022,PHI Mini Market - Jakarta Pusat 01,Agung Alexander,P,Makanan & Minuman,telur ayam kampung 1 kg,DKI Jakarta,Jakarta Pusat,6110150
01-10-2022,PHI Mini Market - Jakarta Pusat 01,Agung Alexander,P,Makanan & Minuman,telur ayam ras 1 kg,DKI Jakarta,Jakarta Pusat,4179320
01-10-2022,PHI Mini Market - Jakarta Pusat 01,Agung Alexander,P,Sayur-Sayuran,bawang merah 1 kg,DKI Jakarta,Jakarta Pusat,3168720
01-10-2022,PHI Mini Market - Jakarta Pusat 01,Agung Alexander,P,Sayur-Sayuran,bawang putih 1 kg,DKI Jakarta,Jakarta Pusat,1249780
01-10-2022,PHI Mini Market - Jakarta Pusat 01,Agung Alexander,P,Sayur-Sayuran,buncis 1 kg,DKI Jakarta,Jakarta Pusat,2321860
01-10-2022,PHI Mini Market - Jakarta Pusat 01,Agung Alexander,P,Sayur-Sayuran,kacang hijau 1 kg,DKI Jakarta,Jakarta Pusat,3438190
01-10-2022,PHI Mini Market - Jakarta Pusat 01,Agung Alexander,P,Sayur-Sayuran,kacang panjang 1 kg,DKI Jakarta,Jakarta Pusat,1845440
01-10-2022,PHI Mini Market - Jakarta Pusat 01,Agung Alexander,P,Sayur-Sayuran,kentang 1 kg,DKI Jakarta,Jakarta Pusat,2907160
01-10-2022,PHI Mini Market - Jakarta Pusat 01,Agung Alexander,P,Sayur-Sayuran,ketimun 1 kg,DKI Jakarta,Jakarta Pusat,1575970
01-10-2022,PHI Mini Market - Jakarta Pusat 01,Agung Alexander,P,Sayur-Sayuran,kobis 1 kg,DKI Jakarta,Jakarta Pusat,227740
01-10-2022,PHI Mini Market - Jakarta Pusat 01,Agung Alexander,P,Sayur-Sayuran,tomat 1 kg,DKI Jakarta,Jakarta Pusat,994930
01-10-2022,PHI Mini Market - Jakarta Pusat 01,Agung Alexander,P,Sayur-Sayuran,ubi jalar 1 kg,DKI Jakarta,Jakarta Pusat,423790
01-10-2022,PHI Mini Market - Jakarta Pusat 01,Agung Alexander,P,Sayur-Sayuran,ubi kayu basah 1 kg,DKI Jakarta,Jakarta Pusat,350930
01-10-2022,PHI Mini Market - Jakarta Pusat 01,Agung Alexander,P,Sayur-Sayuran,wortel 1 kg,DKI Jakarta,Jakarta Pusat,1110020
01-10-2022,PHI Mini Market - Jakarta Pusat 01,Budiwati Ramah,W,Buah,alpukat 1 kg,DKI Jakarta,Jakarta Pusat,1865060
01-10-2022,PHI Mini Market - Jakarta Pusat 01,Budiwati Ramah,W,Buah,apel 1 kg,DKI Jakarta,Jakarta Pusat,22135390
01-10-2022,PHI Mini Market - Jakarta Pusat 01,Budiwati Ramah,W,Buah,belimbing 1 kg,DKI Jakarta,Jakarta Pusat,1216780
01-10-2022,PHI Mini Market - Jakarta Pusat 01,Budiwati Ramah,W,Buah,durian 1 kg,DKI Jakarta,Jakarta Pusat,6075600
01-10-2022,PHI Mini Market - Jakarta Pusat 01,Budiwati Ramah,W,Buah,jeruk 1 kg,DKI Jakarta,Jakarta Pusat,4082090
01-10-2022,PHI Mini Market - Jakarta Pusat 01,Budiwati Ramah,W,Buah,kelapa muda,DKI Jakarta,Jakarta Pusat,2179250
01-10-2022,PHI Mini Market - Jakarta Pusat 01,Budiwati Ramah,W,Buah,mangga 1 kg,DKI Jakarta,Jakarta Pusat,5122530
01-10-2022,PHI Mini Market - Jakarta Pusat 01,Budiwati Ramah,W,Makanan & Minuman,air mineral 600 ml,DKI Jakarta,Jakarta Pusat,366540
01-10-2022,PHI Mini Market - Jakarta Pusat 01,Budiwati Ramah,W,Makanan & Minuman,bumbu fried chicken,DKI Jakarta,Jakarta Pusat,5094980
01-10-2022,PHI Mini Market - Jakarta Pusat 01,Budiwati Ramah,W,Makanan & Minuman,jus kesehatan 600 ml,DKI Jakarta,Jakarta Pusat,4176570
01-10-2022,PHI Mini Market - Jakarta Pusat 01,Budiwati Ramah,W,Makanan & Minuman,kacang goreng 1 kg,DKI Jakarta,Jakarta Pusat,5274510
01-10-2022,PHI Mini Market - Jakarta Pusat 01,Budiwati Ramah,W,Makanan & Minuman,kacang mete 1 kg,DKI Jakarta,Jakarta Pusat,32859030
01-10-2022,PHI Mini Market - Jakarta Pusat 01,Budiwati Ramah,W,Makanan & Minuman,markisa 600 ml,DKI Jakarta,Jakarta Pusat,4871680
01-10-2022,PHI Mini Market - Jakarta Pusat 01,Budiwati Ramah,W,Makanan & Minuman,mie instant 1 kotak (40 bungkus),DKI Jakarta,Jakarta Pusat,40659490
01-10-2022,PHI Mini Market - Jakarta Pusat 01,Budiwati Ramah,W,Makanan & Minuman,minuman probiotik,DKI Jakarta,Jakarta Pusat,321450
01-10-2022,PHI Mini Market - Jakarta Pusat 01,Budiwati Ramah,W,Makanan & Minuman,nasi goreng instant (1 ons),DKI Jakarta,Jakarta Pusat,2301460
01-10-2022,PHI Mini Market - Jakarta Pusat 01,Budiwati Ramah,W,Makanan & Minuman,snack gurih 1 ons,DKI Jakarta,Jakarta Pusat,1881280
01-10-2022,PHI Mini Market - Jakarta Pusat 01,Budiwati Ramah,W,Makanan & Minuman,susu kotak (800 ml),DKI Jakarta,Jakarta Pusat,2044320
01-10-2022,PHI Mini Market - Jakarta Pusat 01,Budiwati Ramah,W,Makanan & Minuman,susu kotak 1 l,DKI Jakarta,Jakarta Pusat,3367640
01-10-2022,PHI Mini Market - Jakarta Pusat 01,Budiwati Ramah,W,Makanan & Minuman,telur ayam kampung 1 kg,DKI Jakarta,Jakarta Pusat,6927170
01-10-2022,PHI Mini Market - Jakarta Pusat 01,Budiwati Ramah,W,Makanan & Minuman,telur ayam ras 1 kg,DKI Jakarta,Jakarta Pusat,3966370
01-10-2022,PHI Mini Market - Jakarta Pusat 01,Budiwati Ramah,W,Sayur-Sayuran,bawang merah 1 kg,DKI Jakarta,Jakarta Pusat,4384510
01-10-2022,PHI Mini Market - Jakarta Pusat 01,Budiwati Ramah,W,Sayur-Sayuran,bawang putih 1 kg,DKI Jakarta,Jakarta Pusat,1584080
01-10-2022,PHI Mini Market - Jakarta Pusat 01,Budiwati Ramah,W,Sayur-Sayuran,buncis 1 kg,DKI Jakarta,Jakarta Pusat,2244860
01-10-2022,PHI Mini Market - Jakarta Pusat 01,Budiwati Ramah,W,Sayur-Sayuran,kacang hijau 1 kg,DKI Jakarta,Jakarta Pusat,2595280
01-10-2022,PHI Mini Market - Jakarta Pusat 01,Budiwati Ramah,W,Sayur-Sayuran,kacang panjang 1 kg,DKI Jakarta,Jakarta Pusat,2005320
01-10-2022,PHI Mini Market - Jakarta Pusat 01,Budiwati Ramah,W,Sayur-Sayuran,kentang 1 kg,DKI Jakarta,Jakarta Pusat,2004410
01-10-2022,PHI Mini Market - Jakarta Pusat 01,Budiwati Ramah,W,Sayur-Sayuran,ketimun 1 kg,DKI Jakarta,Jakarta Pusat,1152840
01-10-2022,PHI Mini Market - Jakarta Pusat 01,Budiwati Ramah,W,Sayur-Sayuran,kobis 1 kg,DKI Jakarta,Jakarta Pusat,330690
01-10-2022,PHI Mini Market - Jakarta Pusat 01,Budiwati Ramah,W,Sayur-Sayuran,tomat 1 kg,DKI Jakarta,Jakarta Pusat,1525320
01-10-2022,PHI Mini Market - Jakarta Pusat 01,Budiwati Ramah,W,Sayur-Sayuran,ubi jalar 1 kg,DKI Jakarta,Jakarta Pusat,501010
01-10-2022,PHI Mini Market - Jakarta Pusat 01,Budiwati Ramah,W,Sayur-Sayuran,ubi kayu basah 1 kg,DKI Jakarta,Jakarta Pusat,312000
01-10-2022,PHI Mini Market - Jakarta Pusat 01,Budiwati Ramah,W,Sayur-Sayuran,wortel 1 kg,DKI Jakarta,Jakarta Pusat,1566340
01-10-2022,PHI Mini Market - Jakarta Pusat 01,Cahya Terang,W,Buah,alpukat 1 kg,DKI Jakarta,Jakarta Pusat,2553130
01-10-2022,PHI Mini Market - Jakarta Pusat 01,Cahya Terang,W,Buah,apel 1 kg,DKI Jakarta,Jakarta Pusat,18893380
01-10-2022,PHI Mini Market - Jakarta Pusat 01,Cahya Terang,W,Buah,belimbing 1 kg,DKI Jakarta,Jakarta Pusat,1241410
01-10-2022,PHI Mini Market - Jakarta Pusat 01,Cahya Terang,W,Buah,durian 1 kg,DKI Jakarta,Jakarta Pusat,3751890
01-10-2022,PHI Mini Market - Jakarta Pusat 01,Cahya Terang,W,Buah,jeruk 1 kg,DKI Jakarta,Jakarta Pusat,3191460
01-10-2022,PHI Mini Market - Jakarta Pusat 01,Cahya Terang,W,Buah,kelapa muda,DKI Jakarta,Jakarta Pusat,1405710
01-10-2022,PHI Mini Market - Jakarta Pusat 01,Cahya Terang,W,Makanan & Minuman,air mineral 600 ml,DKI Jakarta,Jakarta Pusat,336470
01-10-2022,PHI Mini Market - Jakarta Pusat 01,Cahya Terang,W,Makanan & Minuman,bumbu fried chicken,DKI Jakarta,Jakarta Pusat,5486540
01-10-2022,PHI Mini Market - Jakarta Pusat 01,Cahya Terang,W,Makanan & Minuman,jus kesehatan 600 ml,DKI Jakarta,Jakarta Pusat,3031110
01-10-2022,PHI Mini Market - Jakarta Pusat 01,Cahya Terang,W,Makanan & Minuman,kacang goreng 1 kg,DKI Jakarta,Jakarta Pusat,5478810
01-10-2022,PHI Mini Market - Jakarta Pusat 01,Cahya Terang,W,Makanan & Minuman,kacang mete 1 kg,DKI Jakarta,Jakarta Pusat,25130130
01-10-2022,PHI Mini Market - Jakarta Pusat 01,Cahya Terang,W,Makanan & Minuman,markisa 600 ml,DKI Jakarta,Jakarta Pusat,5736990
01-10-2022,PHI Mini Market - Jakarta Pusat 01,Cahya Terang,W,Makanan & Minuman,mie instant 1 kotak (40 bungkus),DKI Jakarta,Jakarta Pusat,32679970
01-10-2022,PHI Mini Market - Jakarta Pusat 01,Cahya Terang,W,Makanan & Minuman,minuman probiotik,DKI Jakarta,Jakarta Pusat,287410
01-10-2022,PHI Mini Market - Jakarta Pusat 01,Cahya Terang,W,Makanan & Minuman,nasi goreng instant (1 ons),DKI Jakarta,Jakarta Pusat,2182260
01-10-2022,PHI Mini Market - Jakarta Pusat 01,Cahya Terang,W,Makanan & Minuman,snack gurih 1 ons,DKI Jakarta,Jakarta Pusat,1594910
01-10-2022,PHI Mini Market - Jakarta Pusat 01,Cahya Terang,W,Makanan & Minuman,susu kotak (800 ml),DKI Jakarta,Jakarta Pusat,2117450
01-10-2022,PHI Mini Market - Jakarta Pusat 01,Cahya Terang,W,Makanan & Minuman,susu kotak 1 l,DKI Jakarta,Jakarta Pusat,3761310
01-10-2022,PHI Mini Market - Jakarta Pusat 01,Cahya Terang,W,Makanan & Minuman,telur ayam kampung 1 kg,DKI Jakarta,Jakarta Pusat,9549030
01-10-2022,PHI Mini Market - Jakarta Pusat 01,Cahya Terang,W,Makanan & Minuman,telur ayam ras 1 kg,DKI Jakarta,Jakarta Pusat,5391180
01-10-2022,PHI Mini Market - Jakarta Pusat 01,Cahya Terang,W,Sayur-Sayuran,bawang merah 1 kg,DKI Jakarta,Jakarta Pusat,4415280
01-10-2022,PHI Mini Market - Jakarta Pusat 01,Cahya Terang,W,Sayur-Sayuran,bawang putih 1 kg,DKI Jakarta,Jakarta Pusat,1705250
01-10-2022,PHI Mini Market - Jakarta Pusat 01,Cahya Terang,W,Sayur-Sayuran,buncis 1 kg,DKI Jakarta,Jakarta Pusat,1373590
01-10-2022,PHI Mini Market - Jakarta Pusat 01,Cahya Terang,W,Sayur-Sayuran,kacang hijau 1 kg,DKI Jakarta,Jakarta Pusat,1812630
01-10-2022,PHI Mini Market - Jakarta Pusat 01,Cahya Terang,W,Sayur-Sayuran,kacang panjang 1 kg,DKI Jakarta,Jakarta Pusat,2821920
01-10-2022,PHI Mini Market - Jakarta Pusat 01,Cahya Terang,W,Sayur-Sayuran,kentang 1 kg,DKI Jakarta,Jakarta Pusat,3326590
01-10-2022,PHI Mini Market - Jakarta Pusat 01,Cahya Terang,W,Sayur-Sayuran,ketimun 1 kg,DKI Jakarta,Jakarta Pusat,1603150
01-10-2022,PHI Mini Market - Jakarta Pusat 01,Cahya Terang,W,Sayur-Sayuran,kobis 1 kg,DKI Jakarta,Jakarta Pusat,315290
01-10-2022,PHI Mini Market - Jakarta Pusat 01,Cahya Terang,W,Sayur-Sayuran,tomat 1 kg,DKI Jakarta,Jakarta Pusat,1472350
01-10-2022,PHI Mini Market - Jakarta Pusat 01,Cahya Terang,W,Sayur-Sayuran,ubi jalar 1 kg,DKI Jakarta,Jakarta Pusat,357660
01-10-2022,PHI Mini Market - Jakarta Pusat 01,Cahya Terang,W,Sayur-Sayuran,ubi kayu basah 1 kg,DKI Jakarta,Jakarta Pusat,310140
01-10-2022,PHI Mini Market - Jakarta Pusat 01,Cahya Terang,W,Sayur-Sayuran,wortel 1 kg,DKI Jakarta,Jakarta Pusat,978560
01-10-2022,PHI Mini Market - Jakarta Pusat 01,Eko Rukun,P,Buah,alpukat 1 kg,DKI Jakarta,Jakarta Pusat,1513670
01-10-2022,PHI Mini Market - Jakarta Pusat 01,Eko Rukun,P,Buah,apel 1 kg,DKI Jakarta,Jakarta Pusat,19846470
01-10-2022,PHI Mini Market - Jakarta Pusat 01,Eko Rukun,P,Buah,belimbing 1 kg,DKI Jakarta,Jakarta Pusat,1650630
01-10-2022,PHI Mini Market - Jakarta Pusat 01,Eko Rukun,P,Buah,durian 1 kg,DKI Jakarta,Jakarta Pusat,4703270
01-10-2022,PHI Mini Market - Jakarta Pusat 01,Eko Rukun,P,Buah,jeruk 1 kg,DKI Jakarta,Jakarta Pusat,4181440
01-10-2022,PHI Mini Market - Jakarta Pusat 01,Eko Rukun,P,Buah,kelapa muda,DKI Jakarta,Jakarta Pusat,1818050
01-10-2022,PHI Mini Market - Jakarta Pusat 01,Eko Rukun,P,Buah,mangga 1 kg,DKI Jakarta,Jakarta Pusat,5124070
01-10-2022,PHI Mini Market - Jakarta Pusat 01,Eko Rukun,P,Makanan & Minuman,air mineral 600 ml,DKI Jakarta,Jakarta Pusat,323810
01-10-2022,PHI Mini Market - Jakarta Pusat 01,Eko Rukun,P,Makanan & Minuman,bumbu fried chicken,DKI Jakarta,Jakarta Pusat,6566650
01-10-2022,PHI Mini Market - Jakarta Pusat 01,Eko Rukun,P,Makanan & Minuman,jus kesehatan 600 ml,DKI Jakarta,Jakarta Pusat,2658480
01-10-2022,PHI Mini Market - Jakarta Pusat 01,Eko Rukun,P,Makanan & Minuman,kacang goreng 1 kg,DKI Jakarta,Jakarta Pusat,4214940
01-10-2022,PHI Mini Market - Jakarta Pusat 01,Eko Rukun,P,Makanan & Minuman,kacang mete 1 kg,DKI Jakarta,Jakarta Pusat,23590050
01-10-2022,PHI Mini Market - Jakarta Pusat 01,Eko Rukun,P,Makanan & Minuman,markisa 600 ml,DKI Jakarta,Jakarta Pusat,5770170
01-10-2022,PHI Mini Market - Jakarta Pusat 01,Eko Rukun,P,Makanan & Minuman,mie instant 1 kotak (40 bungkus),DKI Jakarta,Jakarta Pusat,39715960
01-10-2022,PHI Mini Market - Jakarta Pusat 01,Eko Rukun,P,Makanan & Minuman,minuman probiotik,DKI Jakarta,Jakarta Pusat,194270
01-10-2022,PHI Mini Market - Jakarta Pusat 01,Eko Rukun,P,Makanan & Minuman,nasi goreng instant (1 ons),DKI Jakarta,Jakarta Pusat,2193410
01-10-2022,PHI Mini Market - Jakarta Pusat 01,Eko Rukun,P,Makanan & Minuman,snack gurih 1 ons,DKI Jakarta,Jakarta Pusat,1874080
01-10-2022,PHI Mini Market - Jakarta Pusat 01,Eko Rukun,P,Makanan & Minuman,susu kotak (800 ml),DKI Jakarta,Jakarta Pusat,5375140
01-10-2022,PHI Mini Market - Jakarta Pusat 01,Eko Rukun,P,Makanan & Minuman,susu kotak 1 l,DKI Jakarta,Jakarta Pusat,3581990
01-10-2022,PHI Mini Market - Jakarta Pusat 01,Eko Rukun,P,Makanan & Minuman,telur ayam kampung 1 kg,DKI Jakarta,Jakarta Pusat,8914980
01-10-2022,PHI Mini Market - Jakarta Pusat 01,Eko Rukun,P,Makanan & Minuman,telur ayam ras 1 kg,DKI Jakarta,Jakarta Pusat,4158260
01-10-2022,PHI Mini Market - Jakarta Pusat 01,Eko Rukun,P,Sayur-Sayuran,bawang merah 1 kg,DKI Jakarta,Jakarta Pusat,2438300
01-10-2022,PHI Mini Market - Jakarta Pusat 01,Eko Rukun,P,Sayur-Sayuran,bawang putih 1 kg,DKI Jakarta,Jakarta Pusat,1459050
01-10-2022,PHI Mini Market - Jakarta Pusat 01,Eko Rukun,P,Sayur-Sayuran,buncis 1 kg,DKI Jakarta,Jakarta Pusat,1705190
01-10-2022,PHI Mini Market - Jakarta Pusat 01,Eko Rukun,P,Sayur-Sayuran,kacang hijau 1 kg,DKI Jakarta,Jakarta Pusat,2601050
01-10-2022,PHI Mini Market - Jakarta Pusat 01,Eko Rukun,P,Sayur-Sayuran,kacang panjang 1 kg,DKI Jakarta,Jakarta Pusat,2149200
01-10-2022,PHI Mini Market - Jakarta Pusat 01,Eko Rukun,P,Sayur-Sayuran,kentang 1 kg,DKI Jakarta,Jakarta Pusat,3475760
01-10-2022,PHI Mini Market - Jakarta Pusat 01,Eko Rukun,P,Sayur-Sayuran,ketimun 1 kg,DKI Jakarta,Jakarta Pusat,1263130
01-10-2022,PHI Mini Market - Jakarta Pusat 01,Eko Rukun,P,Sayur-Sayuran,kobis 1 kg,DKI Jakarta,Jakarta Pusat,376040
01-10-2022,PHI Mini Market - Jakarta Pusat 01,Eko Rukun,P,Sayur-Sayuran,tomat 1 kg,DKI Jakarta,Jakarta Pusat,1301770
01-10-2022,PHI Mini Market - Jakarta Pusat 01,Eko Rukun,P,Sayur-Sayuran,ubi jalar 1 kg,DKI Jakarta,Jakarta Pusat,426410
01-10-2022,PHI Mini Market - Jakarta Pusat 01,Eko Rukun,P,Sayur-Sayuran,ubi kayu basah 1 kg,DKI Jakarta,Jakarta Pusat,386860
01-10-2022,PHI Mini Market - Jakarta Pusat 01,Eko Rukun,P,Sayur-Sayuran,wortel 1 kg,DKI Jakarta,Jakarta Pusat,955420
01-10-2022,PHI Mini Market - Jakarta Pusat 01,Eria Setiawan,W,Buah,alpukat 1 kg,DKI Jakarta,Jakarta Pusat,1969340
01-10-2022,PHI Mini Market - Jakarta Pusat 01,Eria Setiawan,W,Buah,apel 1 kg,DKI Jakarta,Jakarta Pusat,17608780
01-10-2022,PHI Mini Market - Jakarta Pusat 01,Eria Setiawan,W,Buah,belimbing 1 kg,DKI Jakarta,Jakarta Pusat,766670
01-10-2022,PHI Mini Market - Jakarta Pusat 01,Eria Setiawan,W,Buah,durian 1 kg,DKI Jakarta,Jakarta Pusat,5526400
01-10-2022,PHI Mini Market - Jakarta Pusat 01,Eria Setiawan,W,Buah,jeruk 1 kg,DKI Jakarta,Jakarta Pusat,3990370
01-10-2022,PHI Mini Market - Jakarta Pusat 01,Eria Setiawan,W,Buah,kelapa muda,DKI Jakarta,Jakarta Pusat,1531040
01-10-2022,PHI Mini Market - Jakarta Pusat 01,Eria Setiawan,W,Buah,mangga 1 kg,DKI Jakarta,Jakarta Pusat,6379920
01-10-2022,PHI Mini Market - Jakarta Pusat 01,Eria Setiawan,W,Makanan & Minuman,air mineral 600 ml,DKI Jakarta,Jakarta Pusat,333650
01-10-2022,PHI Mini Market - Jakarta Pusat 01,Eria Setiawan,W,Makanan & Minuman,bumbu fried chicken,DKI Jakarta,Jakarta Pusat,4093010
01-10-2022,PHI Mini Market - Jakarta Pusat 01,Eria Setiawan,W,Makanan & Minuman,jus kesehatan 600 ml,DKI Jakarta,Jakarta Pusat,2521490
01-10-2022,PHI Mini Market - Jakarta Pusat 01,Eria Setiawan,W,Makanan & Minuman,kacang goreng 1 kg,DKI Jakarta,Jakarta Pusat,2572320
01-10-2022,PHI Mini Market - Jakarta Pusat 01,Eria Setiawan,W,Makanan & Minuman,kacang mete 1 kg,DKI Jakarta,Jakarta Pusat,20624890
01-10-2022,PHI Mini Market - Jakarta Pusat 01,Eria Setiawan,W,Makanan & Minuman,markisa 600 ml,DKI Jakarta,Jakarta Pusat,3453790
01-10-2022,PHI Mini Market - Jakarta Pusat 01,Eria Setiawan,W,Makanan & Minuman,mie instant 1 kotak (40 bungkus),DKI Jakarta,Jakarta Pusat,30445320
01-10-2022,PHI Mini Market - Jakarta Pusat 01,Eria Setiawan,W,Makanan & Minuman,minuman probiotik,DKI Jakarta,Jakarta Pusat,276850
01-10-2022,PHI Mini Market - Jakarta Pusat 01,Eria Setiawan,W,Makanan & Minuman,nasi goreng instant (1 ons),DKI Jakarta,Jakarta Pusat,1378870
01-10-2022,PHI Mini Market - Jakarta Pusat 01,Eria Setiawan,W,Makanan & Minuman,snack gurih 1 ons,DKI Jakarta,Jakarta Pusat,1683640
01-10-2022,PHI Mini Market - Jakarta Pusat 01,Eria Setiawan,W,Makanan & Minuman,susu kotak (800 ml),DKI Jakarta,Jakarta Pusat,3234700
01-10-2022,PHI Mini Market - Jakarta Pusat 01,Eria Setiawan,W,Makanan & Minuman,susu kotak 1 l,DKI Jakarta,Jakarta Pusat,4357990
01-10-2022,PHI Mini Market - Jakarta Pusat 01,Eria Setiawan,W,Makanan & Minuman,telur ayam kampung 1 kg,DKI Jakarta,Jakarta Pusat,5251150
01-10-2022,PHI Mini Market - Jakarta Pusat 01,Eria Setiawan,W,Makanan & Minuman,telur ayam ras 1 kg,DKI Jakarta,Jakarta Pusat,3416700
01-10-2022,PHI Mini Market - Jakarta Pusat 01,Eria Setiawan,W,Sayur-Sayuran,bawang merah 1 kg,DKI Jakarta,Jakarta Pusat,2923300
01-10-2022,PHI Mini Market - Jakarta Pusat 01,Eria Setiawan,W,Sayur-Sayuran,bawang putih 1 kg,DKI Jakarta,Jakarta Pusat,1668150
01-10-2022,PHI Mini Market - Jakarta Pusat 01,Eria Setiawan,W,Sayur-Sayuran,buncis 1 kg,DKI Jakarta,Jakarta Pusat,1637750
01-10-2022,PHI Mini Market - Jakarta Pusat 01,Eria Setiawan,W,Sayur-Sayuran,kacang hijau 1 kg,DKI Jakarta,Jakarta Pusat,1923520
01-10-2022,PHI Mini Market - Jakarta Pusat 01,Eria Setiawan,W,Sayur-Sayuran,kacang panjang 1 kg,DKI Jakarta,Jakarta Pusat,2346930
01-10-2022,PHI Mini Market - Jakarta Pusat 01,Eria Setiawan,W,Sayur-Sayuran,kentang 1 kg,DKI Jakarta,Jakarta Pusat,2621910
01-10-2022,PHI Mini Market - Jakarta Pusat 01,Eria Setiawan,W,Sayur-Sayuran,ketimun 1 kg,DKI Jakarta,Jakarta Pusat,1817790
01-10-2022,PHI Mini Market - Jakarta Pusat 01,Eria Setiawan,W,Sayur-Sayuran,kobis 1 kg,DKI Jakarta,Jakarta Pusat,352440
01-10-2022,PHI Mini Market - Jakarta Pusat 01,Eria Setiawan,W,Sayur-Sayuran,tomat 1 kg,DKI Jakarta,Jakarta Pusat,1914290
01-10-2022,PHI Mini Market - Jakarta Pusat 01,Eria Setiawan,W,Sayur-Sayuran,ubi jalar 1 kg,DKI Jakarta,Jakarta Pusat,229150
01-10-2022,PHI Mini Market - Jakarta Pusat 01,Eria Setiawan,W,Sayur-Sayuran,ubi kayu basah 1 kg,DKI Jakarta,Jakarta Pusat,397990
01-10-2022,PHI Mini Market - Jakarta Pusat 01,Eria Setiawan,W,Sayur-Sayuran,wortel 1 kg,DKI Jakarta,Jakarta Pusat,1236650
01-10-2022,PHI Mini Market - Jakarta Pusat 01,Erman Margo,P,Buah,alpukat 1 kg,DKI Jakarta,Jakarta Pusat,2509460
01-10-2022,PHI Mini Market - Jakarta Pusat 01,Erman Margo,P,Buah,apel 1 kg,DKI Jakarta,Jakarta Pusat,18066690
01-10-2022,PHI Mini Market - Jakarta Pusat 01,Erman Margo,P,Buah,belimbing 1 kg,DKI Jakarta,Jakarta Pusat,1588810
01-10-2022,PHI Mini Market - Jakarta Pusat 01,Erman Margo,P,Buah,durian 1 kg,DKI Jakarta,Jakarta Pusat,7991290
01-10-2022,PHI Mini Market - Jakarta Pusat 01,Erman Margo,P,Buah,jeruk 1 kg,DKI Jakarta,Jakarta Pusat,4959220
01-10-2022,PHI Mini Market - Jakarta Pusat 01,Erman Margo,P,Buah,kelapa muda,DKI Jakarta,Jakarta Pusat,1892910
01-10-2022,PHI Mini Market - Jakarta Pusat 01,Erman Margo,P,Buah,mangga 1 kg,DKI Jakarta,Jakarta Pusat,4578620
01-10-2022,PHI Mini Market - Jakarta Pusat 01,Erman Margo,P,Makanan & Minuman,air mineral 600 ml,DKI Jakarta,Jakarta Pusat,410830
01-10-2022,PHI Mini Market - Jakarta Pusat 01,Erman Margo,P,Makanan & Minuman,bumbu fried chicken,DKI Jakarta,Jakarta Pusat,3664000
01-10-2022,PHI Mini Market - Jakarta Pusat 01,Erman Margo,P,Makanan & Minuman,jus kesehatan 600 ml,DKI Jakarta,Jakarta Pusat,3187550
01-10-2022,PHI Mini Market - Jakarta Pusat 01,Erman Margo,P,Makanan & Minuman,kacang goreng 1 kg,DKI Jakarta,Jakarta Pusat,4545690
01-10-2022,PHI Mini Market - Jakarta Pusat 01,Erman Margo,P,Makanan & Minuman,kacang mete 1 kg,DKI Jakarta,Jakarta Pusat,21134340
01-10-2022,PHI Mini Market - Jakarta Pusat 01,Erman Margo,P,Makanan & Minuman,markisa 600 ml,DKI Jakarta,Jakarta Pusat,5705710
01-10-2022,PHI Mini Market - Jakarta Pusat 01,Erman Margo,P,Makanan & Minuman,mie instant 1 kotak (40 bungkus),DKI Jakarta,Jakarta Pusat,14634810
01-10-2022,PHI Mini Market - Jakarta Pusat 01,Erman Margo,P,Makanan & Minuman,minuman probiotik,DKI Jakarta,Jakarta Pusat,305280
01-10-2022,PHI Mini Market - Jakarta Pusat 01,Erman Margo,P,Makanan & Minuman,nasi goreng instant (1 ons),DKI Jakarta,Jakarta Pusat,1257470
01-10-2022,PHI Mini Market - Jakarta Pusat 01,Erman Margo,P,Makanan & Minuman,snack gurih 1 ons,DKI Jakarta,Jakarta Pusat,2009500
01-10-2022,PHI Mini Market - Jakarta Pusat 01,Erman Margo,P,Makanan & Minuman,susu kotak (800 ml),DKI Jakarta,Jakarta Pusat,3866100
01-10-2022,PHI Mini Market - Jakarta Pusat 01,Erman Margo,P,Makanan & Minuman,susu kotak 1 l,DKI Jakarta,Jakarta Pusat,5471720
01-10-2022,PHI Mini Market - Jakarta Pusat 01,Erman Margo,P,Makanan & Minuman,telur ayam kampung 1 kg,DKI Jakarta,Jakarta Pusat,7993280
01-10-2022,PHI Mini Market - Jakarta Pusat 01,Erman Margo,P,Makanan & Minuman,telur ayam ras 1 kg,DKI Jakarta,Jakarta Pusat,4340990
01-10-2022,PHI Mini Market - Jakarta Pusat 01,Erman Margo,P,Sayur-Sayuran,bawang merah 1 kg,DKI Jakarta,Jakarta Pusat,3775890
01-10-2022,PHI Mini Market - Jakarta Pusat 01,Erman Margo,P,Sayur-Sayuran,bawang putih 1 kg,DKI Jakarta,Jakarta Pusat,1198920
01-10-2022,PHI Mini Market - Jakarta Pusat 01,Erman Margo,P,Sayur-Sayuran,buncis 1 kg,DKI Jakarta,Jakarta Pusat,1142710
01-10-2022,PHI Mini Market - Jakarta Pusat 01,Erman Margo,P,Sayur-Sayuran,kacang hijau 1 kg,DKI Jakarta,Jakarta Pusat,1720510
01-10-2022,PHI Mini Market - Jakarta Pusat 01,Erman Margo,P,Sayur-Sayuran,kacang panjang 1 kg,DKI Jakarta,Jakarta Pusat,2210540
01-10-2022,PHI Mini Market - Jakarta Pusat 01,Erman Margo,P,Sayur-Sayuran,kentang 1 kg,DKI Jakarta,Jakarta Pusat,3430550
01-10-2022,PHI Mini Market - Jakarta Pusat 01,Erman Margo,P,Sayur-Sayuran,ketimun 1 kg,DKI Jakarta,Jakarta Pusat,1789450
01-10-2022,PHI Mini Market - Jakarta Pusat 01,Erman Margo,P,Sayur-Sayuran,kobis 1 kg,DKI Jakarta,Jakarta Pusat,311480
01-10-2022,PHI Mini Market - Jakarta Pusat 01,Erman Margo,P,Sayur-Sayuran,tomat 1 kg,DKI Jakarta,Jakarta Pusat,1399260
01-10-2022,PHI Mini Market - Jakarta Pusat 01,Erman Margo,P,Sayur-Sayuran,ubi jalar 1 kg,DKI Jakarta,Jakarta Pusat,389460
01-10-2022,PHI Mini Market - Jakarta Pusat 01,Erman Margo,P,Sayur-Sayuran,ubi kayu basah 1 kg,DKI Jakarta,Jakarta Pusat,296500
01-10-2022,PHI Mini Market - Jakarta Pusat 01,Erman Margo,P,Sayur-Sayuran,wortel 1 kg,DKI Jakarta,Jakarta Pusat,1767670
01-10-2022,PHI Mini Market - Jakarta Pusat 01,Harum Maven,W,Buah,alpukat 1 kg,DKI Jakarta,Jakarta Pusat,1482690
01-10-2022,PHI Mini Market - Jakarta Pusat 01,Harum Maven,W,Buah,apel 1 kg,DKI Jakarta,Jakarta Pusat,17606310
01-10-2022,PHI Mini Market - Jakarta Pusat 01,Harum Maven,W,Buah,belimbing 1 kg,DKI Jakarta,Jakarta Pusat,1625880
01-10-2022,PHI Mini Market - Jakarta Pusat 01,Harum Maven,W,Buah,durian 1 kg,DKI Jakarta,Jakarta Pusat,6550540
01-10-2022,PHI Mini Market - Jakarta Pusat 01,Harum Maven,W,Buah,jeruk 1 kg,DKI Jakarta,Jakarta Pusat,3676090
01-10-2022,PHI Mini Market - Jakarta Pusat 01,Harum Maven,W,Buah,kelapa muda,DKI Jakarta,Jakarta Pusat,1869630
01-10-2022,PHI Mini Market - Jakarta Pusat 01,Harum Maven,W,Buah,mangga 1 kg,DKI Jakarta,Jakarta Pusat,6128140
01-10-2022,PHI Mini Market - Jakarta Pusat 01,Harum Maven,W,Makanan & Minuman,air mineral 600 ml,DKI Jakarta,Jakarta Pusat,375070
01-10-2022,PHI Mini Market - Jakarta Pusat 01,Harum Maven,W,Makanan & Minuman,bumbu fried chicken,DKI Jakarta,Jakarta Pusat,5338430
01-10-2022,PHI Mini Market - Jakarta Pusat 01,Harum Maven,W,Makanan & Minuman,jus kesehatan 600 ml,DKI Jakarta,Jakarta Pusat,3519180
01-10-2022,PHI Mini Market - Jakarta Pusat 01,Harum Maven,W,Makanan & Minuman,kacang goreng 1 kg,DKI Jakarta,Jakarta Pusat,5023740
01-10-2022,PHI Mini Market - Jakarta Pusat 01,Harum Maven,W,Makanan & Minuman,kacang mete 1 kg,DKI Jakarta,Jakarta Pusat,23232300
01-10-2022,PHI Mini Market - Jakarta Pusat 01,Harum Maven,W,Makanan & Minuman,markisa 600 ml,DKI Jakarta,Jakarta Pusat,5468830
01-10-2022,PHI Mini Market - Jakarta Pusat 01,Harum Maven,W,Makanan & Minuman,mie instant 1 kotak (40 bungkus),DKI Jakarta,Jakarta Pusat,30630920
01-10-2022,PHI Mini Market - Jakarta Pusat 01,Harum Maven,W,Makanan & Minuman,minuman probiotik,DKI Jakarta,Jakarta Pusat,265960
01-10-2022,PHI Mini Market - Jakarta Pusat 01,Harum Maven,W,Makanan & Minuman,nasi goreng instant (1 ons),DKI Jakarta,Jakarta Pusat,2363150
01-10-2022,PHI Mini Market - Jakarta Pusat 01,Harum Maven,W,Makanan & Minuman,snack gurih 1 ons,DKI Jakarta,Jakarta Pusat,1552000
01-10-2022,PHI Mini Market - Jakarta Pusat 01,Harum Maven,W,Makanan & Minuman,susu kotak (800 ml),DKI Jakarta,Jakarta Pusat,4286950
01-10-2022,PHI Mini Market - Jakarta Pusat 01,Harum Maven,W,Makanan & Minuman,susu kotak 1 l,DKI Jakarta,Jakarta Pusat,2585350
01-10-2022,PHI Mini Market - Jakarta Pusat 01,Harum Maven,W,Makanan & Minuman,telur ayam kampung 1 kg,DKI Jakarta,Jakarta Pusat,4425170
01-10-2022,PHI Mini Market - Jakarta Pusat 01,Harum Maven,W,Makanan & Minuman,telur ayam ras 1 kg,DKI Jakarta,Jakarta Pusat,4715140
01-10-2022,PHI Mini Market - Jakarta Pusat 01,Harum Maven,W,Sayur-Sayuran,bawang merah 1 kg,DKI Jakarta,Jakarta Pusat,3868750
01-10-2022,PHI Mini Market - Jakarta Pusat 01,Harum Maven,W,Sayur-Sayuran,bawang putih 1 kg,DKI Jakarta,Jakarta Pusat,1435680
01-10-2022,PHI Mini Market - Jakarta Pusat 01,Harum Maven,W,Sayur-Sayuran,buncis 1 kg,DKI Jakarta,Jakarta Pusat,2285160
01-10-2022,PHI Mini Market - Jakarta Pusat 01,Harum Maven,W,Sayur-Sayuran,kacang hijau 1 kg,DKI Jakarta,Jakarta Pusat,1879090
01-10-2022,PHI Mini Market - Jakarta Pusat 01,Harum Maven,W,Sayur-Sayuran,kacang panjang 1 kg,DKI Jakarta,Jakarta Pusat,2981620
01-10-2022,PHI Mini Market - Jakarta Pusat 01,Harum Maven,W,Sayur-Sayuran,kentang 1 kg,DKI Jakarta,Jakarta Pusat,2064200
01-10-2022,PHI Mini Market - Jakarta Pusat 01,Harum Maven,W,Sayur-Sayuran,ketimun 1 kg,DKI Jakarta,Jakarta Pusat,2052950
01-10-2022,PHI Mini Market - Jakarta Pusat 01,Harum Maven,W,Sayur-Sayuran,kobis 1 kg,DKI Jakarta,Jakarta Pusat,276090
01-10-2022,PHI Mini Market - Jakarta Pusat 01,Harum Maven,W,Sayur-Sayuran,tomat 1 kg,DKI Jakarta,Jakarta Pusat,1593540
01-10-2022,PHI Mini Market - Jakarta Pusat 01,Harum Maven,W,Sayur-Sayuran,ubi jalar 1 kg,DKI Jakarta,Jakarta Pusat,238810
01-10-2022,PHI Mini Market - Jakarta Pusat 01,Harum Maven,W,Sayur-Sayuran,ubi kayu basah 1 kg,DKI Jakarta,Jakarta Pusat,496580
01-10-2022,PHI Mini Market - Jakarta Pusat 01,Harum Maven,W,Sayur-Sayuran,wortel 1 kg,DKI Jakarta,Jakarta Pusat,1047230
01-10-2022,PHI Mini Market - Jakarta Pusat 01,Kristina Damai,W,Buah,alpukat 1 kg,DKI Jakarta,Jakarta Pusat,2842770
01-10-2022,PHI Mini Market - Jakarta Pusat 01,Kristina Damai,W,Buah,apel 1 kg,DKI Jakarta,Jakarta Pusat,11890120
01-10-2022,PHI Mini Market - Jakarta Pusat 01,Kristina Damai,W,Buah,belimbing 1 kg,DKI Jakarta,Jakarta Pusat,1403640
01-10-2022,PHI Mini Market - Jakarta Pusat 01,Kristina Damai,W,Buah,durian 1 kg,DKI Jakarta,Jakarta Pusat,5272370
01-10-2022,PHI Mini Market - Jakarta Pusat 01,Kristina Damai,W,Buah,jeruk 1 kg,DKI Jakarta,Jakarta Pusat,5116130
01-10-2022,PHI Mini Market - Jakarta Pusat 01,Kristina Damai,W,Buah,kelapa muda,DKI Jakarta,Jakarta Pusat,1404770
01-10-2022,PHI Mini Market - Jakarta Pusat 01,Kristina Damai,W,Buah,mangga 1 kg,DKI Jakarta,Jakarta Pusat,6039580
01-10-2022,PHI Mini Market - Jakarta Pusat 01,Kristina Damai,W,Makanan & Minuman,air mineral 600 ml,DKI Jakarta,Jakarta Pusat,453900
01-10-2022,PHI Mini Market - Jakarta Pusat 01,Kristina Damai,W,Makanan & Minuman,bumbu fried chicken,DKI Jakarta,Jakarta Pusat,4518270
01-10-2022,PHI Mini Market - Jakarta Pusat 01,Kristina Damai,W,Makanan & Minuman,jus kesehatan 600 ml,DKI Jakarta,Jakarta Pusat,1854790
01-10-2022,PHI Mini Market - Jakarta Pusat 01,Kristina Damai,W,Makanan & Minuman,kacang goreng 1 kg,DKI Jakarta,Jakarta Pusat,3835730
01-10-2022,PHI Mini Market - Jakarta Pusat 01,Kristina Damai,W,Makanan & Minuman,kacang mete 1 kg,DKI Jakarta,Jakarta Pusat,25448730
01-10-2022,PHI Mini Market - Jakarta Pusat 01,Kristina Damai,W,Makanan & Minuman,markisa 600 ml,DKI Jakarta,Jakarta Pusat,3995440
01-10-2022,PHI Mini Market - Jakarta Pusat 01,Kristina Damai,W,Makanan & Minuman,mie instant 1 kotak (40 bungkus),DKI Jakarta,Jakarta Pusat,21091320
01-10-2022,PHI Mini Market - Jakarta Pusat 01,Kristina Damai,W,Makanan & Minuman,minuman probiotik,DKI Jakarta,Jakarta Pusat,232020
01-10-2022,PHI Mini Market - Jakarta Pusat 01,Kristina Damai,W,Makanan & Minuman,nasi goreng instant (1 ons),DKI Jakarta,Jakarta Pusat,2138290
01-10-2022,PHI Mini Market - Jakarta Pusat 01,Kristina Damai,W,Makanan & Minuman,snack gurih 1 ons,DKI Jakarta,Jakarta Pusat,2089310
01-10-2022,PHI Mini Market - Jakarta Pusat 01,Kristina Damai,W,Makanan & Minuman,susu kotak (800 ml),DKI Jakarta,Jakarta Pusat,3761020
01-10-2022,PHI Mini Market - Jakarta Pusat 01,Kristina Damai,W,Makanan & Minuman,susu kotak 1 l,DKI Jakarta,Jakarta Pusat,4556650
01-10-2022,PHI Mini Market - Jakarta Pusat 01,Kristina Damai,W,Makanan & Minuman,telur ayam kampung 1 kg,DKI Jakarta,Jakarta Pusat,4419220
01-10-2022,PHI Mini Market - Jakarta Pusat 01,Kristina Damai,W,Makanan & Minuman,telur ayam ras 1 kg,DKI Jakarta,Jakarta Pusat,3245370
01-10-2022,PHI Mini Market - Jakarta Pusat 01,Kristina Damai,W,Sayur-Sayuran,bawang merah 1 kg,DKI Jakarta,Jakarta Pusat,2138940
01-10-2022,PHI Mini Market - Jakarta Pusat 01,Kristina Damai,W,Sayur-Sayuran,bawang putih 1 kg,DKI Jakarta,Jakarta Pusat,1713380
01-10-2022,PHI Mini Market - Jakarta Pusat 01,Kristina Damai,W,Sayur-Sayuran,buncis 1 kg,DKI Jakarta,Jakarta Pusat,2209420
01-10-2022,PHI Mini Market - Jakarta Pusat 01,Kristina Damai,W,Sayur-Sayuran,kacang hijau 1 kg,DKI Jakarta,Jakarta Pusat,1787180
01-10-2022,PHI Mini Market - Jakarta Pusat 01,Kristina Damai,W,Sayur-Sayuran,kacang panjang 1 kg,DKI Jakarta,Jakarta Pusat,1829660
01-10-2022,PHI Mini Market - Jakarta Pusat 01,Kristina Damai,W,Sayur-Sayuran,kentang 1 kg,DKI Jakarta,Jakarta Pusat,2897680
01-10-2022,PHI Mini Market - Jakarta Pusat 01,Kristina Damai,W,Sayur-Sayuran,ketimun 1 kg,DKI Jakarta,Jakarta Pusat,1672270
01-10-2022,PHI Mini Market - Jakarta Pusat 01,Kristina Damai,W,Sayur-Sayuran,kobis 1 kg,DKI Jakarta,Jakarta Pusat,284930
01-10-2022,PHI Mini Market - Jakarta Pusat 01,Kristina Damai,W,Sayur-Sayuran,tomat 1 kg,DKI Jakarta,Jakarta Pusat,1131090
01-10-2022,PHI Mini Market - Jakarta Pusat 01,Kristina Damai,W,Sayur-Sayuran,ubi jalar 1 kg,DKI Jakarta,Jakarta Pusat,318510
01-10-2022,PHI Mini Market - Jakarta Pusat 01,Kristina Damai,W,Sayur-Sayuran,ubi kayu basah 1 kg,DKI Jakarta,Jakarta Pusat,313790
01-10-2022,PHI Mini Market - Jakarta Pusat 01,Kristina Damai,W,Sayur-Sayuran,wortel 1 kg,DKI Jakarta,Jakarta Pusat,1046340
01-10-2022,PHI Mini Market - Jakarta Pusat 01,Kusuma Dominik,P,Buah,alpukat 1 kg,DKI Jakarta,Jakarta Pusat,1540270
01-10-2022,PHI Mini Market - Jakarta Pusat 01,Kusuma Dominik,P,Buah,apel 1 kg,DKI Jakarta,Jakarta Pusat,17634450
01-10-2022,PHI Mini Market - Jakarta Pusat 01,Kusuma Dominik,P,Buah,belimbing 1 kg,DKI Jakarta,Jakarta Pusat,892300
01-10-2022,PHI Mini Market - Jakarta Pusat 01,Kusuma Dominik,P,Buah,durian 1 kg,DKI Jakarta,Jakarta Pusat,6604100
01-10-2022,PHI Mini Market - Jakarta Pusat 01,Kusuma Dominik,P,Buah,jeruk 1 kg,DKI Jakarta,Jakarta Pusat,3812990
01-10-2022,PHI Mini Market - Jakarta Pusat 01,Kusuma Dominik,P,Buah,kelapa muda,DKI Jakarta,Jakarta Pusat,1908470
01-10-2022,PHI Mini Market - Jakarta Pusat 01,Kusuma Dominik,P,Makanan & Minuman,air mineral 600 ml,DKI Jakarta,Jakarta Pusat,370360
01-10-2022,PHI Mini Market - Jakarta Pusat 01,Kusuma Dominik,P,Makanan & Minuman,bumbu fried chicken,DKI Jakarta,Jakarta Pusat,4070410
01-10-2022,PHI Mini Market - Jakarta Pusat 01,Kusuma Dominik,P,Makanan & Minuman,jus kesehatan 600 ml,DKI Jakarta,Jakarta Pusat,4032710
01-10-2022,PHI Mini Market - Jakarta Pusat 01,Kusuma Dominik,P,Makanan & Minuman,kacang goreng 1 kg,DKI Jakarta,Jakarta Pusat,3481590
01-10-2022,PHI Mini Market - Jakarta Pusat 01,Kusuma Dominik,P,Makanan & Minuman,kacang mete 1 kg,DKI Jakarta,Jakarta Pusat,20238370
01-10-2022,PHI Mini Market - Jakarta Pusat 01,Kusuma Dominik,P,Makanan & Minuman,markisa 600 ml,DKI Jakarta,Jakarta Pusat,6144180
01-10-2022,PHI Mini Market - Jakarta Pusat 01,Kusuma Dominik,P,Makanan & Minuman,mie instant 1 kotak (40 bungkus),DKI Jakarta,Jakarta Pusat,24735550
01-10-2022,PHI Mini Market - Jakarta Pusat 01,Kusuma Dominik,P,Makanan & Minuman,minuman probiotik,DKI Jakarta,Jakarta Pusat,232230
01-10-2022,PHI Mini Market - Jakarta Pusat 01,Kusuma Dominik,P,Makanan & Minuman,nasi goreng instant (1 ons),DKI Jakarta,Jakarta Pusat,2517320
01-10-2022,PHI Mini Market - Jakarta Pusat 01,Kusuma Dominik,P,Makanan & Minuman,snack gurih 1 ons,DKI Jakarta,Jakarta Pusat,1837700
01-10-2022,PHI Mini Market - Jakarta Pusat 01,Kusuma Dominik,P,Makanan & Minuman,susu kotak (800 ml),DKI Jakarta,Jakarta Pusat,4925440
01-10-2022,PHI Mini Market - Jakarta Pusat 01,Kusuma Dominik,P,Makanan & Minuman,susu kotak 1 l,DKI Jakarta,Jakarta Pusat,3399640
01-10-2022,PHI Mini Market - Jakarta Pusat 01,Kusuma Dominik,P,Makanan & Minuman,telur ayam kampung 1 kg,DKI Jakarta,Jakarta Pusat,5838150
01-10-2022,PHI Mini Market - Jakarta Pusat 01,Kusuma Dominik,P,Makanan & Minuman,telur ayam ras 1 kg,DKI Jakarta,Jakarta Pusat,2930180
01-10-2022,PHI Mini Market - Jakarta Pusat 01,Kusuma Dominik,P,Sayur-Sayuran,bawang merah 1 kg,DKI Jakarta,Jakarta Pusat,4143690
01-10-2022,PHI Mini Market - Jakarta Pusat 01,Kusuma Dominik,P,Sayur-Sayuran,bawang putih 1 kg,DKI Jakarta,Jakarta Pusat,1620410
01-10-2022,PHI Mini Market - Jakarta Pusat 01,Kusuma Dominik,P,Sayur-Sayuran,buncis 1 kg,DKI Jakarta,Jakarta Pusat,2562290
01-10-2022,PHI Mini Market - Jakarta Pusat 01,Kusuma Dominik,P,Sayur-Sayuran,kacang hijau 1 kg,DKI Jakarta,Jakarta Pusat,3855310
01-10-2022,PHI Mini Market - Jakarta Pusat 01,Kusuma Dominik,P,Sayur-Sayuran,kacang panjang 1 kg,DKI Jakarta,Jakarta Pusat,2468390
01-10-2022,PHI Mini Market - Jakarta Pusat 01,Kusuma Dominik,P,Sayur-Sayuran,kentang 1 kg,DKI Jakarta,Jakarta Pusat,3578790
01-10-2022,PHI Mini Market - Jakarta Pusat 01,Kusuma Dominik,P,Sayur-Sayuran,ketimun 1 kg,DKI Jakarta,Jakarta Pusat,1526930
01-10-2022,PHI Mini Market - Jakarta Pusat 01,Kusuma Dominik,P,Sayur-Sayuran,kobis 1 kg,DKI Jakarta,Jakarta Pusat,319830
01-10-2022,PHI Mini Market - Jakarta Pusat 01,Kusuma Dominik,P,Sayur-Sayuran,tomat 1 kg,DKI Jakarta,Jakarta Pusat,1466290
01-10-2022,PHI Mini Market - Jakarta Pusat 01,Kusuma Dominik,P,Sayur-Sayuran,ubi jalar 1 kg,DKI Jakarta,Jakarta Pusat,517800
01-10-2022,PHI Mini Market - Jakarta Pusat 01,Kusuma Dominik,P,Sayur-Sayuran,ubi kayu basah 1 kg,DKI Jakarta,Jakarta Pusat,352240
01-10-2022,PHI Mini Market - Jakarta Pusat 01,Kusuma Dominik,P,Sayur-Sayuran,wortel 1 kg,DKI Jakarta,Jakarta Pusat,1119820
01-10-2022,PHI Mini Market - Jakarta Pusat 01,Sentosa Indrawan,P,Buah,alpukat 1 kg,DKI Jakarta,Jakarta Pusat,1863190
01-10-2022,PHI Mini Market - Jakarta Pusat 01,Sentosa Indrawan,P,Buah,apel 1 kg,DKI Jakarta,Jakarta Pusat,18156550
01-10-2022,PHI Mini Market - Jakarta Pusat 01,Sentosa Indrawan,P,Buah,belimbing 1 kg,DKI Jakarta,Jakarta Pusat,1828940
01-10-2022,PHI Mini Market - Jakarta Pusat 01,Sentosa Indrawan,P,Buah,durian 1 kg,DKI Jakarta,Jakarta Pusat,6465530
01-10-2022,PHI Mini Market - Jakarta Pusat 01,Sentosa Indrawan,P,Buah,jeruk 1 kg,DKI Jakarta,Jakarta Pusat,3650740
01-10-2022,PHI Mini Market - Jakarta Pusat 01,Sentosa Indrawan,P,Buah,kelapa muda,DKI Jakarta,Jakarta Pusat,1208270
01-10-2022,PHI Mini Market - Jakarta Pusat 01,Sentosa Indrawan,P,Makanan & Minuman,air mineral 600 ml,DKI Jakarta,Jakarta Pusat,501920
01-10-2022,PHI Mini Market - Jakarta Pusat 01,Sentosa Indrawan,P,Makanan & Minuman,bumbu fried chicken,DKI Jakarta,Jakarta Pusat,4526310
01-10-2022,PHI Mini Market - Jakarta Pusat 01,Sentosa Indrawan,P,Makanan & Minuman,jus kesehatan 600 ml,DKI Jakarta,Jakarta Pusat,1808260
01-10-2022,PHI Mini Market - Jakarta Pusat 01,Sentosa Indrawan,P,Makanan & Minuman,kacang goreng 1 kg,DKI Jakarta,Jakarta Pusat,4447430
01-10-2022,PHI Mini Market - Jakarta Pusat 01,Sentosa Indrawan,P,Makanan & Minuman,kacang mete 1 kg,DKI Jakarta,Jakarta Pusat,30843130
01-10-2022,PHI Mini Market - Jakarta Pusat 01,Sentosa Indrawan,P,Makanan & Minuman,markisa 600 ml,DKI Jakarta,Jakarta Pusat,4869490
01-10-2022,PHI Mini Market - Jakarta Pusat 01,Sentosa Indrawan,P,Makanan & Minuman,mie instant 1 kotak (40 bungkus),DKI Jakarta,Jakarta Pusat,39681530
01-10-2022,PHI Mini Market - Jakarta Pusat 01,Sentosa Indrawan,P,Makanan & Minuman,minuman probiotik,DKI Jakarta,Jakarta Pusat,342480
01-10-2022,PHI Mini Market - Jakarta Pusat 01,Sentosa Indrawan,P,Makanan & Minuman,nasi goreng instant (1 ons),DKI Jakarta,Jakarta Pusat,1408070
01-10-2022,PHI Mini Market - Jakarta Pusat 01,Sentosa Indrawan,P,Makanan & Minuman,snack gurih 1 ons,DKI Jakarta,Jakarta Pusat,987400
01-10-2022,PHI Mini Market - Jakarta Pusat 01,Sentosa Indrawan,P,Makanan & Minuman,susu kotak (800 ml),DKI Jakarta,Jakarta Pusat,5155980
01-10-2022,PHI Mini Market - Jakarta Pusat 01,Sentosa Indrawan,P,Makanan & Minuman,susu kotak 1 l,DKI Jakarta,Jakarta Pusat,4288730
01-10-2022,PHI Mini Market - Jakarta Pusat 01,Sentosa Indrawan,P,Makanan & Minuman,telur ayam kampung 1 kg,DKI Jakarta,Jakarta Pusat,5506640
01-10-2022,PHI Mini Market - Jakarta Pusat 01,Sentosa Indrawan,P,Makanan & Minuman,telur ayam ras 1 kg,DKI Jakarta,Jakarta Pusat,4918460
01-10-2022,PHI Mini Market - Jakarta Pusat 01,Sentosa Indrawan,P,Sayur-Sayuran,bawang merah 1 kg,DKI Jakarta,Jakarta Pusat,3382490
01-10-2022,PHI Mini Market - Jakarta Pusat 01,Sentosa Indrawan,P,Sayur-Sayuran,bawang putih 1 kg,DKI Jakarta,Jakarta Pusat,1512220
01-10-2022,PHI Mini Market - Jakarta Pusat 01,Sentosa Indrawan,P,Sayur-Sayuran,buncis 1 kg,DKI Jakarta,Jakarta Pusat,2756620
01-10-2022,PHI Mini Market - Jakarta Pusat 01,Sentosa Indrawan,P,Sayur-Sayuran,kacang hijau 1 kg,DKI Jakarta,Jakarta Pusat,1827490
01-10-2022,PHI Mini Market - Jakarta Pusat 01,Sentosa Indrawan,P,Sayur-Sayuran,kacang panjang 1 kg,DKI Jakarta,Jakarta Pusat,2494010
01-10-2022,PHI Mini Market - Jakarta Pusat 01,Sentosa Indrawan,P,Sayur-Sayuran,kentang 1 kg,DKI Jakarta,Jakarta Pusat,3285100
01-10-2022,PHI Mini Market - Jakarta Pusat 01,Sentosa Indrawan,P,Sayur-Sayuran,ketimun 1 kg,DKI Jakarta,Jakarta Pusat,1406630
01-10-2022,PHI Mini Market - Jakarta Pusat 01,Sentosa Indrawan,P,Sayur-Sayuran,kobis 1 kg,DKI Jakarta,Jakarta Pusat,284980
01-10-2022,PHI Mini Market - Jakarta Pusat 01,Sentosa Indrawan,P,Sayur-Sayuran,tomat 1 kg,DKI Jakarta,Jakarta Pusat,1289290
01-10-2022,PHI Mini Market - Jakarta Pusat 01,Sentosa Indrawan,P,Sayur-Sayuran,ubi jalar 1 kg,DKI Jakarta,Jakarta Pusat,390590
01-10-2022,PHI Mini Market - Jakarta Pusat 01,Sentosa Indrawan,P,Sayur-Sayuran,ubi kayu basah 1 kg,DKI Jakarta,Jakarta Pusat,405400
01-10-2022,PHI Mini Market - Jakarta Pusat 01,Sentosa Indrawan,P,Sayur-Sayuran,wortel 1 kg,DKI Jakarta,Jakarta Pusat,1623270
01-10-2022,PHI Mini Market - Makassar 01,Agus Dewangga,P,Buah,alpukat 1 kg,Sulawesi Selatan,Makassar,2241480
01-10-2022,PHI Mini Market - Makassar 01,Agus Dewangga,P,Buah,apel 1 kg,Sulawesi Selatan,Makassar,10535150
01-10-2022,PHI Mini Market - Makassar 01,Agus Dewangga,P,Buah,belimbing 1 kg,Sulawesi Selatan,Makassar,1625640
01-10-2022,PHI Mini Market - Makassar 01,Agus Dewangga,P,Buah,durian 1 kg,Sulawesi Selatan,Makassar,7690980
01-10-2022,PHI Mini Market - Makassar 01,Agus Dewangga,P,Buah,jeruk 1 kg,Sulawesi Selatan,Makassar,3737750
01-10-2022,PHI Mini Market - Makassar 01,Agus Dewangga,P,Buah,kelapa muda,Sulawesi Selatan,Makassar,1373620
01-10-2022,PHI Mini Market - Makassar 01,Agus Dewangga,P,Buah,mangga 1 kg,Sulawesi Selatan,Makassar,4698170
01-10-2022,PHI Mini Market - Makassar 01,Agus Dewangga,P,Makanan & Minuman,air mineral 600 ml,Sulawesi Selatan,Makassar,288970
01-10-2022,PHI Mini Market - Makassar 01,Agus Dewangga,P,Makanan & Minuman,bumbu fried chicken,Sulawesi Selatan,Makassar,5553600
01-10-2022,PHI Mini Market - Makassar 01,Agus Dewangga,P,Makanan & Minuman,jus kesehatan 600 ml,Sulawesi Selatan,Makassar,2618460
01-10-2022,PHI Mini Market - Makassar 01,Agus Dewangga,P,Makanan & Minuman,kacang goreng 1 kg,Sulawesi Selatan,Makassar,3416760
01-10-2022,PHI Mini Market - Makassar 01,Agus Dewangga,P,Makanan & Minuman,kacang mete 1 kg,Sulawesi Selatan,Makassar,25277120
01-10-2022,PHI Mini Market - Makassar 01,Agus Dewangga,P,Makanan & Minuman,markisa 600 ml,Sulawesi Selatan,Makassar,3893670
01-10-2022,PHI Mini Market - Makassar 01,Agus Dewangga,P,Makanan & Minuman,mie instant 1 kotak (40 bungkus),Sulawesi Selatan,Makassar,32533570
01-10-2022,PHI Mini Market - Makassar 01,Agus Dewangga,P,Makanan & Minuman,minuman probiotik,Sulawesi Selatan,Makassar,277490
01-10-2022,PHI Mini Market - Makassar 01,Agus Dewangga,P,Makanan & Minuman,nasi goreng instant (1 ons),Sulawesi Selatan,Makassar,1282350
01-10-2022,PHI Mini Market - Makassar 01,Agus Dewangga,P,Makanan & Minuman,snack gurih 1 ons,Sulawesi Selatan,Makassar,1701340
01-10-2022,PHI Mini Market - Makassar 01,Agus Dewangga,P,Makanan & Minuman,susu kotak (800 ml),Sulawesi Selatan,Makassar,3382750
01-10-2022,PHI Mini Market - Makassar 01,Agus Dewangga,P,Makanan & Minuman,susu kotak 1 l,Sulawesi Selatan,Makassar,2962660
01-10-2022,PHI Mini Market - Makassar 01,Agus Dewangga,P,Makanan & Minuman,telur ayam kampung 1 kg,Sulawesi Selatan,Makassar,6280170
01-10-2022,PHI Mini Market - Makassar 01,Agus Dewangga,P,Makanan & Minuman,telur ayam ras 1 kg,Sulawesi Selatan,Makassar,4201000
01-10-2022,PHI Mini Market - Makassar 01,Agus Dewangga,P,Sayur-Sayuran,bawang merah 1 kg,Sulawesi Selatan,Makassar,3397530
01-10-2022,PHI Mini Market - Makassar 01,Agus Dewangga,P,Sayur-Sayuran,bawang putih 1 kg,Sulawesi Selatan,Makassar,1236770
01-10-2022,PHI Mini Market - Makassar 01,Agus Dewangga,P,Sayur-Sayuran,buncis 1 kg,Sulawesi Selatan,Makassar,1551460
01-10-2022,PHI Mini Market - Makassar 01,Agus Dewangga,P,Sayur-Sayuran,kacang hijau 1 kg,Sulawesi Selatan,Makassar,2045190
01-10-2022,PHI Mini Market - Makassar 01,Agus Dewangga,P,Sayur-Sayuran,kacang panjang 1 kg,Sulawesi Selatan,Makassar,2941150
01-10-2022,PHI Mini Market - Makassar 01,Agus Dewangga,P,Sayur-Sayuran,kentang 1 kg,Sulawesi Selatan,Makassar,1850190
01-10-2022,PHI Mini Market - Makassar 01,Agus Dewangga,P,Sayur-Sayuran,ketimun 1 kg,Sulawesi Selatan,Makassar,1482360
01-10-2022,PHI Mini Market - Makassar 01,Agus Dewangga,P,Sayur-Sayuran,kobis 1 kg,Sulawesi Selatan,Makassar,310060
01-10-2022,PHI Mini Market - Makassar 01,Agus Dewangga,P,Sayur-Sayuran,tomat 1 kg,Sulawesi Selatan,Makassar,1403580
01-10-2022,PHI Mini Market - Makassar 01,Agus Dewangga,P,Sayur-Sayuran,ubi jalar 1 kg,Sulawesi Selatan,Makassar,426870
01-10-2022,PHI Mini Market - Makassar 01,Agus Dewangga,P,Sayur-Sayuran,ubi kayu basah 1 kg,Sulawesi Selatan,Makassar,289760
01-10-2022,PHI Mini Market - Makassar 01,Agus Dewangga,P,Sayur-Sayuran,wortel 1 kg,Sulawesi Selatan,Makassar,1151610
01-10-2022,PHI Mini Market - Makassar 01,Bintang Maven,W,Buah,alpukat 1 kg,Sulawesi Selatan,Makassar,1986200
01-10-2022,PHI Mini Market - Makassar 01,Bintang Maven,W,Buah,apel 1 kg,Sulawesi Selatan,Makassar,22243110
01-10-2022,PHI Mini Market - Makassar 01,Bintang Maven,W,Buah,belimbing 1 kg,Sulawesi Selatan,Makassar,1133610
01-10-2022,PHI Mini Market - Makassar 01,Bintang Maven,W,Buah,durian 1 kg,Sulawesi Selatan,Makassar,5561560
01-10-2022,PHI Mini Market - Makassar 01,Bintang Maven,W,Buah,jeruk 1 kg,Sulawesi Selatan,Makassar,4849830
01-10-2022,PHI Mini Market - Makassar 01,Bintang Maven,W,Buah,kelapa muda,Sulawesi Selatan,Makassar,1353920
01-10-2022,PHI Mini Market - Makassar 01,Bintang Maven,W,Buah,mangga 1 kg,Sulawesi Selatan,Makassar,4537710
01-10-2022,PHI Mini Market - Makassar 01,Bintang Maven,W,Makanan & Minuman,air mineral 600 ml,Sulawesi Selatan,Makassar,416550
01-10-2022,PHI Mini Market - Makassar 01,Bintang Maven,W,Makanan & Minuman,bumbu fried chicken,Sulawesi Selatan,Makassar,4808510
01-10-2022,PHI Mini Market - Makassar 01,Bintang Maven,W,Makanan & Minuman,jus kesehatan 600 ml,Sulawesi Selatan,Makassar,3888430
01-10-2022,PHI Mini Market - Makassar 01,Bintang Maven,W,Makanan & Minuman,kacang goreng 1 kg,Sulawesi Selatan,Makassar,4477340
01-10-2022,PHI Mini Market - Makassar 01,Bintang Maven,W,Makanan & Minuman,kacang mete 1 kg,Sulawesi Selatan,Makassar,26191460
01-10-2022,PHI Mini Market - Makassar 01,Bintang Maven,W,Makanan & Minuman,markisa 600 ml,Sulawesi Selatan,Makassar,4161370
01-10-2022,PHI Mini Market - Makassar 01,Bintang Maven,W,Makanan & Minuman,mie instant 1 kotak (40 bungkus),Sulawesi Selatan,Makassar,44447010
01-10-2022,PHI Mini Market - Makassar 01,Bintang Maven,W,Makanan & Minuman,minuman probiotik,Sulawesi Selatan,Makassar,234490
01-10-2022,PHI Mini Market - Makassar 01,Bintang Maven,W,Makanan & Minuman,nasi goreng instant (1 ons),Sulawesi Selatan,Makassar,2337140
01-10-2022,PHI Mini Market - Makassar 01,Bintang Maven,W,Makanan & Minuman,snack gurih 1 ons,Sulawesi Selatan,Makassar,2148370
01-10-2022,PHI Mini Market - Makassar 01,Bintang Maven,W,Makanan & Minuman,susu kotak (800 ml),Sulawesi Selatan,Makassar,4387780
01-10-2022,PHI Mini Market - Makassar 01,Bintang Maven,W,Makanan & Minuman,susu kotak 1 l,Sulawesi Selatan,Makassar,2946640
01-10-2022,PHI Mini Market - Makassar 01,Bintang Maven,W,Makanan & Minuman,telur ayam kampung 1 kg,Sulawesi Selatan,Makassar,6154760
01-10-2022,PHI Mini Market - Makassar 01,Bintang Maven,W,Makanan & Minuman,telur ayam ras 1 kg,Sulawesi Selatan,Makassar,2833690
01-10-2022,PHI Mini Market - Makassar 01,Bintang Maven,W,Sayur-Sayuran,bawang merah 1 kg,Sulawesi Selatan,Makassar,3493020
01-10-2022,PHI Mini Market - Makassar 01,Bintang Maven,W,Sayur-Sayuran,bawang putih 1 kg,Sulawesi Selatan,Makassar,1676910
01-10-2022,PHI Mini Market - Makassar 01,Bintang Maven,W,Sayur-Sayuran,buncis 1 kg,Sulawesi Selatan,Makassar,1932170
01-10-2022,PHI Mini Market - Makassar 01,Bintang Maven,W,Sayur-Sayuran,kacang hijau 1 kg,Sulawesi Selatan,Makassar,3218920
01-10-2022,PHI Mini Market - Makassar 01,Bintang Maven,W,Sayur-Sayuran,kacang panjang 1 kg,Sulawesi Selatan,Makassar,1991090
01-10-2022,PHI Mini Market - Makassar 01,Bintang Maven,W,Sayur-Sayuran,kentang 1 kg,Sulawesi Selatan,Makassar,2528650
01-10-2022,PHI Mini Market - Makassar 01,Bintang Maven,W,Sayur-Sayuran,ketimun 1 kg,Sulawesi Selatan,Makassar,1470370
01-10-2022,PHI Mini Market - Makassar 01,Bintang Maven,W,Sayur-Sayuran,kobis 1 kg,Sulawesi Selatan,Makassar,458000
01-10-2022,PHI Mini Market - Makassar 01,Bintang Maven,W,Sayur-Sayuran,tomat 1 kg,Sulawesi Selatan,Makassar,1835390
01-10-2022,PHI Mini Market - Makassar 01,Bintang Maven,W,Sayur-Sayuran,ubi jalar 1 kg,Sulawesi Selatan,Makassar,283720
01-10-2022,PHI Mini Market - Makassar 01,Bintang Maven,W,Sayur-Sayuran,ubi kayu basah 1 kg,Sulawesi Selatan,Makassar,330570
01-10-2022,PHI Mini Market - Makassar 01,Bintang Maven,W,Sayur-Sayuran,wortel 1 kg,Sulawesi Selatan,Makassar,1282430
01-10-2022,PHI Mini Market - Makassar 01,Eriq Jagat,P,Buah,alpukat 1 kg,Sulawesi Selatan,Makassar,1751880
01-10-2022,PHI Mini Market - Makassar 01,Eriq Jagat,P,Buah,apel 1 kg,Sulawesi Selatan,Makassar,17701910
01-10-2022,PHI Mini Market - Makassar 01,Eriq Jagat,P,Buah,belimbing 1 kg,Sulawesi Selatan,Makassar,1671320
01-10-2022,PHI Mini Market - Makassar 01,Eriq Jagat,P,Buah,durian 1 kg,Sulawesi Selatan,Makassar,6630570
01-10-2022,PHI Mini Market - Makassar 01,Eriq Jagat,P,Buah,jeruk 1 kg,Sulawesi Selatan,Makassar,4948560
01-10-2022,PHI Mini Market - Makassar 01,Eriq Jagat,P,Buah,kelapa muda,Sulawesi Selatan,Makassar,1187970
01-10-2022,PHI Mini Market - Makassar 01,Eriq Jagat,P,Makanan & Minuman,air mineral 600 ml,Sulawesi Selatan,Makassar,474390
01-10-2022,PHI Mini Market - Makassar 01,Eriq Jagat,P,Makanan & Minuman,bumbu fried chicken,Sulawesi Selatan,Makassar,3813070
01-10-2022,PHI Mini Market - Makassar 01,Eriq Jagat,P,Makanan & Minuman,jus kesehatan 600 ml,Sulawesi Selatan,Makassar,3407950
01-10-2022,PHI Mini Market - Makassar 01,Eriq Jagat,P,Makanan & Minuman,kacang goreng 1 kg,Sulawesi Selatan,Makassar,4271650
01-10-2022,PHI Mini Market - Makassar 01,Eriq Jagat,P,Makanan & Minuman,kacang mete 1 kg,Sulawesi Selatan,Makassar,25907570
01-10-2022,PHI Mini Market - Makassar 01,Eriq Jagat,P,Makanan & Minuman,markisa 600 ml,Sulawesi Selatan,Makassar,5028380
01-10-2022,PHI Mini Market - Makassar 01,Eriq Jagat,P,Makanan & Minuman,mie instant 1 kotak (40 bungkus),Sulawesi Selatan,Makassar,24942220
01-10-2022,PHI Mini Market - Makassar 01,Eriq Jagat,P,Makanan & Minuman,minuman probiotik,Sulawesi Selatan,Makassar,271960
01-10-2022,PHI Mini Market - Makassar 01,Eriq Jagat,P,Makanan & Minuman,nasi goreng instant (1 ons),Sulawesi Selatan,Makassar,2776130
01-10-2022,PHI Mini Market - Makassar 01,Eriq Jagat,P,Makanan & Minuman,snack gurih 1 ons,Sulawesi Selatan,Makassar,2222080
01-10-2022,PHI Mini Market - Makassar 01,Eriq Jagat,P,Makanan & Minuman,susu kotak (800 ml),Sulawesi Selatan,Makassar,3082400
01-10-2022,PHI Mini Market - Makassar 01,Eriq Jagat,P,Makanan & Minuman,susu kotak 1 l,Sulawesi Selatan,Makassar,3234720
01-10-2022,PHI Mini Market - Makassar 01,Eriq Jagat,P,Makanan & Minuman,telur ayam kampung 1 kg,Sulawesi Selatan,Makassar,5403980
01-10-2022,PHI Mini Market - Makassar 01,Eriq Jagat,P,Makanan & Minuman,telur ayam ras 1 kg,Sulawesi Selatan,Makassar,4183370
01-10-2022,PHI Mini Market - Makassar 01,Eriq Jagat,P,Sayur-Sayuran,bawang merah 1 kg,Sulawesi Selatan,Makassar,2762240
01-10-2022,PHI Mini Market - Makassar 01,Eriq Jagat,P,Sayur-Sayuran,bawang putih 1 kg,Sulawesi Selatan,Makassar,1800380
01-10-2022,PHI Mini Market - Makassar 01,Eriq Jagat,P,Sayur-Sayuran,buncis 1 kg,Sulawesi Selatan,Makassar,1689820
01-10-2022,PHI Mini Market - Makassar 01,Eriq Jagat,P,Sayur-Sayuran,kacang hijau 1 kg,Sulawesi Selatan,Makassar,2314830
01-10-2022,PHI Mini Market - Makassar 01,Eriq Jagat,P,Sayur-Sayuran,kacang panjang 1 kg,Sulawesi Selatan,Makassar,2704340
01-10-2022,PHI Mini Market - Makassar 01,Eriq Jagat,P,Sayur-Sayuran,kentang 1 kg,Sulawesi Selatan,Makassar,3014390
01-10-2022,PHI Mini Market - Makassar 01,Eriq Jagat,P,Sayur-Sayuran,ketimun 1 kg,Sulawesi Selatan,Makassar,1007680
01-10-2022,PHI Mini Market - Makassar 01,Eriq Jagat,P,Sayur-Sayuran,kobis 1 kg,Sulawesi Selatan,Makassar,305070
01-10-2022,PHI Mini Market - Makassar 01,Eriq Jagat,P,Sayur-Sayuran,tomat 1 kg,Sulawesi Selatan,Makassar,2243520
01-10-2022,PHI Mini Market - Makassar 01,Eriq Jagat,P,Sayur-Sayuran,ubi jalar 1 kg,Sulawesi Selatan,Makassar,409130
01-10-2022,PHI Mini Market - Makassar 01,Eriq Jagat,P,Sayur-Sayuran,ubi kayu basah 1 kg,Sulawesi Selatan,Makassar,293960
01-10-2022,PHI Mini Market - Makassar 01,Eriq Jagat,P,Sayur-Sayuran,wortel 1 kg,Sulawesi Selatan,Makassar,820840
01-10-2022,PHI Mini Market - Makassar 01,Eriq Menawan,P,Buah,alpukat 1 kg,Sulawesi Selatan,Makassar,2269190
01-10-2022,PHI Mini Market - Makassar 01,Eriq Menawan,P,Buah,apel 1 kg,Sulawesi Selatan,Makassar,20053950
01-10-2022,PHI Mini Market - Makassar 01,Eriq Menawan,P,Buah,belimbing 1 kg,Sulawesi Selatan,Makassar,1137550
01-10-2022,PHI Mini Market - Makassar 01,Eriq Menawan,P,Buah,durian 1 kg,Sulawesi Selatan,Makassar,4781320
01-10-2022,PHI Mini Market - Makassar 01,Eriq Menawan,P,Buah,jeruk 1 kg,Sulawesi Selatan,Makassar,4589100
01-10-2022,PHI Mini Market - Makassar 01,Eriq Menawan,P,Buah,kelapa muda,Sulawesi Selatan,Makassar,1577790
01-10-2022,PHI Mini Market - Makassar 01,Eriq Menawan,P,Makanan & Minuman,air mineral 600 ml,Sulawesi Selatan,Makassar,280230
01-10-2022,PHI Mini Market - Makassar 01,Eriq Menawan,P,Makanan & Minuman,bumbu fried chicken,Sulawesi Selatan,Makassar,4974090
01-10-2022,PHI Mini Market - Makassar 01,Eriq Menawan,P,Makanan & Minuman,jus kesehatan 600 ml,Sulawesi Selatan,Makassar,3255180
01-10-2022,PHI Mini Market - Makassar 01,Eriq Menawan,P,Makanan & Minuman,kacang goreng 1 kg,Sulawesi Selatan,Makassar,2935220
01-10-2022,PHI Mini Market - Makassar 01,Eriq Menawan,P,Makanan & Minuman,kacang mete 1 kg,Sulawesi Selatan,Makassar,25150330
01-10-2022,PHI Mini Market - Makassar 01,Eriq Menawan,P,Makanan & Minuman,markisa 600 ml,Sulawesi Selatan,Makassar,5517730
01-10-2022,PHI Mini Market - Makassar 01,Eriq Menawan,P,Makanan & Minuman,mie instant 1 kotak (40 bungkus),Sulawesi Selatan,Makassar,32154320
01-10-2022,PHI Mini Market - Makassar 01,Eriq Menawan,P,Makanan & Minuman,minuman probiotik,Sulawesi Selatan,Makassar,264170
01-10-2022,PHI Mini Market - Makassar 01,Eriq Menawan,P,Makanan & Minuman,nasi goreng instant (1 ons),Sulawesi Selatan,Makassar,1641910
01-10-2022,PHI Mini Market - Makassar 01,Eriq Menawan,P,Makanan & Minuman,snack gurih 1 ons,Sulawesi Selatan,Makassar,1592090
01-10-2022,PHI Mini Market - Makassar 01,Eriq Menawan,P,Makanan & Minuman,susu kotak (800 ml),Sulawesi Selatan,Makassar,3786600
01-10-2022,PHI Mini Market - Makassar 01,Eriq Menawan,P,Makanan & Minuman,susu kotak 1 l,Sulawesi Selatan,Makassar,2308770
01-10-2022,PHI Mini Market - Makassar 01,Eriq Menawan,P,Makanan & Minuman,telur ayam kampung 1 kg,Sulawesi Selatan,Makassar,5929200
01-10-2022,PHI Mini Market - Makassar 01,Eriq Menawan,P,Makanan & Minuman,telur ayam ras 1 kg,Sulawesi Selatan,Makassar,3372850
01-10-2022,PHI Mini Market - Makassar 01,Eriq Menawan,P,Sayur-Sayuran,bawang merah 1 kg,Sulawesi Selatan,Makassar,4547520
01-10-2022,PHI Mini Market - Makassar 01,Eriq Menawan,P,Sayur-Sayuran,bawang putih 1 kg,Sulawesi Selatan,Makassar,1195400
01-10-2022,PHI Mini Market - Makassar 01,Eriq Menawan,P,Sayur-Sayuran,buncis 1 kg,Sulawesi Selatan,Makassar,2064810
01-10-2022,PHI Mini Market - Makassar 01,Eriq Menawan,P,Sayur-Sayuran,kacang hijau 1 kg,Sulawesi Selatan,Makassar,2383890
01-10-2022,PHI Mini Market - Makassar 01,Eriq Menawan,P,Sayur-Sayuran,kacang panjang 1 kg,Sulawesi Selatan,Makassar,3036440
01-10-2022,PHI Mini Market - Makassar 01,Eriq Menawan,P,Sayur-Sayuran,kentang 1 kg,Sulawesi Selatan,Makassar,1702190
01-10-2022,PHI Mini Market - Makassar 01,Eriq Menawan,P,Sayur-Sayuran,ketimun 1 kg,Sulawesi Selatan,Makassar,2054220
01-10-2022,PHI Mini Market - Makassar 01,Eriq Menawan,P,Sayur-Sayuran,kobis 1 kg,Sulawesi Selatan,Makassar,357930
01-10-2022,PHI Mini Market - Makassar 01,Eriq Menawan,P,Sayur-Sayuran,tomat 1 kg,Sulawesi Selatan,Makassar,1403800
01-10-2022,PHI Mini Market - Makassar 01,Eriq Menawan,P,Sayur-Sayuran,ubi jalar 1 kg,Sulawesi Selatan,Makassar,442130
01-10-2022,PHI Mini Market - Makassar 01,Eriq Menawan,P,Sayur-Sayuran,ubi kayu basah 1 kg,Sulawesi Selatan,Makassar,480730
01-10-2022,PHI Mini Market - Makassar 01,Eriq Menawan,P,Sayur-Sayuran,wortel 1 kg,Sulawesi Selatan,Makassar,739840
01-10-2022,PHI Mini Market - Makassar 01,Ferdy Tenteram,P,Buah,alpukat 1 kg,Sulawesi Selatan,Makassar,1714880
01-10-2022,PHI Mini Market - Makassar 01,Ferdy Tenteram,P,Buah,apel 1 kg,Sulawesi Selatan,Makassar,11312730
01-10-2022,PHI Mini Market - Makassar 01,Ferdy Tenteram,P,Buah,belimbing 1 kg,Sulawesi Selatan,Makassar,1194580
01-10-2022,PHI Mini Market - Makassar 01,Ferdy Tenteram,P,Buah,durian 1 kg,Sulawesi Selatan,Makassar,4719460
01-10-2022,PHI Mini Market - Makassar 01,Ferdy Tenteram,P,Buah,jeruk 1 kg,Sulawesi Selatan,Makassar,4378080
01-10-2022,PHI Mini Market - Makassar 01,Ferdy Tenteram,P,Buah,kelapa muda,Sulawesi Selatan,Makassar,1548160
01-10-2022,PHI Mini Market - Makassar 01,Ferdy Tenteram,P,Buah,mangga 1 kg,Sulawesi Selatan,Makassar,5348270
01-10-2022,PHI Mini Market - Makassar 01,Ferdy Tenteram,P,Makanan & Minuman,air mineral 600 ml,Sulawesi Selatan,Makassar,328070
01-10-2022,PHI Mini Market - Makassar 01,Ferdy Tenteram,P,Makanan & Minuman,bumbu fried chicken,Sulawesi Selatan,Makassar,4386650
01-10-2022,PHI Mini Market - Makassar 01,Ferdy Tenteram,P,Makanan & Minuman,jus kesehatan 600 ml,Sulawesi Selatan,Makassar,3469910
01-10-2022,PHI Mini Market - Makassar 01,Ferdy Tenteram,P,Makanan & Minuman,kacang goreng 1 kg,Sulawesi Selatan,Makassar,3518620
01-10-2022,PHI Mini Market - Makassar 01,Ferdy Tenteram,P,Makanan & Minuman,kacang mete 1 kg,Sulawesi Selatan,Makassar,34202820
01-10-2022,PHI Mini Market - Makassar 01,Ferdy Tenteram,P,Makanan & Minuman,markisa 600 ml,Sulawesi Selatan,Makassar,4184180
01-10-2022,PHI Mini Market - Makassar 01,Ferdy Tenteram,P,Makanan & Minuman,mie instant 1 kotak (40 bungkus),Sulawesi Selatan,Makassar,22173230
01-10-2022,PHI Mini Market - Makassar 01,Ferdy Tenteram,P,Makanan & Minuman,minuman probiotik,Sulawesi Selatan,Makassar,350700
01-10-2022,PHI Mini Market - Makassar 01,Ferdy Tenteram,P,Makanan & Minuman,nasi goreng instant (1 ons),Sulawesi Selatan,Makassar,2303550
01-10-2022,PHI Mini Market - Makassar 01,Ferdy Tenteram,P,Makanan & Minuman,snack gurih 1 ons,Sulawesi Selatan,Makassar,1649510
01-10-2022,PHI Mini Market - Makassar 01,Ferdy Tenteram,P,Makanan & Minuman,susu kotak (800 ml),Sulawesi Selatan,Makassar,3332160
01-10-2022,PHI Mini Market - Makassar 01,Ferdy Tenteram,P,Makanan & Minuman,susu kotak 1 l,Sulawesi Selatan,Makassar,3652940
01-10-2022,PHI Mini Market - Makassar 01,Ferdy Tenteram,P,Makanan & Minuman,telur ayam kampung 1 kg,Sulawesi Selatan,Makassar,3352310
01-10-2022,PHI Mini Market - Makassar 01,Ferdy Tenteram,P,Makanan & Minuman,telur ayam ras 1 kg,Sulawesi Selatan,Makassar,3954120
01-10-2022,PHI Mini Market - Makassar 01,Ferdy Tenteram,P,Sayur-Sayuran,bawang merah 1 kg,Sulawesi Selatan,Makassar,5085540
01-10-2022,PHI Mini Market - Makassar 01,Ferdy Tenteram,P,Sayur-Sayuran,bawang putih 1 kg,Sulawesi Selatan,Makassar,1422110
01-10-2022,PHI Mini Market - Makassar 01,Ferdy Tenteram,P,Sayur-Sayuran,buncis 1 kg,Sulawesi Selatan,Makassar,3173650
01-10-2022,PHI Mini Market - Makassar 01,Ferdy Tenteram,P,Sayur-Sayuran,kacang hijau 1 kg,Sulawesi Selatan,Makassar,2041430
01-10-2022,PHI Mini Market - Makassar 01,Ferdy Tenteram,P,Sayur-Sayuran,kacang panjang 1 kg,Sulawesi Selatan,Makassar,1549410
01-10-2022,PHI Mini Market - Makassar 01,Ferdy Tenteram,P,Sayur-Sayuran,kentang 1 kg,Sulawesi Selatan,Makassar,3490290
01-10-2022,PHI Mini Market - Makassar 01,Ferdy Tenteram,P,Sayur-Sayuran,ketimun 1 kg,Sulawesi Selatan,Makassar,1122380
01-10-2022,PHI Mini Market - Makassar 01,Ferdy Tenteram,P,Sayur-Sayuran,kobis 1 kg,Sulawesi Selatan,Makassar,368740
01-10-2022,PHI Mini Market - Makassar 01,Ferdy Tenteram,P,Sayur-Sayuran,tomat 1 kg,Sulawesi Selatan,Makassar,1814750
01-10-2022,PHI Mini Market - Makassar 01,Ferdy Tenteram,P,Sayur-Sayuran,ubi jalar 1 kg,Sulawesi Selatan,Makassar,469420
01-10-2022,PHI Mini Market - Makassar 01,Ferdy Tenteram,P,Sayur-Sayuran,ubi kayu basah 1 kg,Sulawesi Selatan,Makassar,372670
01-10-2022,PHI Mini Market - Makassar 01,Ferdy Tenteram,P,Sayur-Sayuran,wortel 1 kg,Sulawesi Selatan,Makassar,1078380
01-10-2022,PHI Mini Market - Makassar 01,Galang Terang,P,Buah,alpukat 1 kg,Sulawesi Selatan,Makassar,1672930
01-10-2022,PHI Mini Market - Makassar 01,Galang Terang,P,Buah,apel 1 kg,Sulawesi Selatan,Makassar,18538790
01-10-2022,PHI Mini Market - Makassar 01,Galang Terang,P,Buah,belimbing 1 kg,Sulawesi Selatan,Makassar,1794030
01-10-2022,PHI Mini Market - Makassar 01,Galang Terang,P,Buah,durian 1 kg,Sulawesi Selatan,Makassar,5457340
01-10-2022,PHI Mini Market - Makassar 01,Galang Terang,P,Buah,jeruk 1 kg,Sulawesi Selatan,Makassar,4288140
01-10-2022,PHI Mini Market - Makassar 01,Galang Terang,P,Buah,kelapa muda,Sulawesi Selatan,Makassar,955570
01-10-2022,PHI Mini Market - Makassar 01,Galang Terang,P,Buah,mangga 1 kg,Sulawesi Selatan,Makassar,4887630
01-10-2022,PHI Mini Market - Makassar 01,Galang Terang,P,Makanan & Minuman,air mineral 600 ml,Sulawesi Selatan,Makassar,363580
01-10-2022,PHI Mini Market - Makassar 01,Galang Terang,P,Makanan & Minuman,bumbu fried chicken,Sulawesi Selatan,Makassar,5076490
01-10-2022,PHI Mini Market - Makassar 01,Galang Terang,P,Makanan & Minuman,jus kesehatan 600 ml,Sulawesi Selatan,Makassar,3411580
01-10-2022,PHI Mini Market - Makassar 01,Galang Terang,P,Makanan & Minuman,kacang goreng 1 kg,Sulawesi Selatan,Makassar,3704310
01-10-2022,PHI Mini Market - Makassar 01,Galang Terang,P,Makanan & Minuman,kacang mete 1 kg,Sulawesi Selatan,Makassar,30924980
01-10-2022,PHI Mini Market - Makassar 01,Galang Terang,P,Makanan & Minuman,markisa 600 ml,Sulawesi Selatan,Makassar,3905140
01-10-2022,PHI Mini Market - Makassar 01,Galang Terang,P,Makanan & Minuman,mie instant 1 kotak (40 bungkus),Sulawesi Selatan,Makassar,33996750
01-10-2022,PHI Mini Market - Makassar 01,Galang Terang,P,Makanan & Minuman,minuman probiotik,Sulawesi Selatan,Makassar,234180
01-10-2022,PHI Mini Market - Makassar 01,Galang Terang,P,Makanan & Minuman,nasi goreng instant (1 ons),Sulawesi Selatan,Makassar,2098500
01-10-2022,PHI Mini Market - Makassar 01,Galang Terang,P,Makanan & Minuman,snack gurih 1 ons,Sulawesi Selatan,Makassar,2353770
01-10-2022,PHI Mini Market - Makassar 01,Galang Terang,P,Makanan & Minuman,susu kotak (800 ml),Sulawesi Selatan,Makassar,4138670
01-10-2022,PHI Mini Market - Makassar 01,Galang Terang,P,Makanan & Minuman,susu kotak 1 l,Sulawesi Selatan,Makassar,3418510
01-10-2022,PHI Mini Market - Makassar 01,Galang Terang,P,Makanan & Minuman,telur ayam kampung 1 kg,Sulawesi Selatan,Makassar,5410920
01-10-2022,PHI Mini Market - Makassar 01,Galang Terang,P,Makanan & Minuman,telur ayam ras 1 kg,Sulawesi Selatan,Makassar,5696940
01-10-2022,PHI Mini Market - Makassar 01,Galang Terang,P,Sayur-Sayuran,bawang merah 1 kg,Sulawesi Selatan,Makassar,4443280
01-10-2022,PHI Mini Market - Makassar 01,Galang Terang,P,Sayur-Sayuran,bawang putih 1 kg,Sulawesi Selatan,Makassar,1061180
01-10-2022,PHI Mini Market - Makassar 01,Galang Terang,P,Sayur-Sayuran,buncis 1 kg,Sulawesi Selatan,Makassar,1752740
01-10-2022,PHI Mini Market - Makassar 01,Galang Terang,P,Sayur-Sayuran,kacang hijau 1 kg,Sulawesi Selatan,Makassar,1881090
01-10-2022,PHI Mini Market - Makassar 01,Galang Terang,P,Sayur-Sayuran,kacang panjang 1 kg,Sulawesi Selatan,Makassar,2338730
01-10-2022,PHI Mini Market - Makassar 01,Galang Terang,P,Sayur-Sayuran,kentang 1 kg,Sulawesi Selatan,Makassar,3169210
01-10-2022,PHI Mini Market - Makassar 01,Galang Terang,P,Sayur-Sayuran,ketimun 1 kg,Sulawesi Selatan,Makassar,1464200
01-10-2022,PHI Mini Market - Makassar 01,Galang Terang,P,Sayur-Sayuran,kobis 1 kg,Sulawesi Selatan,Makassar,352690
01-10-2022,PHI Mini Market - Makassar 01,Galang Terang,P,Sayur-Sayuran,tomat 1 kg,Sulawesi Selatan,Makassar,2054610
01-10-2022,PHI Mini Market - Makassar 01,Galang Terang,P,Sayur-Sayuran,ubi jalar 1 kg,Sulawesi Selatan,Makassar,456700
01-10-2022,PHI Mini Market - Makassar 01,Galang Terang,P,Sayur-Sayuran,ubi kayu basah 1 kg,Sulawesi Selatan,Makassar,379740
01-10-2022,PHI Mini Market - Makassar 01,Galang Terang,P,Sayur-Sayuran,wortel 1 kg,Sulawesi Selatan,Makassar,1213670
01-10-2022,PHI Mini Market - Makassar 01,Kristina Damai,W,Buah,alpukat 1 kg,Sulawesi Selatan,Makassar,2374840
01-10-2022,PHI Mini Market - Makassar 01,Kristina Damai,W,Buah,apel 1 kg,Sulawesi Selatan,Makassar,24713810
01-10-2022,PHI Mini Market - Makassar 01,Kristina Damai,W,Buah,belimbing 1 kg,Sulawesi Selatan,Makassar,1212330
01-10-2022,PHI Mini Market - Makassar 01,Kristina Damai,W,Buah,durian 1 kg,Sulawesi Selatan,Makassar,6753770
01-10-2022,PHI Mini Market - Makassar 01,Kristina Damai,W,Buah,jeruk 1 kg,Sulawesi Selatan,Makassar,4770670
01-10-2022,PHI Mini Market - Makassar 01,Kristina Damai,W,Buah,kelapa muda,Sulawesi Selatan,Makassar,1789380
01-10-2022,PHI Mini Market - Makassar 01,Kristina Damai,W,Buah,mangga 1 kg,Sulawesi Selatan,Makassar,5262540
01-10-2022,PHI Mini Market - Makassar 01,Kristina Damai,W,Makanan & Minuman,air mineral 600 ml,Sulawesi Selatan,Makassar,414410
01-10-2022,PHI Mini Market - Makassar 01,Kristina Damai,W,Makanan & Minuman,bumbu fried chicken,Sulawesi Selatan,Makassar,4087200
01-10-2022,PHI Mini Market - Makassar 01,Kristina Damai,W,Makanan & Minuman,jus kesehatan 600 ml,Sulawesi Selatan,Makassar,3943380
01-10-2022,PHI Mini Market - Makassar 01,Kristina Damai,W,Makanan & Minuman,kacang goreng 1 kg,Sulawesi Selatan,Makassar,3964610
01-10-2022,PHI Mini Market - Makassar 01,Kristina Damai,W,Makanan & Minuman,kacang mete 1 kg,Sulawesi Selatan,Makassar,26525870
01-10-2022,PHI Mini Market - Makassar 01,Kristina Damai,W,Makanan & Minuman,markisa 600 ml,Sulawesi Selatan,Makassar,5164020
01-10-2022,PHI Mini Market - Makassar 01,Kristina Damai,W,Makanan & Minuman,mie instant 1 kotak (40 bungkus),Sulawesi Selatan,Makassar,37288060
01-10-2022,PHI Mini Market - Makassar 01,Kristina Damai,W,Makanan & Minuman,minuman probiotik,Sulawesi Selatan,Makassar,302410
01-10-2022,PHI Mini Market - Makassar 01,Kristina Damai,W,Makanan & Minuman,nasi goreng instant (1 ons),Sulawesi Selatan,Makassar,1403070
01-10-2022,PHI Mini Market - Makassar 01,Kristina Damai,W,Makanan & Minuman,snack gurih 1 ons,Sulawesi Selatan,Makassar,1403320
01-10-2022,PHI Mini Market - Makassar 01,Kristina Damai,W,Makanan & Minuman,susu kotak (800 ml),Sulawesi Selatan,Makassar,3820470
01-10-2022,PHI Mini Market - Makassar 01,Kristina Damai,W,Makanan & Minuman,susu kotak 1 l,Sulawesi Selatan,Makassar,3316830
01-10-2022,PHI Mini Market - Makassar 01,Kristina Damai,W,Makanan & Minuman,telur ayam kampung 1 kg,Sulawesi Selatan,Makassar,5666910
01-10-2022,PHI Mini Market - Makassar 01,Kristina Damai,W,Makanan & Minuman,telur ayam ras 1 kg,Sulawesi Selatan,Makassar,4282740
01-10-2022,PHI Mini Market - Makassar 01,Kristina Damai,W,Sayur-Sayuran,bawang merah 1 kg,Sulawesi Selatan,Makassar,4982840
01-10-2022,PHI Mini Market - Makassar 01,Kristina Damai,W,Sayur-Sayuran,bawang putih 1 kg,Sulawesi Selatan,Makassar,1103440
01-10-2022,PHI Mini Market - Makassar 01,Kristina Damai,W,Sayur-Sayuran,buncis 1 kg,Sulawesi Selatan,Makassar,2343290
01-10-2022,PHI Mini Market - Makassar 01,Kristina Damai,W,Sayur-Sayuran,kacang hijau 1 kg,Sulawesi Selatan,Makassar,3626400
01-10-2022,PHI Mini Market - Makassar 01,Kristina Damai,W,Sayur-Sayuran,kacang panjang 1 kg,Sulawesi Selatan,Makassar,2895120
01-10-2022,PHI Mini Market - Makassar 01,Kristina Damai,W,Sayur-Sayuran,kentang 1 kg,Sulawesi Selatan,Makassar,2033200
01-10-2022,PHI Mini Market - Makassar 01,Kristina Damai,W,Sayur-Sayuran,ketimun 1 kg,Sulawesi Selatan,Makassar,1000050
01-10-2022,PHI Mini Market - Makassar 01,Kristina Damai,W,Sayur-Sayuran,kobis 1 kg,Sulawesi Selatan,Makassar,376030
01-10-2022,PHI Mini Market - Makassar 01,Kristina Damai,W,Sayur-Sayuran,tomat 1 kg,Sulawesi Selatan,Makassar,2008030
01-10-2022,PHI Mini Market - Makassar 01,Kristina Damai,W,Sayur-Sayuran,ubi jalar 1 kg,Sulawesi Selatan,Makassar,282740
01-10-2022,PHI Mini Market - Makassar 01,Kristina Damai,W,Sayur-Sayuran,ubi kayu basah 1 kg,Sulawesi Selatan,Makassar,449380
01-10-2022,PHI Mini Market - Makassar 01,Kristina Damai,W,Sayur-Sayuran,wortel 1 kg,Sulawesi Selatan,Makassar,1021640
01-10-2022,PHI Mini Market - Makassar 01,Lastri Mardi,W,Buah,alpukat 1 kg,Sulawesi Selatan,Makassar,2707870
01-10-2022,PHI Mini Market - Makassar 01,Lastri Mardi,W,Buah,apel 1 kg,Sulawesi Selatan,Makassar,22991000
01-10-2022,PHI Mini Market - Makassar 01,Lastri Mardi,W,Buah,belimbing 1 kg,Sulawesi Selatan,Makassar,1238210
01-10-2022,PHI Mini Market - Makassar 01,Lastri Mardi,W,Buah,durian 1 kg,Sulawesi Selatan,Makassar,5116040
01-10-2022,PHI Mini Market - Makassar 01,Lastri Mardi,W,Buah,jeruk 1 kg,Sulawesi Selatan,Makassar,3392170
01-10-2022,PHI Mini Market - Makassar 01,Lastri Mardi,W,Buah,kelapa muda,Sulawesi Selatan,Makassar,2044470
01-10-2022,PHI Mini Market - Makassar 01,Lastri Mardi,W,Makanan & Minuman,air mineral 600 ml,Sulawesi Selatan,Makassar,326940
01-10-2022,PHI Mini Market - Makassar 01,Lastri Mardi,W,Makanan & Minuman,bumbu fried chicken,Sulawesi Selatan,Makassar,4172050
01-10-2022,PHI Mini Market - Makassar 01,Lastri Mardi,W,Makanan & Minuman,jus kesehatan 600 ml,Sulawesi Selatan,Makassar,3083660
01-10-2022,PHI Mini Market - Makassar 01,Lastri Mardi,W,Makanan & Minuman,kacang goreng 1 kg,Sulawesi Selatan,Makassar,3476060
01-10-2022,PHI Mini Market - Makassar 01,Lastri Mardi,W,Makanan & Minuman,kacang mete 1 kg,Sulawesi Selatan,Makassar,19976290
01-10-2022,PHI Mini Market - Makassar 01,Lastri Mardi,W,Makanan & Minuman,markisa 600 ml,Sulawesi Selatan,Makassar,4837790
01-10-2022,PHI Mini Market - Makassar 01,Lastri Mardi,W,Makanan & Minuman,mie instant 1 kotak (40 bungkus),Sulawesi Selatan,Makassar,36622310
01-10-2022,PHI Mini Market - Makassar 01,Lastri Mardi,W,Makanan & Minuman,minuman probiotik,Sulawesi Selatan,Makassar,296110
01-10-2022,PHI Mini Market - Makassar 01,Lastri Mardi,W,Makanan & Minuman,nasi goreng instant (1 ons),Sulawesi Selatan,Makassar,2158630
01-10-2022,PHI Mini Market - Makassar 01,Lastri Mardi,W,Makanan & Minuman,snack gurih 1 ons,Sulawesi Selatan,Makassar,1753560
01-10-2022,PHI Mini Market - Makassar 01,Lastri Mardi,W,Makanan & Minuman,susu kotak (800 ml),Sulawesi Selatan,Makassar,4857330
01-10-2022,PHI Mini Market - Makassar 01,Lastri Mardi,W,Makanan & Minuman,susu kotak 1 l,Sulawesi Selatan,Makassar,3697320
01-10-2022,PHI Mini Market - Makassar 01,Lastri Mardi,W,Makanan & Minuman,telur ayam kampung 1 kg,Sulawesi Selatan,Makassar,5357500
01-10-2022,PHI Mini Market - Makassar 01,Lastri Mardi,W,Makanan & Minuman,telur ayam ras 1 kg,Sulawesi Selatan,Makassar,5067110
01-10-2022,PHI Mini Market - Makassar 01,Lastri Mardi,W,Sayur-Sayuran,bawang merah 1 kg,Sulawesi Selatan,Makassar,4851680
01-10-2022,PHI Mini Market - Makassar 01,Lastri Mardi,W,Sayur-Sayuran,bawang putih 1 kg,Sulawesi Selatan,Makassar,1383830
01-10-2022,PHI Mini Market - Makassar 01,Lastri Mardi,W,Sayur-Sayuran,buncis 1 kg,Sulawesi Selatan,Makassar,2867610
01-10-2022,PHI Mini Market - Makassar 01,Lastri Mardi,W,Sayur-Sayuran,kacang hijau 1 kg,Sulawesi Selatan,Makassar,1965470
01-10-2022,PHI Mini Market - Makassar 01,Lastri Mardi,W,Sayur-Sayuran,kacang panjang 1 kg,Sulawesi Selatan,Makassar,3089070
01-10-2022,PHI Mini Market - Makassar 01,Lastri Mardi,W,Sayur-Sayuran,kentang 1 kg,Sulawesi Selatan,Makassar,2105950
01-10-2022,PHI Mini Market - Makassar 01,Lastri Mardi,W,Sayur-Sayuran,ketimun 1 kg,Sulawesi Selatan,Makassar,1202510
01-10-2022,PHI Mini Market - Makassar 01,Lastri Mardi,W,Sayur-Sayuran,kobis 1 kg,Sulawesi Selatan,Makassar,416200
01-10-2022,PHI Mini Market - Makassar 01,Lastri Mardi,W,Sayur-Sayuran,tomat 1 kg,Sulawesi Selatan,Makassar,1214810
01-10-2022,PHI Mini Market - Makassar 01,Lastri Mardi,W,Sayur-Sayuran,ubi jalar 1 kg,Sulawesi Selatan,Makassar,375230
01-10-2022,PHI Mini Market - Makassar 01,Lastri Mardi,W,Sayur-Sayuran,ubi kayu basah 1 kg,Sulawesi Selatan,Makassar,335250
01-10-2022,PHI Mini Market - Makassar 01,Lastri Mardi,W,Sayur-Sayuran,wortel 1 kg,Sulawesi Selatan,Makassar,1337670
01-10-2022,PHI Mini Market - Makassar 01,Mawar Mardi,W,Buah,alpukat 1 kg,Sulawesi Selatan,Makassar,2344600
01-10-2022,PHI Mini Market - Makassar 01,Mawar Mardi,W,Buah,apel 1 kg,Sulawesi Selatan,Makassar,16228120
01-10-2022,PHI Mini Market - Makassar 01,Mawar Mardi,W,Buah,belimbing 1 kg,Sulawesi Selatan,Makassar,1233570
01-10-2022,PHI Mini Market - Makassar 01,Mawar Mardi,W,Buah,durian 1 kg,Sulawesi Selatan,Makassar,3069760
01-10-2022,PHI Mini Market - Makassar 01,Mawar Mardi,W,Buah,jeruk 1 kg,Sulawesi Selatan,Makassar,3662360
01-10-2022,PHI Mini Market - Makassar 01,Mawar Mardi,W,Buah,kelapa muda,Sulawesi Selatan,Makassar,1646010
01-10-2022,PHI Mini Market - Makassar 01,Mawar Mardi,W,Buah,mangga 1 kg,Sulawesi Selatan,Makassar,5650510
01-10-2022,PHI Mini Market - Makassar 01,Mawar Mardi,W,Makanan & Minuman,air mineral 600 ml,Sulawesi Selatan,Makassar,397400
01-10-2022,PHI Mini Market - Makassar 01,Mawar Mardi,W,Makanan & Minuman,bumbu fried chicken,Sulawesi Selatan,Makassar,4461990
01-10-2022,PHI Mini Market - Makassar 01,Mawar Mardi,W,Makanan & Minuman,jus kesehatan 600 ml,Sulawesi Selatan,Makassar,1692360
01-10-2022,PHI Mini Market - Makassar 01,Mawar Mardi,W,Makanan & Minuman,kacang goreng 1 kg,Sulawesi Selatan,Makassar,4182600
01-10-2022,PHI Mini Market - Makassar 01,Mawar Mardi,W,Makanan & Minuman,kacang mete 1 kg,Sulawesi Selatan,Makassar,17587100
01-10-2022,PHI Mini Market - Makassar 01,Mawar Mardi,W,Makanan & Minuman,markisa 600 ml,Sulawesi Selatan,Makassar,4041520
01-10-2022,PHI Mini Market - Makassar 01,Mawar Mardi,W,Makanan & Minuman,mie instant 1 kotak (40 bungkus),Sulawesi Selatan,Makassar,42325220
01-10-2022,PHI Mini Market - Makassar 01,Mawar Mardi,W,Makanan & Minuman,minuman probiotik,Sulawesi Selatan,Makassar,284040
01-10-2022,PHI Mini Market - Makassar 01,Mawar Mardi,W,Makanan & Minuman,nasi goreng instant (1 ons),Sulawesi Selatan,Makassar,1958750
01-10-2022,PHI Mini Market - Makassar 01,Mawar Mardi,W,Makanan & Minuman,snack gurih 1 ons,Sulawesi Selatan,Makassar,2136030
01-10-2022,PHI Mini Market - Makassar 01,Mawar Mardi,W,Makanan & Minuman,susu kotak (800 ml),Sulawesi Selatan,Makassar,3185860
01-10-2022,PHI Mini Market - Makassar 01,Mawar Mardi,W,Makanan & Minuman,susu kotak 1 l,Sulawesi Selatan,Makassar,2176220
01-10-2022,PHI Mini Market - Makassar 01,Mawar Mardi,W,Makanan & Minuman,telur ayam kampung 1 kg,Sulawesi Selatan,Makassar,6803040
01-10-2022,PHI Mini Market - Makassar 01,Mawar Mardi,W,Makanan & Minuman,telur ayam ras 1 kg,Sulawesi Selatan,Makassar,4662920
01-10-2022,PHI Mini Market - Makassar 01,Mawar Mardi,W,Sayur-Sayuran,bawang merah 1 kg,Sulawesi Selatan,Makassar,4431780
01-10-2022,PHI Mini Market - Makassar 01,Mawar Mardi,W,Sayur-Sayuran,bawang putih 1 kg,Sulawesi Selatan,Makassar,1835620
01-10-2022,PHI Mini Market - Makassar 01,Mawar Mardi,W,Sayur-Sayuran,buncis 1 kg,Sulawesi Selatan,Makassar,3060260
01-10-2022,PHI Mini Market - Makassar 01,Mawar Mardi,W,Sayur-Sayuran,kacang hijau 1 kg,Sulawesi Selatan,Makassar,2283770
01-10-2022,PHI Mini Market - Makassar 01,Mawar Mardi,W,Sayur-Sayuran,kacang panjang 1 kg,Sulawesi Selatan,Makassar,3755330
01-10-2022,PHI Mini Market - Makassar 01,Mawar Mardi,W,Sayur-Sayuran,kentang 1 kg,Sulawesi Selatan,Makassar,2612290
01-10-2022,PHI Mini Market - Makassar 01,Mawar Mardi,W,Sayur-Sayuran,ketimun 1 kg,Sulawesi Selatan,Makassar,1497750
01-10-2022,PHI Mini Market - Makassar 01,Mawar Mardi,W,Sayur-Sayuran,kobis 1 kg,Sulawesi Selatan,Makassar,408100
01-10-2022,PHI Mini Market - Makassar 01,Mawar Mardi,W,Sayur-Sayuran,tomat 1 kg,Sulawesi Selatan,Makassar,1363100
01-10-2022,PHI Mini Market - Makassar 01,Mawar Mardi,W,Sayur-Sayuran,ubi jalar 1 kg,Sulawesi Selatan,Makassar,293800
01-10-2022,PHI Mini Market - Makassar 01,Mawar Mardi,W,Sayur-Sayuran,ubi kayu basah 1 kg,Sulawesi Selatan,Makassar,474020
01-10-2022,PHI Mini Market - Makassar 01,Mawar Mardi,W,Sayur-Sayuran,wortel 1 kg,Sulawesi Selatan,Makassar,1072550
01-10-2022,PHI Mini Market - Makassar 01,Niken Setiawan,W,Buah,alpukat 1 kg,Sulawesi Selatan,Makassar,1928040
01-10-2022,PHI Mini Market - Makassar 01,Niken Setiawan,W,Buah,apel 1 kg,Sulawesi Selatan,Makassar,30128760
01-10-2022,PHI Mini Market - Makassar 01,Niken Setiawan,W,Buah,belimbing 1 kg,Sulawesi Selatan,Makassar,929520
01-10-2022,PHI Mini Market - Makassar 01,Niken Setiawan,W,Buah,durian 1 kg,Sulawesi Selatan,Makassar,5043260
01-10-2022,PHI Mini Market - Makassar 01,Niken Setiawan,W,Buah,jeruk 1 kg,Sulawesi Selatan,Makassar,4400290
01-10-2022,PHI Mini Market - Makassar 01,Niken Setiawan,W,Buah,kelapa muda,Sulawesi Selatan,Makassar,1342260
01-10-2022,PHI Mini Market - Makassar 01,Niken Setiawan,W,Makanan & Minuman,air mineral 600 ml,Sulawesi Selatan,Makassar,338460
01-10-2022,PHI Mini Market - Makassar 01,Niken Setiawan,W,Makanan & Minuman,bumbu fried chicken,Sulawesi Selatan,Makassar,4385740
01-10-2022,PHI Mini Market - Makassar 01,Niken Setiawan,W,Makanan & Minuman,jus kesehatan 600 ml,Sulawesi Selatan,Makassar,3389940
01-10-2022,PHI Mini Market - Makassar 01,Niken Setiawan,W,Makanan & Minuman,kacang goreng 1 kg,Sulawesi Selatan,Makassar,3077780
01-10-2022,PHI Mini Market - Makassar 01,Niken Setiawan,W,Makanan & Minuman,kacang mete 1 kg,Sulawesi Selatan,Makassar,29362940
01-10-2022,PHI Mini Market - Makassar 01,Niken Setiawan,W,Makanan & Minuman,markisa 600 ml,Sulawesi Selatan,Makassar,4321730
01-10-2022,PHI Mini Market - Makassar 01,Niken Setiawan,W,Makanan & Minuman,mie instant 1 kotak (40 bungkus),Sulawesi Selatan,Makassar,31498980
01-10-2022,PHI Mini Market - Makassar 01,Niken Setiawan,W,Makanan & Minuman,minuman probiotik,Sulawesi Selatan,Makassar,260280
01-10-2022,PHI Mini Market - Makassar 01,Niken Setiawan,W,Makanan & Minuman,nasi goreng instant (1 ons),Sulawesi Selatan,Makassar,1733860
01-10-2022,PHI Mini Market - Makassar 01,Niken Setiawan,W,Makanan & Minuman,snack gurih 1 ons,Sulawesi Selatan,Makassar,2001250
01-10-2022,PHI Mini Market - Makassar 01,Niken Setiawan,W,Makanan & Minuman,susu kotak (800 ml),Sulawesi Selatan,Makassar,3074570
01-10-2022,PHI Mini Market - Makassar 01,Niken Setiawan,W,Makanan & Minuman,susu kotak 1 l,Sulawesi Selatan,Makassar,3826860
01-10-2022,PHI Mini Market - Makassar 01,Niken Setiawan,W,Makanan & Minuman,telur ayam kampung 1 kg,Sulawesi Selatan,Makassar,5411490
01-10-2022,PHI Mini Market - Makassar 01,Niken Setiawan,W,Makanan & Minuman,telur ayam ras 1 kg,Sulawesi Selatan,Makassar,3251500
01-10-2022,PHI Mini Market - Makassar 01,Niken Setiawan,W,Sayur-Sayuran,bawang merah 1 kg,Sulawesi Selatan,Makassar,3965220
01-10-2022,PHI Mini Market - Makassar 01,Niken Setiawan,W,Sayur-Sayuran,bawang putih 1 kg,Sulawesi Selatan,Makassar,1455800
01-10-2022,PHI Mini Market - Makassar 01,Niken Setiawan,W,Sayur-Sayuran,buncis 1 kg,Sulawesi Selatan,Makassar,2427590
01-10-2022,PHI Mini Market - Makassar 01,Niken Setiawan,W,Sayur-Sayuran,kacang hijau 1 kg,Sulawesi Selatan,Makassar,2957410
01-10-2022,PHI Mini Market - Makassar 01,Niken Setiawan,W,Sayur-Sayuran,kacang panjang 1 kg,Sulawesi Selatan,Makassar,2075120
01-10-2022,PHI Mini Market - Makassar 01,Niken Setiawan,W,Sayur-Sayuran,kentang 1 kg,Sulawesi Selatan,Makassar,2024510
01-10-2022,PHI Mini Market - Makassar 01,Niken Setiawan,W,Sayur-Sayuran,ketimun 1 kg,Sulawesi Selatan,Makassar,1461900
01-10-2022,PHI Mini Market - Makassar 01,Niken Setiawan,W,Sayur-Sayuran,kobis 1 kg,Sulawesi Selatan,Makassar,348980
01-10-2022,PHI Mini Market - Makassar 01,Niken Setiawan,W,Sayur-Sayuran,tomat 1 kg,Sulawesi Selatan,Makassar,1445780
01-10-2022,PHI Mini Market - Makassar 01,Niken Setiawan,W,Sayur-Sayuran,ubi jalar 1 kg,Sulawesi Selatan,Makassar,400510
01-10-2022,PHI Mini Market - Makassar 01,Niken Setiawan,W,Sayur-Sayuran,ubi kayu basah 1 kg,Sulawesi Selatan,Makassar,293890
01-10-2022,PHI Mini Market - Makassar 01,Niken Setiawan,W,Sayur-Sayuran,wortel 1 kg,Sulawesi Selatan,Makassar,1336630
01-10-2022,PHI Mini Market - Surabaya 01,Aris Siberut,P,Buah,alpukat 1 kg,Jawa Timur,Surabaya,2560880
01-10-2022,PHI Mini Market - Surabaya 01,Aris Siberut,P,Buah,apel 1 kg,Jawa Timur,Surabaya,20278140
01-10-2022,PHI Mini Market - Surabaya 01,Aris Siberut,P,Buah,belimbing 1 kg,Jawa Timur,Surabaya,1663780
01-10-2022,PHI Mini Market - Surabaya 01,Aris Siberut,P,Buah,durian 1 kg,Jawa Timur,Surabaya,8280590
01-10-2022,PHI Mini Market - Surabaya 01,Aris Siberut,P,Buah,jeruk 1 kg,Jawa Timur,Surabaya,3243330
01-10-2022,PHI Mini Market - Surabaya 01,Aris Siberut,P,Buah,kelapa muda,Jawa Timur,Surabaya,1669400
01-10-2022,PHI Mini Market - Surabaya 01,Aris Siberut,P,Makanan & Minuman,air mineral 600 ml,Jawa Timur,Surabaya,356720
01-10-2022,PHI Mini Market - Surabaya 01,Aris Siberut,P,Makanan & Minuman,bumbu fried chicken,Jawa Timur,Surabaya,5540890
01-10-2022,PHI Mini Market - Surabaya 01,Aris Siberut,P,Makanan & Minuman,jus kesehatan 600 ml,Jawa Timur,Surabaya,2089160
01-10-2022,PHI Mini Market - Surabaya 01,Aris Siberut,P,Makanan & Minuman,kacang goreng 1 kg,Jawa Timur,Surabaya,3585940
01-10-2022,PHI Mini Market - Surabaya 01,Aris Siberut,P,Makanan & Minuman,kacang mete 1 kg,Jawa Timur,Surabaya,27182150
01-10-2022,PHI Mini Market - Surabaya 01,Aris Siberut,P,Makanan & Minuman,markisa 600 ml,Jawa Timur,Surabaya,5500500
01-10-2022,PHI Mini Market - Surabaya 01,Aris Siberut,P,Makanan & Minuman,mie instant 1 kotak (40 bungkus),Jawa Timur,Surabaya,38442560
01-10-2022,PHI Mini Market - Surabaya 01,Aris Siberut,P,Makanan & Minuman,minuman probiotik,Jawa Timur,Surabaya,292850
01-10-2022,PHI Mini Market - Surabaya 01,Aris Siberut,P,Makanan & Minuman,nasi goreng instant (1 ons),Jawa Timur,Surabaya,1677640
01-10-2022,PHI Mini Market - Surabaya 01,Aris Siberut,P,Makanan & Minuman,snack gurih 1 ons,Jawa Timur,Surabaya,1639720
01-10-2022,PHI Mini Market - Surabaya 01,Aris Siberut,P,Makanan & Minuman,susu kotak (800 ml),Jawa Timur,Surabaya,3297680
01-10-2022,PHI Mini Market - Surabaya 01,Aris Siberut,P,Makanan & Minuman,susu kotak 1 l,Jawa Timur,Surabaya,2628960
01-10-2022,PHI Mini Market - Surabaya 01,Aris Siberut,P,Makanan & Minuman,telur ayam kampung 1 kg,Jawa Timur,Surabaya,8122420
01-10-2022,PHI Mini Market - Surabaya 01,Aris Siberut,P,Makanan & Minuman,telur ayam ras 1 kg,Jawa Timur,Surabaya,3949680
01-10-2022,PHI Mini Market - Surabaya 01,Aris Siberut,P,Sayur-Sayuran,bawang merah 1 kg,Jawa Timur,Surabaya,3202000
01-10-2022,PHI Mini Market - Surabaya 01,Aris Siberut,P,Sayur-Sayuran,bawang putih 1 kg,Jawa Timur,Surabaya,1223860
01-10-2022,PHI Mini Market - Surabaya 01,Aris Siberut,P,Sayur-Sayuran,buncis 1 kg,Jawa Timur,Surabaya,2288580
01-10-2022,PHI Mini Market - Surabaya 01,Aris Siberut,P,Sayur-Sayuran,kacang hijau 1 kg,Jawa Timur,Surabaya,2470730
01-10-2022,PHI Mini Market - Surabaya 01,Aris Siberut,P,Sayur-Sayuran,kacang panjang 1 kg,Jawa Timur,Surabaya,3172380
01-10-2022,PHI Mini Market - Surabaya 01,Aris Siberut,P,Sayur-Sayuran,kentang 1 kg,Jawa Timur,Surabaya,2339340
01-10-2022,PHI Mini Market - Surabaya 01,Aris Siberut,P,Sayur-Sayuran,ketimun 1 kg,Jawa Timur,Surabaya,1806110
01-10-2022,PHI Mini Market - Surabaya 01,Aris Siberut,P,Sayur-Sayuran,kobis 1 kg,Jawa Timur,Surabaya,359410
01-10-2022,PHI Mini Market - Surabaya 01,Aris Siberut,P,Sayur-Sayuran,tomat 1 kg,Jawa Timur,Surabaya,1298590
01-10-2022,PHI Mini Market - Surabaya 01,Aris Siberut,P,Sayur-Sayuran,ubi jalar 1 kg,Jawa Timur,Surabaya,289730
01-10-2022,PHI Mini Market - Surabaya 01,Aris Siberut,P,Sayur-Sayuran,ubi kayu basah 1 kg,Jawa Timur,Surabaya,314710
01-10-2022,PHI Mini Market - Surabaya 01,Aris Siberut,P,Sayur-Sayuran,wortel 1 kg,Jawa Timur,Surabaya,988580
01-10-2022,PHI Mini Market - Surabaya 01,Ayu Pekerti,W,Buah,alpukat 1 kg,Jawa Timur,Surabaya,2019410
01-10-2022,PHI Mini Market - Surabaya 01,Ayu Pekerti,W,Buah,apel 1 kg,Jawa Timur,Surabaya,13416640
01-10-2022,PHI Mini Market - Surabaya 01,Ayu Pekerti,W,Buah,belimbing 1 kg,Jawa Timur,Surabaya,974780
01-10-2022,PHI Mini Market - Surabaya 01,Ayu Pekerti,W,Buah,durian 1 kg,Jawa Timur,Surabaya,5018210
01-10-2022,PHI Mini Market - Surabaya 01,Ayu Pekerti,W,Buah,jeruk 1 kg,Jawa Timur,Surabaya,2655640
01-10-2022,PHI Mini Market - Surabaya 01,Ayu Pekerti,W,Buah,kelapa muda,Jawa Timur,Surabaya,1964350
01-10-2022,PHI Mini Market - Surabaya 01,Ayu Pekerti,W,Buah,mangga 1 kg,Jawa Timur,Surabaya,6082840
01-10-2022,PHI Mini Market - Surabaya 01,Ayu Pekerti,W,Makanan & Minuman,air mineral 600 ml,Jawa Timur,Surabaya,460920
01-10-2022,PHI Mini Market - Surabaya 01,Ayu Pekerti,W,Makanan & Minuman,bumbu fried chicken,Jawa Timur,Surabaya,5691690
01-10-2022,PHI Mini Market - Surabaya 01,Ayu Pekerti,W,Makanan & Minuman,jus kesehatan 600 ml,Jawa Timur,Surabaya,3499250
01-10-2022,PHI Mini Market - Surabaya 01,Ayu Pekerti,W,Makanan & Minuman,kacang goreng 1 kg,Jawa Timur,Surabaya,4372840
01-10-2022,PHI Mini Market - Surabaya 01,Ayu Pekerti,W,Makanan & Minuman,kacang mete 1 kg,Jawa Timur,Surabaya,22294150
01-10-2022,PHI Mini Market - Surabaya 01,Ayu Pekerti,W,Makanan & Minuman,markisa 600 ml,Jawa Timur,Surabaya,4345680
01-10-2022,PHI Mini Market - Surabaya 01,Ayu Pekerti,W,Makanan & Minuman,mie instant 1 kotak (40 bungkus),Jawa Timur,Surabaya,25558730
01-10-2022,PHI Mini Market - Surabaya 01,Ayu Pekerti,W,Makanan & Minuman,minuman probiotik,Jawa Timur,Surabaya,259720
01-10-2022,PHI Mini Market - Surabaya 01,Ayu Pekerti,W,Makanan & Minuman,nasi goreng instant (1 ons),Jawa Timur,Surabaya,1422390
01-10-2022,PHI Mini Market - Surabaya 01,Ayu Pekerti,W,Makanan & Minuman,snack gurih 1 ons,Jawa Timur,Surabaya,1735610
01-10-2022,PHI Mini Market - Surabaya 01,Ayu Pekerti,W,Makanan & Minuman,susu kotak (800 ml),Jawa Timur,Surabaya,3477090
01-10-2022,PHI Mini Market - Surabaya 01,Ayu Pekerti,W,Makanan & Minuman,susu kotak 1 l,Jawa Timur,Surabaya,3699830
01-10-2022,PHI Mini Market - Surabaya 01,Ayu Pekerti,W,Makanan & Minuman,telur ayam kampung 1 kg,Jawa Timur,Surabaya,6438020
01-10-2022,PHI Mini Market - Surabaya 01,Ayu Pekerti,W,Makanan & Minuman,telur ayam ras 1 kg,Jawa Timur,Surabaya,3356570
01-10-2022,PHI Mini Market - Surabaya 01,Ayu Pekerti,W,Sayur-Sayuran,bawang merah 1 kg,Jawa Timur,Surabaya,5630840
01-10-2022,PHI Mini Market - Surabaya 01,Ayu Pekerti,W,Sayur-Sayuran,bawang putih 1 kg,Jawa Timur,Surabaya,1744050
01-10-2022,PHI Mini Market - Surabaya 01,Ayu Pekerti,W,Sayur-Sayuran,buncis 1 kg,Jawa Timur,Surabaya,2071940
01-10-2022,PHI Mini Market - Surabaya 01,Ayu Pekerti,W,Sayur-Sayuran,kacang hijau 1 kg,Jawa Timur,Surabaya,2043270
01-10-2022,PHI Mini Market - Surabaya 01,Ayu Pekerti,W,Sayur-Sayuran,kacang panjang 1 kg,Jawa Timur,Surabaya,2139350
01-10-2022,PHI Mini Market - Surabaya 01,Ayu Pekerti,W,Sayur-Sayuran,kentang 1 kg,Jawa Timur,Surabaya,3516510
01-10-2022,PHI Mini Market - Surabaya 01,Ayu Pekerti,W,Sayur-Sayuran,ketimun 1 kg,Jawa Timur,Surabaya,971840
01-10-2022,PHI Mini Market - Surabaya 01,Ayu Pekerti,W,Sayur-Sayuran,kobis 1 kg,Jawa Timur,Surabaya,261120
01-10-2022,PHI Mini Market - Surabaya 01,Ayu Pekerti,W,Sayur-Sayuran,tomat 1 kg,Jawa Timur,Surabaya,1451080
01-10-2022,PHI Mini Market - Surabaya 01,Ayu Pekerti,W,Sayur-Sayuran,ubi jalar 1 kg,Jawa Timur,Surabaya,445130
01-10-2022,PHI Mini Market - Surabaya 01,Ayu Pekerti,W,Sayur-Sayuran,ubi kayu basah 1 kg,Jawa Timur,Surabaya,357190
01-10-2022,PHI Mini Market - Surabaya 01,Ayu Pekerti,W,Sayur-Sayuran,wortel 1 kg,Jawa Timur,Surabaya,1148290
01-10-2022,PHI Mini Market - Surabaya 01,Budi Tenteram,P,Buah,alpukat 1 kg,Jawa Timur,Surabaya,2887310
01-10-2022,PHI Mini Market - Surabaya 01,Budi Tenteram,P,Buah,apel 1 kg,Jawa Timur,Surabaya,13442430
01-10-2022,PHI Mini Market - Surabaya 01,Budi Tenteram,P,Buah,belimbing 1 kg,Jawa Timur,Surabaya,1134900
01-10-2022,PHI Mini Market - Surabaya 01,Budi Tenteram,P,Buah,durian 1 kg,Jawa Timur,Surabaya,5154920
01-10-2022,PHI Mini Market - Surabaya 01,Budi Tenteram,P,Buah,jeruk 1 kg,Jawa Timur,Surabaya,4427380
01-10-2022,PHI Mini Market - Surabaya 01,Budi Tenteram,P,Buah,kelapa muda,Jawa Timur,Surabaya,1824100
01-10-2022,PHI Mini Market - Surabaya 01,Budi Tenteram,P,Buah,mangga 1 kg,Jawa Timur,Surabaya,4155830
01-10-2022,PHI Mini Market - Surabaya 01,Budi Tenteram,P,Makanan & Minuman,air mineral 600 ml,Jawa Timur,Surabaya,390570
01-10-2022,PHI Mini Market - Surabaya 01,Budi Tenteram,P,Makanan & Minuman,bumbu fried chicken,Jawa Timur,Surabaya,4194980
01-10-2022,PHI Mini Market - Surabaya 01,Budi Tenteram,P,Makanan & Minuman,jus kesehatan 600 ml,Jawa Timur,Surabaya,2647640
01-10-2022,PHI Mini Market - Surabaya 01,Budi Tenteram,P,Makanan & Minuman,kacang goreng 1 kg,Jawa Timur,Surabaya,3979170
01-10-2022,PHI Mini Market - Surabaya 01,Budi Tenteram,P,Makanan & Minuman,kacang mete 1 kg,Jawa Timur,Surabaya,22789410
01-10-2022,PHI Mini Market - Surabaya 01,Budi Tenteram,P,Makanan & Minuman,markisa 600 ml,Jawa Timur,Surabaya,4893630
01-10-2022,PHI Mini Market - Surabaya 01,Budi Tenteram,P,Makanan & Minuman,mie instant 1 kotak (40 bungkus),Jawa Timur,Surabaya,19939440
01-10-2022,PHI Mini Market - Surabaya 01,Budi Tenteram,P,Makanan & Minuman,minuman probiotik,Jawa Timur,Surabaya,229780
01-10-2022,PHI Mini Market - Surabaya 01,Budi Tenteram,P,Makanan & Minuman,nasi goreng instant (1 ons),Jawa Timur,Surabaya,2377350
01-10-2022,PHI Mini Market - Surabaya 01,Budi Tenteram,P,Makanan & Minuman,snack gurih 1 ons,Jawa Timur,Surabaya,1431480
01-10-2022,PHI Mini Market - Surabaya 01,Budi Tenteram,P,Makanan & Minuman,susu kotak (800 ml),Jawa Timur,Surabaya,6339110
01-10-2022,PHI Mini Market - Surabaya 01,Budi Tenteram,P,Makanan & Minuman,susu kotak 1 l,Jawa Timur,Surabaya,2755510
01-10-2022,PHI Mini Market - Surabaya 01,Budi Tenteram,P,Makanan & Minuman,telur ayam kampung 1 kg,Jawa Timur,Surabaya,7012760
01-10-2022,PHI Mini Market - Surabaya 01,Budi Tenteram,P,Makanan & Minuman,telur ayam ras 1 kg,Jawa Timur,Surabaya,3788720
01-10-2022,PHI Mini Market - Surabaya 01,Budi Tenteram,P,Sayur-Sayuran,bawang merah 1 kg,Jawa Timur,Surabaya,4187230
01-10-2022,PHI Mini Market - Surabaya 01,Budi Tenteram,P,Sayur-Sayuran,bawang putih 1 kg,Jawa Timur,Surabaya,1676070
01-10-2022,PHI Mini Market - Surabaya 01,Budi Tenteram,P,Sayur-Sayuran,buncis 1 kg,Jawa Timur,Surabaya,1984520
01-10-2022,PHI Mini Market - Surabaya 01,Budi Tenteram,P,Sayur-Sayuran,kacang hijau 1 kg,Jawa Timur,Surabaya,1722730
01-10-2022,PHI Mini Market - Surabaya 01,Budi Tenteram,P,Sayur-Sayuran,kacang panjang 1 kg,Jawa Timur,Surabaya,2365880
01-10-2022,PHI Mini Market - Surabaya 01,Budi Tenteram,P,Sayur-Sayuran,kentang 1 kg,Jawa Timur,Surabaya,1675580
01-10-2022,PHI Mini Market - Surabaya 01,Budi Tenteram,P,Sayur-Sayuran,ketimun 1 kg,Jawa Timur,Surabaya,1189830
01-10-2022,PHI Mini Market - Surabaya 01,Budi Tenteram,P,Sayur-Sayuran,kobis 1 kg,Jawa Timur,Surabaya,342520
01-10-2022,PHI Mini Market - Surabaya 01,Budi Tenteram,P,Sayur-Sayuran,tomat 1 kg,Jawa Timur,Surabaya,1619420
01-10-2022,PHI Mini Market - Surabaya 01,Budi Tenteram,P,Sayur-Sayuran,ubi jalar 1 kg,Jawa Timur,Surabaya,371770
01-10-2022,PHI Mini Market - Surabaya 01,Budi Tenteram,P,Sayur-Sayuran,ubi kayu basah 1 kg,Jawa Timur,Surabaya,314520
01-10-2022,PHI Mini Market - Surabaya 01,Budi Tenteram,P,Sayur-Sayuran,wortel 1 kg,Jawa Timur,Surabaya,1113360
01-10-2022,PHI Mini Market - Surabaya 01,Galang Setiawan,P,Buah,alpukat 1 kg,Jawa Timur,Surabaya,1541780
01-10-2022,PHI Mini Market - Surabaya 01,Galang Setiawan,P,Buah,apel 1 kg,Jawa Timur,Surabaya,23615130
01-10-2022,PHI Mini Market - Surabaya 01,Galang Setiawan,P,Buah,belimbing 1 kg,Jawa Timur,Surabaya,1325330
01-10-2022,PHI Mini Market - Surabaya 01,Galang Setiawan,P,Buah,durian 1 kg,Jawa Timur,Surabaya,4570620
01-10-2022,PHI Mini Market - Surabaya 01,Galang Setiawan,P,Buah,jeruk 1 kg,Jawa Timur,Surabaya,3694100
01-10-2022,PHI Mini Market - Surabaya 01,Galang Setiawan,P,Buah,kelapa muda,Jawa Timur,Surabaya,1773350
01-10-2022,PHI Mini Market - Surabaya 01,Galang Setiawan,P,Buah,mangga 1 kg,Jawa Timur,Surabaya,5827500
01-10-2022,PHI Mini Market - Surabaya 01,Galang Setiawan,P,Makanan & Minuman,air mineral 600 ml,Jawa Timur,Surabaya,431950
01-10-2022,PHI Mini Market - Surabaya 01,Galang Setiawan,P,Makanan & Minuman,bumbu fried chicken,Jawa Timur,Surabaya,6134430
01-10-2022,PHI Mini Market - Surabaya 01,Galang Setiawan,P,Makanan & Minuman,jus kesehatan 600 ml,Jawa Timur,Surabaya,3782950
01-10-2022,PHI Mini Market - Surabaya 01,Galang Setiawan,P,Makanan & Minuman,kacang goreng 1 kg,Jawa Timur,Surabaya,2786480
01-10-2022,PHI Mini Market - Surabaya 01,Galang Setiawan,P,Makanan & Minuman,kacang mete 1 kg,Jawa Timur,Surabaya,32376560
01-10-2022,PHI Mini Market - Surabaya 01,Galang Setiawan,P,Makanan & Minuman,markisa 600 ml,Jawa Timur,Surabaya,4649990
01-10-2022,PHI Mini Market - Surabaya 01,Galang Setiawan,P,Makanan & Minuman,mie instant 1 kotak (40 bungkus),Jawa Timur,Surabaya,28130970
01-10-2022,PHI Mini Market - Surabaya 01,Galang Setiawan,P,Makanan & Minuman,minuman probiotik,Jawa Timur,Surabaya,367280
01-10-2022,PHI Mini Market - Surabaya 01,Galang Setiawan,P,Makanan & Minuman,nasi goreng instant (1 ons),Jawa Timur,Surabaya,2480580
01-10-2022,PHI Mini Market - Surabaya 01,Galang Setiawan,P,Makanan & Minuman,snack gurih 1 ons,Jawa Timur,Surabaya,1812250
01-10-2022,PHI Mini Market - Surabaya 01,Galang Setiawan,P,Makanan & Minuman,susu kotak (800 ml),Jawa Timur,Surabaya,5271250
01-10-2022,PHI Mini Market - Surabaya 01,Galang Setiawan,P,Makanan & Minuman,susu kotak 1 l,Jawa Timur,Surabaya,3037030
01-10-2022,PHI Mini Market - Surabaya 01,Galang Setiawan,P,Makanan & Minuman,telur ayam kampung 1 kg,Jawa Timur,Surabaya,6554280
01-10-2022,PHI Mini Market - Surabaya 01,Galang Setiawan,P,Makanan & Minuman,telur ayam ras 1 kg,Jawa Timur,Surabaya,3690250
01-10-2022,PHI Mini Market - Surabaya 01,Galang Setiawan,P,Sayur-Sayuran,bawang merah 1 kg,Jawa Timur,Surabaya,3161750
01-10-2022,PHI Mini Market - Surabaya 01,Galang Setiawan,P,Sayur-Sayuran,bawang putih 1 kg,Jawa Timur,Surabaya,1831430
01-10-2022,PHI Mini Market - Surabaya 01,Galang Setiawan,P,Sayur-Sayuran,buncis 1 kg,Jawa Timur,Surabaya,1660030
01-10-2022,PHI Mini Market - Surabaya 01,Galang Setiawan,P,Sayur-Sayuran,kacang hijau 1 kg,Jawa Timur,Surabaya,2190430
01-10-2022,PHI Mini Market - Surabaya 01,Galang Setiawan,P,Sayur-Sayuran,kacang panjang 1 kg,Jawa Timur,Surabaya,3203170
01-10-2022,PHI Mini Market - Surabaya 01,Galang Setiawan,P,Sayur-Sayuran,kentang 1 kg,Jawa Timur,Surabaya,3682890
01-10-2022,PHI Mini Market - Surabaya 01,Galang Setiawan,P,Sayur-Sayuran,ketimun 1 kg,Jawa Timur,Surabaya,1484310
01-10-2022,PHI Mini Market - Surabaya 01,Galang Setiawan,P,Sayur-Sayuran,kobis 1 kg,Jawa Timur,Surabaya,236300
01-10-2022,PHI Mini Market - Surabaya 01,Galang Setiawan,P,Sayur-Sayuran,tomat 1 kg,Jawa Timur,Surabaya,2304650
01-10-2022,PHI Mini Market - Surabaya 01,Galang Setiawan,P,Sayur-Sayuran,ubi jalar 1 kg,Jawa Timur,Surabaya,371390
01-10-2022,PHI Mini Market - Surabaya 01,Galang Setiawan,P,Sayur-Sayuran,ubi kayu basah 1 kg,Jawa Timur,Surabaya,311650
01-10-2022,PHI Mini Market - Surabaya 01,Galang Setiawan,P,Sayur-Sayuran,wortel 1 kg,Jawa Timur,Surabaya,826870
01-10-2022,PHI Mini Market - Surabaya 01,Harum Selangit,W,Buah,alpukat 1 kg,Jawa Timur,Surabaya,1980430
01-10-2022,PHI Mini Market - Surabaya 01,Harum Selangit,W,Buah,apel 1 kg,Jawa Timur,Surabaya,19967380
01-10-2022,PHI Mini Market - Surabaya 01,Harum Selangit,W,Buah,belimbing 1 kg,Jawa Timur,Surabaya,1298380
01-10-2022,PHI Mini Market - Surabaya 01,Harum Selangit,W,Buah,durian 1 kg,Jawa Timur,Surabaya,5798650
01-10-2022,PHI Mini Market - Surabaya 01,Harum Selangit,W,Buah,jeruk 1 kg,Jawa Timur,Surabaya,3244440
01-10-2022,PHI Mini Market - Surabaya 01,Harum Selangit,W,Buah,kelapa muda,Jawa Timur,Surabaya,1903180
01-10-2022,PHI Mini Market - Surabaya 01,Harum Selangit,W,Buah,mangga 1 kg,Jawa Timur,Surabaya,5874060
01-10-2022,PHI Mini Market - Surabaya 01,Harum Selangit,W,Makanan & Minuman,air mineral 600 ml,Jawa Timur,Surabaya,402260
01-10-2022,PHI Mini Market - Surabaya 01,Harum Selangit,W,Makanan & Minuman,bumbu fried chicken,Jawa Timur,Surabaya,3466340
01-10-2022,PHI Mini Market - Surabaya 01,Harum Selangit,W,Makanan & Minuman,jus kesehatan 600 ml,Jawa Timur,Surabaya,2396450
01-10-2022,PHI Mini Market - Surabaya 01,Harum Selangit,W,Makanan & Minuman,kacang goreng 1 kg,Jawa Timur,Surabaya,2727180
01-10-2022,PHI Mini Market - Surabaya 01,Harum Selangit,W,Makanan & Minuman,kacang mete 1 kg,Jawa Timur,Surabaya,25595990
01-10-2022,PHI Mini Market - Surabaya 01,Harum Selangit,W,Makanan & Minuman,markisa 600 ml,Jawa Timur,Surabaya,5192640
01-10-2022,PHI Mini Market - Surabaya 01,Harum Selangit,W,Makanan & Minuman,mie instant 1 kotak (40 bungkus),Jawa Timur,Surabaya,35105570
01-10-2022,PHI Mini Market - Surabaya 01,Harum Selangit,W,Makanan & Minuman,minuman probiotik,Jawa Timur,Surabaya,229550
01-10-2022,PHI Mini Market - Surabaya 01,Harum Selangit,W,Makanan & Minuman,nasi goreng instant (1 ons),Jawa Timur,Surabaya,2043780
01-10-2022,PHI Mini Market - Surabaya 01,Harum Selangit,W,Makanan & Minuman,snack gurih 1 ons,Jawa Timur,Surabaya,1426340
01-10-2022,PHI Mini Market - Surabaya 01,Harum Selangit,W,Makanan & Minuman,susu kotak (800 ml),Jawa Timur,Surabaya,4786970
01-10-2022,PHI Mini Market - Surabaya 01,Harum Selangit,W,Makanan & Minuman,susu kotak 1 l,Jawa Timur,Surabaya,4078140
01-10-2022,PHI Mini Market - Surabaya 01,Harum Selangit,W,Makanan & Minuman,telur ayam kampung 1 kg,Jawa Timur,Surabaya,6158500
01-10-2022,PHI Mini Market - Surabaya 01,Harum Selangit,W,Makanan & Minuman,telur ayam ras 1 kg,Jawa Timur,Surabaya,3541910
01-10-2022,PHI Mini Market - Surabaya 01,Harum Selangit,W,Sayur-Sayuran,bawang merah 1 kg,Jawa Timur,Surabaya,2829810
01-10-2022,PHI Mini Market - Surabaya 01,Harum Selangit,W,Sayur-Sayuran,bawang putih 1 kg,Jawa Timur,Surabaya,1642890
01-10-2022,PHI Mini Market - Surabaya 01,Harum Selangit,W,Sayur-Sayuran,buncis 1 kg,Jawa Timur,Surabaya,3048400
01-10-2022,PHI Mini Market - Surabaya 01,Harum Selangit,W,Sayur-Sayuran,kacang hijau 1 kg,Jawa Timur,Surabaya,1318800
01-10-2022,PHI Mini Market - Surabaya 01,Harum Selangit,W,Sayur-Sayuran,kacang panjang 1 kg,Jawa Timur,Surabaya,2072450
01-10-2022,PHI Mini Market - Surabaya 01,Harum Selangit,W,Sayur-Sayuran,kentang 1 kg,Jawa Timur,Surabaya,2476150
01-10-2022,PHI Mini Market - Surabaya 01,Harum Selangit,W,Sayur-Sayuran,ketimun 1 kg,Jawa Timur,Surabaya,1498560
01-10-2022,PHI Mini Market - Surabaya 01,Harum Selangit,W,Sayur-Sayuran,kobis 1 kg,Jawa Timur,Surabaya,413250
01-10-2022,PHI Mini Market - Surabaya 01,Harum Selangit,W,Sayur-Sayuran,tomat 1 kg,Jawa Timur,Surabaya,1569410
01-10-2022,PHI Mini Market - Surabaya 01,Harum Selangit,W,Sayur-Sayuran,ubi jalar 1 kg,Jawa Timur,Surabaya,390820
01-10-2022,PHI Mini Market - Surabaya 01,Harum Selangit,W,Sayur-Sayuran,ubi kayu basah 1 kg,Jawa Timur,Surabaya,516530
01-10-2022,PHI Mini Market - Surabaya 01,Harum Selangit,W,Sayur-Sayuran,wortel 1 kg,Jawa Timur,Surabaya,1339460
01-10-2022,PHI Mini Market - Surabaya 01,Mariani Damai,W,Buah,alpukat 1 kg,Jawa Timur,Surabaya,2655890
01-10-2022,PHI Mini Market - Surabaya 01,Mariani Damai,W,Buah,apel 1 kg,Jawa Timur,Surabaya,13963350
01-10-2022,PHI Mini Market - Surabaya 01,Mariani Damai,W,Buah,belimbing 1 kg,Jawa Timur,Surabaya,1343440
01-10-2022,PHI Mini Market - Surabaya 01,Mariani Damai,W,Buah,durian 1 kg,Jawa Timur,Surabaya,5792540
01-10-2022,PHI Mini Market - Surabaya 01,Mariani Damai,W,Buah,jeruk 1 kg,Jawa Timur,Surabaya,2485110
01-10-2022,PHI Mini Market - Surabaya 01,Mariani Damai,W,Buah,kelapa muda,Jawa Timur,Surabaya,2224110
01-10-2022,PHI Mini Market - Surabaya 01,Mariani Damai,W,Makanan & Minuman,air mineral 600 ml,Jawa Timur,Surabaya,319830
01-10-2022,PHI Mini Market - Surabaya 01,Mariani Damai,W,Makanan & Minuman,bumbu fried chicken,Jawa Timur,Surabaya,6586180
01-10-2022,PHI Mini Market - Surabaya 01,Mariani Damai,W,Makanan & Minuman,jus kesehatan 600 ml,Jawa Timur,Surabaya,2692310
01-10-2022,PHI Mini Market - Surabaya 01,Mariani Damai,W,Makanan & Minuman,kacang goreng 1 kg,Jawa Timur,Surabaya,3618870
01-10-2022,PHI Mini Market - Surabaya 01,Mariani Damai,W,Makanan & Minuman,kacang mete 1 kg,Jawa Timur,Surabaya,29381930
01-10-2022,PHI Mini Market - Surabaya 01,Mariani Damai,W,Makanan & Minuman,markisa 600 ml,Jawa Timur,Surabaya,5491630
01-10-2022,PHI Mini Market - Surabaya 01,Mariani Damai,W,Makanan & Minuman,mie instant 1 kotak (40 bungkus),Jawa Timur,Surabaya,34178140
01-10-2022,PHI Mini Market - Surabaya 01,Mariani Damai,W,Makanan & Minuman,minuman probiotik,Jawa Timur,Surabaya,338740
01-10-2022,PHI Mini Market - Surabaya 01,Mariani Damai,W,Makanan & Minuman,nasi goreng instant (1 ons),Jawa Timur,Surabaya,1865860
01-10-2022,PHI Mini Market - Surabaya 01,Mariani Damai,W,Makanan & Minuman,snack gurih 1 ons,Jawa Timur,Surabaya,1644830
01-10-2022,PHI Mini Market - Surabaya 01,Mariani Damai,W,Makanan & Minuman,susu kotak (800 ml),Jawa Timur,Surabaya,3941920
01-10-2022,PHI Mini Market - Surabaya 01,Mariani Damai,W,Makanan & Minuman,susu kotak 1 l,Jawa Timur,Surabaya,3293870
01-10-2022,PHI Mini Market - Surabaya 01,Mariani Damai,W,Makanan & Minuman,telur ayam kampung 1 kg,Jawa Timur,Surabaya,5555500
01-10-2022,PHI Mini Market - Surabaya 01,Mariani Damai,W,Makanan & Minuman,telur ayam ras 1 kg,Jawa Timur,Surabaya,2974070
01-10-2022,PHI Mini Market - Surabaya 01,Mariani Damai,W,Sayur-Sayuran,bawang merah 1 kg,Jawa Timur,Surabaya,3623600
01-10-2022,PHI Mini Market - Surabaya 01,Mariani Damai,W,Sayur-Sayuran,bawang putih 1 kg,Jawa Timur,Surabaya,1605740
01-10-2022,PHI Mini Market - Surabaya 01,Mariani Damai,W,Sayur-Sayuran,buncis 1 kg,Jawa Timur,Surabaya,2147940
01-10-2022,PHI Mini Market - Surabaya 01,Mariani Damai,W,Sayur-Sayuran,kacang hijau 1 kg,Jawa Timur,Surabaya,2494450
01-10-2022,PHI Mini Market - Surabaya 01,Mariani Damai,W,Sayur-Sayuran,kacang panjang 1 kg,Jawa Timur,Surabaya,3067230
01-10-2022,PHI Mini Market - Surabaya 01,Mariani Damai,W,Sayur-Sayuran,kentang 1 kg,Jawa Timur,Surabaya,2861480
01-10-2022,PHI Mini Market - Surabaya 01,Mariani Damai,W,Sayur-Sayuran,ketimun 1 kg,Jawa Timur,Surabaya,1631980
01-10-2022,PHI Mini Market - Surabaya 01,Mariani Damai,W,Sayur-Sayuran,kobis 1 kg,Jawa Timur,Surabaya,314130
01-10-2022,PHI Mini Market - Surabaya 01,Mariani Damai,W,Sayur-Sayuran,tomat 1 kg,Jawa Timur,Surabaya,2244440
01-10-2022,PHI Mini Market - Surabaya 01,Mariani Damai,W,Sayur-Sayuran,ubi jalar 1 kg,Jawa Timur,Surabaya,486180
01-10-2022,PHI Mini Market - Surabaya 01,Mariani Damai,W,Sayur-Sayuran,ubi kayu basah 1 kg,Jawa Timur,Surabaya,265830
01-10-2022,PHI Mini Market - Surabaya 01,Mariani Damai,W,Sayur-Sayuran,wortel 1 kg,Jawa Timur,Surabaya,970000
01-10-2022,PHI Mini Market - Surabaya 01,Mulia Setiawan,P,Buah,alpukat 1 kg,Jawa Timur,Surabaya,1577200
01-10-2022,PHI Mini Market - Surabaya 01,Mulia Setiawan,P,Buah,apel 1 kg,Jawa Timur,Surabaya,18556510
01-10-2022,PHI Mini Market - Surabaya 01,Mulia Setiawan,P,Buah,belimbing 1 kg,Jawa Timur,Surabaya,1024220
01-10-2022,PHI Mini Market - Surabaya 01,Mulia Setiawan,P,Buah,durian 1 kg,Jawa Timur,Surabaya,7416990
01-10-2022,PHI Mini Market - Surabaya 01,Mulia Setiawan,P,Buah,jeruk 1 kg,Jawa Timur,Surabaya,6332480
01-10-2022,PHI Mini Market - Surabaya 01,Mulia Setiawan,P,Buah,kelapa muda,Jawa Timur,Surabaya,1995530
01-10-2022,PHI Mini Market - Surabaya 01,Mulia Setiawan,P,Buah,mangga 1 kg,Jawa Timur,Surabaya,5352860
01-10-2022,PHI Mini Market - Surabaya 01,Mulia Setiawan,P,Makanan & Minuman,air mineral 600 ml,Jawa Timur,Surabaya,486750
01-10-2022,PHI Mini Market - Surabaya 01,Mulia Setiawan,P,Makanan & Minuman,bumbu fried chicken,Jawa Timur,Surabaya,5473230
01-10-2022,PHI Mini Market - Surabaya 01,Mulia Setiawan,P,Makanan & Minuman,jus kesehatan 600 ml,Jawa Timur,Surabaya,2314660
01-10-2022,PHI Mini Market - Surabaya 01,Mulia Setiawan,P,Makanan & Minuman,kacang goreng 1 kg,Jawa Timur,Surabaya,3395000
01-10-2022,PHI Mini Market - Surabaya 01,Mulia Setiawan,P,Makanan & Minuman,kacang mete 1 kg,Jawa Timur,Surabaya,20049120
01-10-2022,PHI Mini Market - Surabaya 01,Mulia Setiawan,P,Makanan & Minuman,markisa 600 ml,Jawa Timur,Surabaya,5451240
01-10-2022,PHI Mini Market - Surabaya 01,Mulia Setiawan,P,Makanan & Minuman,mie instant 1 kotak (40 bungkus),Jawa Timur,Surabaya,35879320
01-10-2022,PHI Mini Market - Surabaya 01,Mulia Setiawan,P,Makanan & Minuman,minuman probiotik,Jawa Timur,Surabaya,309940
01-10-2022,PHI Mini Market - Surabaya 01,Mulia Setiawan,P,Makanan & Minuman,nasi goreng instant (1 ons),Jawa Timur,Surabaya,2066090
01-10-2022,PHI Mini Market - Surabaya 01,Mulia Setiawan,P,Makanan & Minuman,snack gurih 1 ons,Jawa Timur,Surabaya,1672620
01-10-2022,PHI Mini Market - Surabaya 01,Mulia Setiawan,P,Makanan & Minuman,susu kotak (800 ml),Jawa Timur,Surabaya,4849290
01-10-2022,PHI Mini Market - Surabaya 01,Mulia Setiawan,P,Makanan & Minuman,susu kotak 1 l,Jawa Timur,Surabaya,2905360
01-10-2022,PHI Mini Market - Surabaya 01,Mulia Setiawan,P,Makanan & Minuman,telur ayam kampung 1 kg,Jawa Timur,Surabaya,6029130
01-10-2022,PHI Mini Market - Surabaya 01,Mulia Setiawan,P,Makanan & Minuman,telur ayam ras 1 kg,Jawa Timur,Surabaya,3554330
01-10-2022,PHI Mini Market - Surabaya 01,Mulia Setiawan,P,Sayur-Sayuran,bawang merah 1 kg,Jawa Timur,Surabaya,3622540
01-10-2022,PHI Mini Market - Surabaya 01,Mulia Setiawan,P,Sayur-Sayuran,bawang putih 1 kg,Jawa Timur,Surabaya,1090790
01-10-2022,PHI Mini Market - Surabaya 01,Mulia Setiawan,P,Sayur-Sayuran,buncis 1 kg,Jawa Timur,Surabaya,2281370
01-10-2022,PHI Mini Market - Surabaya 01,Mulia Setiawan,P,Sayur-Sayuran,kacang hijau 1 kg,Jawa Timur,Surabaya,2060200
01-10-2022,PHI Mini Market - Surabaya 01,Mulia Setiawan,P,Sayur-Sayuran,kacang panjang 1 kg,Jawa Timur,Surabaya,2269120
01-10-2022,PHI Mini Market - Surabaya 01,Mulia Setiawan,P,Sayur-Sayuran,kentang 1 kg,Jawa Timur,Surabaya,4017650
01-10-2022,PHI Mini Market - Surabaya 01,Mulia Setiawan,P,Sayur-Sayuran,ketimun 1 kg,Jawa Timur,Surabaya,1324030
01-10-2022,PHI Mini Market - Surabaya 01,Mulia Setiawan,P,Sayur-Sayuran,kobis 1 kg,Jawa Timur,Surabaya,337720
01-10-2022,PHI Mini Market - Surabaya 01,Mulia Setiawan,P,Sayur-Sayuran,tomat 1 kg,Jawa Timur,Surabaya,1146560
01-10-2022,PHI Mini Market - Surabaya 01,Mulia Setiawan,P,Sayur-Sayuran,ubi jalar 1 kg,Jawa Timur,Surabaya,357340
01-10-2022,PHI Mini Market - Surabaya 01,Mulia Setiawan,P,Sayur-Sayuran,ubi kayu basah 1 kg,Jawa Timur,Surabaya,305450
01-10-2022,PHI Mini Market - Surabaya 01,Mulia Setiawan,P,Sayur-Sayuran,wortel 1 kg,Jawa Timur,Surabaya,1018160
01-10-2022,PHI Mini Market - Surabaya 01,Mulyo Damai,P,Buah,alpukat 1 kg,Jawa Timur,Surabaya,2417290
01-10-2022,PHI Mini Market - Surabaya 01,Mulyo Damai,P,Buah,apel 1 kg,Jawa Timur,Surabaya,16035640
01-10-2022,PHI Mini Market - Surabaya 01,Mulyo Damai,P,Buah,belimbing 1 kg,Jawa Timur,Surabaya,1279350
01-10-2022,PHI Mini Market - Surabaya 01,Mulyo Damai,P,Buah,durian 1 kg,Jawa Timur,Surabaya,3739430
01-10-2022,PHI Mini Market - Surabaya 01,Mulyo Damai,P,Buah,jeruk 1 kg,Jawa Timur,Surabaya,3581520
01-10-2022,PHI Mini Market - Surabaya 01,Mulyo Damai,P,Buah,kelapa muda,Jawa Timur,Surabaya,2035260
01-10-2022,PHI Mini Market - Surabaya 01,Mulyo Damai,P,Makanan & Minuman,air mineral 600 ml,Jawa Timur,Surabaya,476860
01-10-2022,PHI Mini Market - Surabaya 01,Mulyo Damai,P,Makanan & Minuman,bumbu fried chicken,Jawa Timur,Surabaya,5874410
01-10-2022,PHI Mini Market - Surabaya 01,Mulyo Damai,P,Makanan & Minuman,jus kesehatan 600 ml,Jawa Timur,Surabaya,2351630
01-10-2022,PHI Mini Market - Surabaya 01,Mulyo Damai,P,Makanan & Minuman,kacang goreng 1 kg,Jawa Timur,Surabaya,4189000
01-10-2022,PHI Mini Market - Surabaya 01,Mulyo Damai,P,Makanan & Minuman,kacang mete 1 kg,Jawa Timur,Surabaya,22678850
01-10-2022,PHI Mini Market - Surabaya 01,Mulyo Damai,P,Makanan & Minuman,markisa 600 ml,Jawa Timur,Surabaya,6048540
01-10-2022,PHI Mini Market - Surabaya 01,Mulyo Damai,P,Makanan & Minuman,mie instant 1 kotak (40 bungkus),Jawa Timur,Surabaya,35696990
01-10-2022,PHI Mini Market - Surabaya 01,Mulyo Damai,P,Makanan & Minuman,minuman probiotik,Jawa Timur,Surabaya,235100
01-10-2022,PHI Mini Market - Surabaya 01,Mulyo Damai,P,Makanan & Minuman,nasi goreng instant (1 ons),Jawa Timur,Surabaya,1417850
01-10-2022,PHI Mini Market - Surabaya 01,Mulyo Damai,P,Makanan & Minuman,snack gurih 1 ons,Jawa Timur,Surabaya,1671920
01-10-2022,PHI Mini Market - Surabaya 01,Mulyo Damai,P,Makanan & Minuman,susu kotak (800 ml),Jawa Timur,Surabaya,5396310
01-10-2022,PHI Mini Market - Surabaya 01,Mulyo Damai,P,Makanan & Minuman,susu kotak 1 l,Jawa Timur,Surabaya,3482820
01-10-2022,PHI Mini Market - Surabaya 01,Mulyo Damai,P,Makanan & Minuman,telur ayam kampung 1 kg,Jawa Timur,Surabaya,5561130
01-10-2022,PHI Mini Market - Surabaya 01,Mulyo Damai,P,Makanan & Minuman,telur ayam ras 1 kg,Jawa Timur,Surabaya,3664400
01-10-2022,PHI Mini Market - Surabaya 01,Mulyo Damai,P,Sayur-Sayuran,bawang merah 1 kg,Jawa Timur,Surabaya,3405750
01-10-2022,PHI Mini Market - Surabaya 01,Mulyo Damai,P,Sayur-Sayuran,bawang putih 1 kg,Jawa Timur,Surabaya,1387250
01-10-2022,PHI Mini Market - Surabaya 01,Mulyo Damai,P,Sayur-Sayuran,buncis 1 kg,Jawa Timur,Surabaya,1393270
01-10-2022,PHI Mini Market - Surabaya 01,Mulyo Damai,P,Sayur-Sayuran,kacang hijau 1 kg,Jawa Timur,Surabaya,1758500
01-10-2022,PHI Mini Market - Surabaya 01,Mulyo Damai,P,Sayur-Sayuran,kacang panjang 1 kg,Jawa Timur,Surabaya,2908700
01-10-2022,PHI Mini Market - Surabaya 01,Mulyo Damai,P,Sayur-Sayuran,kentang 1 kg,Jawa Timur,Surabaya,2896750
01-10-2022,PHI Mini Market - Surabaya 01,Mulyo Damai,P,Sayur-Sayuran,ketimun 1 kg,Jawa Timur,Surabaya,1743590
01-10-2022,PHI Mini Market - Surabaya 01,Mulyo Damai,P,Sayur-Sayuran,kobis 1 kg,Jawa Timur,Surabaya,402000
01-10-2022,PHI Mini Market - Surabaya 01,Mulyo Damai,P,Sayur-Sayuran,tomat 1 kg,Jawa Timur,Surabaya,1687040
01-10-2022,PHI Mini Market - Surabaya 01,Mulyo Damai,P,Sayur-Sayuran,ubi jalar 1 kg,Jawa Timur,Surabaya,371740
01-10-2022,PHI Mini Market - Surabaya 01,Mulyo Damai,P,Sayur-Sayuran,ubi kayu basah 1 kg,Jawa Timur,Surabaya,412440
01-10-2022,PHI Mini Market - Surabaya 01,Mulyo Damai,P,Sayur-Sayuran,wortel 1 kg,Jawa Timur,Surabaya,1269400
01-10-2022,PHI Mini Market - Surabaya 01,Natali Menawan,W,Buah,alpukat 1 kg,Jawa Timur,Surabaya,4644310
01-10-2022,PHI Mini Market - Surabaya 01,Natali Menawan,W,Buah,apel 1 kg,Jawa Timur,Surabaya,47776650
01-10-2022,PHI Mini Market - Surabaya 01,Natali Menawan,W,Buah,belimbing 1 kg,Jawa Timur,Surabaya,3232610
01-10-2022,PHI Mini Market - Surabaya 01,Natali Menawan,W,Buah,durian 1 kg,Jawa Timur,Surabaya,13519650
01-10-2022,PHI Mini Market - Surabaya 01,Natali Menawan,W,Buah,jeruk 1 kg,Jawa Timur,Surabaya,7355030
01-10-2022,PHI Mini Market - Surabaya 01,Natali Menawan,W,Buah,kelapa muda,Jawa Timur,Surabaya,3297630
01-10-2022,PHI Mini Market - Surabaya 01,Natali Menawan,W,Buah,mangga 1 kg,Jawa Timur,Surabaya,10044360
01-10-2022,PHI Mini Market - Surabaya 01,Natali Menawan,W,Makanan & Minuman,air mineral 600 ml,Jawa Timur,Surabaya,792720
01-10-2022,PHI Mini Market - Surabaya 01,Natali Menawan,W,Makanan & Minuman,bumbu fried chicken,Jawa Timur,Surabaya,10823230
01-10-2022,PHI Mini Market - Surabaya 01,Natali Menawan,W,Makanan & Minuman,jus kesehatan 600 ml,Jawa Timur,Surabaya,5482920
01-10-2022,PHI Mini Market - Surabaya 01,Natali Menawan,W,Makanan & Minuman,kacang goreng 1 kg,Jawa Timur,Surabaya,7919290
01-10-2022,PHI Mini Market - Surabaya 01,Natali Menawan,W,Makanan & Minuman,kacang mete 1 kg,Jawa Timur,Surabaya,45573110
01-10-2022,PHI Mini Market - Surabaya 01,Natali Menawan,W,Makanan & Minuman,markisa 600 ml,Jawa Timur,Surabaya,11793400
01-10-2022,PHI Mini Market - Surabaya 01,Natali Menawan,W,Makanan & Minuman,mie instant 1 kotak (40 bungkus),Jawa Timur,Surabaya,73147120
01-10-2022,PHI Mini Market - Surabaya 01,Natali Menawan,W,Makanan & Minuman,minuman probiotik,Jawa Timur,Surabaya,587870
01-10-2022,PHI Mini Market - Surabaya 01,Natali Menawan,W,Makanan & Minuman,nasi goreng instant (1 ons),Jawa Timur,Surabaya,4404470
01-10-2022,PHI Mini Market - Surabaya 01,Natali Menawan,W,Makanan & Minuman,snack gurih 1 ons,Jawa Timur,Surabaya,3656580
01-10-2022,PHI Mini Market - Surabaya 01,Natali Menawan,W,Makanan & Minuman,susu kotak (800 ml),Jawa Timur,Surabaya,11529040
01-10-2022,PHI Mini Market - Surabaya 01,Natali Menawan,W,Makanan & Minuman,susu kotak 1 l,Jawa Timur,Surabaya,6872060
01-10-2022,PHI Mini Market - Surabaya 01,Natali Menawan,W,Makanan & Minuman,telur ayam kampung 1 kg,Jawa Timur,Surabaya,9113650
01-10-2022,PHI Mini Market - Surabaya 01,Natali Menawan,W,Makanan & Minuman,telur ayam ras 1 kg,Jawa Timur,Surabaya,7606830
01-10-2022,PHI Mini Market - Surabaya 01,Natali Menawan,W,Sayur-Sayuran,bawang merah 1 kg,Jawa Timur,Surabaya,7696630
01-10-2022,PHI Mini Market - Surabaya 01,Natali Menawan,W,Sayur-Sayuran,bawang putih 1 kg,Jawa Timur,Surabaya,2569460
01-10-2022,PHI Mini Market - Surabaya 01,Natali Menawan,W,Sayur-Sayuran,buncis 1 kg,Jawa Timur,Surabaya,4333230
01-10-2022,PHI Mini Market - Surabaya 01,Natali Menawan,W,Sayur-Sayuran,kacang hijau 1 kg,Jawa Timur,Surabaya,4131500
01-10-2022,PHI Mini Market - Surabaya 01,Natali Menawan,W,Sayur-Sayuran,kacang panjang 1 kg,Jawa Timur,Surabaya,5694020
01-10-2022,PHI Mini Market - Surabaya 01,Natali Menawan,W,Sayur-Sayuran,kentang 1 kg,Jawa Timur,Surabaya,4912520
01-10-2022,PHI Mini Market - Surabaya 01,Natali Menawan,W,Sayur-Sayuran,ketimun 1 kg,Jawa Timur,Surabaya,3400640
01-10-2022,PHI Mini Market - Surabaya 01,Natali Menawan,W,Sayur-Sayuran,kobis 1 kg,Jawa Timur,Surabaya,630130
01-10-2022,PHI Mini Market - Surabaya 01,Natali Menawan,W,Sayur-Sayuran,tomat 1 kg,Jawa Timur,Surabaya,2620320
01-10-2022,PHI Mini Market - Surabaya 01,Natali Menawan,W,Sayur-Sayuran,ubi jalar 1 kg,Jawa Timur,Surabaya,808440
01-10-2022,PHI Mini Market - Surabaya 01,Natali Menawan,W,Sayur-Sayuran,ubi kayu basah 1 kg,Jawa Timur,Surabaya,500310
01-10-2022,PHI Mini Market - Surabaya 01,Natali Menawan,W,Sayur-Sayuran,wortel 1 kg,Jawa Timur,Surabaya,2241870
01-11-2022,PHI Mini Market - Jakarta Pusat 01,Agung Alexander,P,Buah,alpukat 1 kg,DKI Jakarta,Jakarta Pusat,2574270
01-11-2022,PHI Mini Market - Jakarta Pusat 01,Agung Alexander,P,Buah,apel 1 kg,DKI Jakarta,Jakarta Pusat,17784470
01-11-2022,PHI Mini Market - Jakarta Pusat 01,Agung Alexander,P,Buah,belimbing 1 kg,DKI Jakarta,Jakarta Pusat,1451530
01-11-2022,PHI Mini Market - Jakarta Pusat 01,Agung Alexander,P,Buah,durian 1 kg,DKI Jakarta,Jakarta Pusat,5148610
01-11-2022,PHI Mini Market - Jakarta Pusat 01,Agung Alexander,P,Buah,jeruk 1 kg,DKI Jakarta,Jakarta Pusat,2148370
01-11-2022,PHI Mini Market - Jakarta Pusat 01,Agung Alexander,P,Buah,kelapa muda,DKI Jakarta,Jakarta Pusat,1350310
01-11-2022,PHI Mini Market - Jakarta Pusat 01,Agung Alexander,P,Makanan & Minuman,air mineral 600 ml,DKI Jakarta,Jakarta Pusat,328430
01-11-2022,PHI Mini Market - Jakarta Pusat 01,Agung Alexander,P,Makanan & Minuman,bumbu fried chicken,DKI Jakarta,Jakarta Pusat,4208040
01-11-2022,PHI Mini Market - Jakarta Pusat 01,Agung Alexander,P,Makanan & Minuman,jus kesehatan 600 ml,DKI Jakarta,Jakarta Pusat,3009470
01-11-2022,PHI Mini Market - Jakarta Pusat 01,Agung Alexander,P,Makanan & Minuman,kacang goreng 1 kg,DKI Jakarta,Jakarta Pusat,2785320
01-11-2022,PHI Mini Market - Jakarta Pusat 01,Agung Alexander,P,Makanan & Minuman,kacang mete 1 kg,DKI Jakarta,Jakarta Pusat,25408790
01-11-2022,PHI Mini Market - Jakarta Pusat 01,Agung Alexander,P,Makanan & Minuman,markisa 600 ml,DKI Jakarta,Jakarta Pusat,3921570
01-11-2022,PHI Mini Market - Jakarta Pusat 01,Agung Alexander,P,Makanan & Minuman,mie instant 1 kotak (40 bungkus),DKI Jakarta,Jakarta Pusat,33811450
01-11-2022,PHI Mini Market - Jakarta Pusat 01,Agung Alexander,P,Makanan & Minuman,minuman probiotik,DKI Jakarta,Jakarta Pusat,269850
01-11-2022,PHI Mini Market - Jakarta Pusat 01,Agung Alexander,P,Makanan & Minuman,nasi goreng instant (1 ons),DKI Jakarta,Jakarta Pusat,1492240
01-11-2022,PHI Mini Market - Jakarta Pusat 01,Agung Alexander,P,Makanan & Minuman,snack gurih 1 ons,DKI Jakarta,Jakarta Pusat,2119680
01-11-2022,PHI Mini Market - Jakarta Pusat 01,Agung Alexander,P,Makanan & Minuman,susu kotak (800 ml),DKI Jakarta,Jakarta Pusat,4462190
01-11-2022,PHI Mini Market - Jakarta Pusat 01,Agung Alexander,P,Makanan & Minuman,susu kotak 1 l,DKI Jakarta,Jakarta Pusat,3661910
01-11-2022,PHI Mini Market - Jakarta Pusat 01,Agung Alexander,P,Makanan & Minuman,telur ayam kampung 1 kg,DKI Jakarta,Jakarta Pusat,5500620
01-11-2022,PHI Mini Market - Jakarta Pusat 01,Agung Alexander,P,Makanan & Minuman,telur ayam ras 1 kg,DKI Jakarta,Jakarta Pusat,4455980
01-11-2022,PHI Mini Market - Jakarta Pusat 01,Agung Alexander,P,Sayur-Sayuran,bawang merah 1 kg,DKI Jakarta,Jakarta Pusat,2109390
01-11-2022,PHI Mini Market - Jakarta Pusat 01,Agung Alexander,P,Sayur-Sayuran,bawang putih 1 kg,DKI Jakarta,Jakarta Pusat,1307880
01-11-2022,PHI Mini Market - Jakarta Pusat 01,Agung Alexander,P,Sayur-Sayuran,buncis 1 kg,DKI Jakarta,Jakarta Pusat,2088540
01-11-2022,PHI Mini Market - Jakarta Pusat 01,Agung Alexander,P,Sayur-Sayuran,kacang hijau 1 kg,DKI Jakarta,Jakarta Pusat,2420870
01-11-2022,PHI Mini Market - Jakarta Pusat 01,Agung Alexander,P,Sayur-Sayuran,kacang panjang 1 kg,DKI Jakarta,Jakarta Pusat,3810170
01-11-2022,PHI Mini Market - Jakarta Pusat 01,Agung Alexander,P,Sayur-Sayuran,kentang 1 kg,DKI Jakarta,Jakarta Pusat,2999340
01-11-2022,PHI Mini Market - Jakarta Pusat 01,Agung Alexander,P,Sayur-Sayuran,ketimun 1 kg,DKI Jakarta,Jakarta Pusat,1524490
01-11-2022,PHI Mini Market - Jakarta Pusat 01,Agung Alexander,P,Sayur-Sayuran,kobis 1 kg,DKI Jakarta,Jakarta Pusat,345730
01-11-2022,PHI Mini Market - Jakarta Pusat 01,Agung Alexander,P,Sayur-Sayuran,tomat 1 kg,DKI Jakarta,Jakarta Pusat,1357190
01-11-2022,PHI Mini Market - Jakarta Pusat 01,Agung Alexander,P,Sayur-Sayuran,ubi jalar 1 kg,DKI Jakarta,Jakarta Pusat,218270
01-11-2022,PHI Mini Market - Jakarta Pusat 01,Agung Alexander,P,Sayur-Sayuran,ubi kayu basah 1 kg,DKI Jakarta,Jakarta Pusat,403030
01-11-2022,PHI Mini Market - Jakarta Pusat 01,Agung Alexander,P,Sayur-Sayuran,wortel 1 kg,DKI Jakarta,Jakarta Pusat,901890
01-11-2022,PHI Mini Market - Jakarta Pusat 01,Budiwati Ramah,W,Buah,alpukat 1 kg,DKI Jakarta,Jakarta Pusat,2184990
01-11-2022,PHI Mini Market - Jakarta Pusat 01,Budiwati Ramah,W,Buah,apel 1 kg,DKI Jakarta,Jakarta Pusat,15937450
01-11-2022,PHI Mini Market - Jakarta Pusat 01,Budiwati Ramah,W,Buah,belimbing 1 kg,DKI Jakarta,Jakarta Pusat,1000660
01-11-2022,PHI Mini Market - Jakarta Pusat 01,Budiwati Ramah,W,Buah,durian 1 kg,DKI Jakarta,Jakarta Pusat,6469250
01-11-2022,PHI Mini Market - Jakarta Pusat 01,Budiwati Ramah,W,Buah,jeruk 1 kg,DKI Jakarta,Jakarta Pusat,4573040
01-11-2022,PHI Mini Market - Jakarta Pusat 01,Budiwati Ramah,W,Buah,kelapa muda,DKI Jakarta,Jakarta Pusat,871440
01-11-2022,PHI Mini Market - Jakarta Pusat 01,Budiwati Ramah,W,Buah,mangga 1 kg,DKI Jakarta,Jakarta Pusat,4186770
01-11-2022,PHI Mini Market - Jakarta Pusat 01,Budiwati Ramah,W,Makanan & Minuman,air mineral 600 ml,DKI Jakarta,Jakarta Pusat,463190
01-11-2022,PHI Mini Market - Jakarta Pusat 01,Budiwati Ramah,W,Makanan & Minuman,bumbu fried chicken,DKI Jakarta,Jakarta Pusat,5926800
01-11-2022,PHI Mini Market - Jakarta Pusat 01,Budiwati Ramah,W,Makanan & Minuman,jus kesehatan 600 ml,DKI Jakarta,Jakarta Pusat,2053220
01-11-2022,PHI Mini Market - Jakarta Pusat 01,Budiwati Ramah,W,Makanan & Minuman,kacang goreng 1 kg,DKI Jakarta,Jakarta Pusat,3196630
01-11-2022,PHI Mini Market - Jakarta Pusat 01,Budiwati Ramah,W,Makanan & Minuman,kacang mete 1 kg,DKI Jakarta,Jakarta Pusat,23422790
01-11-2022,PHI Mini Market - Jakarta Pusat 01,Budiwati Ramah,W,Makanan & Minuman,markisa 600 ml,DKI Jakarta,Jakarta Pusat,5360760
01-11-2022,PHI Mini Market - Jakarta Pusat 01,Budiwati Ramah,W,Makanan & Minuman,mie instant 1 kotak (40 bungkus),DKI Jakarta,Jakarta Pusat,49945070
01-11-2022,PHI Mini Market - Jakarta Pusat 01,Budiwati Ramah,W,Makanan & Minuman,minuman probiotik,DKI Jakarta,Jakarta Pusat,442500
01-11-2022,PHI Mini Market - Jakarta Pusat 01,Budiwati Ramah,W,Makanan & Minuman,nasi goreng instant (1 ons),DKI Jakarta,Jakarta Pusat,1295650
01-11-2022,PHI Mini Market - Jakarta Pusat 01,Budiwati Ramah,W,Makanan & Minuman,snack gurih 1 ons,DKI Jakarta,Jakarta Pusat,1372750
01-11-2022,PHI Mini Market - Jakarta Pusat 01,Budiwati Ramah,W,Makanan & Minuman,susu kotak (800 ml),DKI Jakarta,Jakarta Pusat,3695010
01-11-2022,PHI Mini Market - Jakarta Pusat 01,Budiwati Ramah,W,Makanan & Minuman,susu kotak 1 l,DKI Jakarta,Jakarta Pusat,3751140
01-11-2022,PHI Mini Market - Jakarta Pusat 01,Budiwati Ramah,W,Makanan & Minuman,telur ayam kampung 1 kg,DKI Jakarta,Jakarta Pusat,8629280
01-11-2022,PHI Mini Market - Jakarta Pusat 01,Budiwati Ramah,W,Makanan & Minuman,telur ayam ras 1 kg,DKI Jakarta,Jakarta Pusat,3735720
01-11-2022,PHI Mini Market - Jakarta Pusat 01,Budiwati Ramah,W,Sayur-Sayuran,bawang merah 1 kg,DKI Jakarta,Jakarta Pusat,3768890
01-11-2022,PHI Mini Market - Jakarta Pusat 01,Budiwati Ramah,W,Sayur-Sayuran,bawang putih 1 kg,DKI Jakarta,Jakarta Pusat,1505350
01-11-2022,PHI Mini Market - Jakarta Pusat 01,Budiwati Ramah,W,Sayur-Sayuran,buncis 1 kg,DKI Jakarta,Jakarta Pusat,1542580
01-11-2022,PHI Mini Market - Jakarta Pusat 01,Budiwati Ramah,W,Sayur-Sayuran,kacang hijau 1 kg,DKI Jakarta,Jakarta Pusat,2114340
01-11-2022,PHI Mini Market - Jakarta Pusat 01,Budiwati Ramah,W,Sayur-Sayuran,kacang panjang 1 kg,DKI Jakarta,Jakarta Pusat,2251880
01-11-2022,PHI Mini Market - Jakarta Pusat 01,Budiwati Ramah,W,Sayur-Sayuran,kentang 1 kg,DKI Jakarta,Jakarta Pusat,2551420
01-11-2022,PHI Mini Market - Jakarta Pusat 01,Budiwati Ramah,W,Sayur-Sayuran,ketimun 1 kg,DKI Jakarta,Jakarta Pusat,1625930
01-11-2022,PHI Mini Market - Jakarta Pusat 01,Budiwati Ramah,W,Sayur-Sayuran,kobis 1 kg,DKI Jakarta,Jakarta Pusat,394570
01-11-2022,PHI Mini Market - Jakarta Pusat 01,Budiwati Ramah,W,Sayur-Sayuran,tomat 1 kg,DKI Jakarta,Jakarta Pusat,1109780
01-11-2022,PHI Mini Market - Jakarta Pusat 01,Budiwati Ramah,W,Sayur-Sayuran,ubi jalar 1 kg,DKI Jakarta,Jakarta Pusat,409790
01-11-2022,PHI Mini Market - Jakarta Pusat 01,Budiwati Ramah,W,Sayur-Sayuran,ubi kayu basah 1 kg,DKI Jakarta,Jakarta Pusat,266980
01-11-2022,PHI Mini Market - Jakarta Pusat 01,Budiwati Ramah,W,Sayur-Sayuran,wortel 1 kg,DKI Jakarta,Jakarta Pusat,1387370
01-11-2022,PHI Mini Market - Jakarta Pusat 01,Cahya Terang,W,Buah,alpukat 1 kg,DKI Jakarta,Jakarta Pusat,1439260
01-11-2022,PHI Mini Market - Jakarta Pusat 01,Cahya Terang,W,Buah,apel 1 kg,DKI Jakarta,Jakarta Pusat,20995580
01-11-2022,PHI Mini Market - Jakarta Pusat 01,Cahya Terang,W,Buah,belimbing 1 kg,DKI Jakarta,Jakarta Pusat,1138150
01-11-2022,PHI Mini Market - Jakarta Pusat 01,Cahya Terang,W,Buah,durian 1 kg,DKI Jakarta,Jakarta Pusat,4477340
01-11-2022,PHI Mini Market - Jakarta Pusat 01,Cahya Terang,W,Buah,jeruk 1 kg,DKI Jakarta,Jakarta Pusat,5024080
01-11-2022,PHI Mini Market - Jakarta Pusat 01,Cahya Terang,W,Buah,kelapa muda,DKI Jakarta,Jakarta Pusat,1358610
01-11-2022,PHI Mini Market - Jakarta Pusat 01,Cahya Terang,W,Makanan & Minuman,air mineral 600 ml,DKI Jakarta,Jakarta Pusat,257650
01-11-2022,PHI Mini Market - Jakarta Pusat 01,Cahya Terang,W,Makanan & Minuman,bumbu fried chicken,DKI Jakarta,Jakarta Pusat,4473600
01-11-2022,PHI Mini Market - Jakarta Pusat 01,Cahya Terang,W,Makanan & Minuman,jus kesehatan 600 ml,DKI Jakarta,Jakarta Pusat,2097340
01-11-2022,PHI Mini Market - Jakarta Pusat 01,Cahya Terang,W,Makanan & Minuman,kacang goreng 1 kg,DKI Jakarta,Jakarta Pusat,3085360
01-11-2022,PHI Mini Market - Jakarta Pusat 01,Cahya Terang,W,Makanan & Minuman,kacang mete 1 kg,DKI Jakarta,Jakarta Pusat,22582560
01-11-2022,PHI Mini Market - Jakarta Pusat 01,Cahya Terang,W,Makanan & Minuman,markisa 600 ml,DKI Jakarta,Jakarta Pusat,4387600
01-11-2022,PHI Mini Market - Jakarta Pusat 01,Cahya Terang,W,Makanan & Minuman,mie instant 1 kotak (40 bungkus),DKI Jakarta,Jakarta Pusat,39834520
01-11-2022,PHI Mini Market - Jakarta Pusat 01,Cahya Terang,W,Makanan & Minuman,minuman probiotik,DKI Jakarta,Jakarta Pusat,380460
01-11-2022,PHI Mini Market - Jakarta Pusat 01,Cahya Terang,W,Makanan & Minuman,nasi goreng instant (1 ons),DKI Jakarta,Jakarta Pusat,2313450
01-11-2022,PHI Mini Market - Jakarta Pusat 01,Cahya Terang,W,Makanan & Minuman,snack gurih 1 ons,DKI Jakarta,Jakarta Pusat,1635230
01-11-2022,PHI Mini Market - Jakarta Pusat 01,Cahya Terang,W,Makanan & Minuman,susu kotak (800 ml),DKI Jakarta,Jakarta Pusat,3261370
01-11-2022,PHI Mini Market - Jakarta Pusat 01,Cahya Terang,W,Makanan & Minuman,susu kotak 1 l,DKI Jakarta,Jakarta Pusat,3433890
01-11-2022,PHI Mini Market - Jakarta Pusat 01,Cahya Terang,W,Makanan & Minuman,telur ayam kampung 1 kg,DKI Jakarta,Jakarta Pusat,6208650
01-11-2022,PHI Mini Market - Jakarta Pusat 01,Cahya Terang,W,Makanan & Minuman,telur ayam ras 1 kg,DKI Jakarta,Jakarta Pusat,4956310
01-11-2022,PHI Mini Market - Jakarta Pusat 01,Cahya Terang,W,Sayur-Sayuran,bawang merah 1 kg,DKI Jakarta,Jakarta Pusat,3090910
01-11-2022,PHI Mini Market - Jakarta Pusat 01,Cahya Terang,W,Sayur-Sayuran,bawang putih 1 kg,DKI Jakarta,Jakarta Pusat,1011200
01-11-2022,PHI Mini Market - Jakarta Pusat 01,Cahya Terang,W,Sayur-Sayuran,buncis 1 kg,DKI Jakarta,Jakarta Pusat,1303110
01-11-2022,PHI Mini Market - Jakarta Pusat 01,Cahya Terang,W,Sayur-Sayuran,kacang hijau 1 kg,DKI Jakarta,Jakarta Pusat,1547770
01-11-2022,PHI Mini Market - Jakarta Pusat 01,Cahya Terang,W,Sayur-Sayuran,kacang panjang 1 kg,DKI Jakarta,Jakarta Pusat,2889170
01-11-2022,PHI Mini Market - Jakarta Pusat 01,Cahya Terang,W,Sayur-Sayuran,kentang 1 kg,DKI Jakarta,Jakarta Pusat,3343660
01-11-2022,PHI Mini Market - Jakarta Pusat 01,Cahya Terang,W,Sayur-Sayuran,ketimun 1 kg,DKI Jakarta,Jakarta Pusat,1326680
01-11-2022,PHI Mini Market - Jakarta Pusat 01,Cahya Terang,W,Sayur-Sayuran,kobis 1 kg,DKI Jakarta,Jakarta Pusat,325640
01-11-2022,PHI Mini Market - Jakarta Pusat 01,Cahya Terang,W,Sayur-Sayuran,tomat 1 kg,DKI Jakarta,Jakarta Pusat,1836670
01-11-2022,PHI Mini Market - Jakarta Pusat 01,Cahya Terang,W,Sayur-Sayuran,ubi jalar 1 kg,DKI Jakarta,Jakarta Pusat,304620
01-11-2022,PHI Mini Market - Jakarta Pusat 01,Cahya Terang,W,Sayur-Sayuran,ubi kayu basah 1 kg,DKI Jakarta,Jakarta Pusat,346430
01-11-2022,PHI Mini Market - Jakarta Pusat 01,Cahya Terang,W,Sayur-Sayuran,wortel 1 kg,DKI Jakarta,Jakarta Pusat,938550
01-11-2022,PHI Mini Market - Jakarta Pusat 01,Eko Rukun,P,Buah,alpukat 1 kg,DKI Jakarta,Jakarta Pusat,990970
01-11-2022,PHI Mini Market - Jakarta Pusat 01,Eko Rukun,P,Buah,apel 1 kg,DKI Jakarta,Jakarta Pusat,18131240
01-11-2022,PHI Mini Market - Jakarta Pusat 01,Eko Rukun,P,Buah,belimbing 1 kg,DKI Jakarta,Jakarta Pusat,1300830
01-11-2022,PHI Mini Market - Jakarta Pusat 01,Eko Rukun,P,Buah,durian 1 kg,DKI Jakarta,Jakarta Pusat,5627770
01-11-2022,PHI Mini Market - Jakarta Pusat 01,Eko Rukun,P,Buah,jeruk 1 kg,DKI Jakarta,Jakarta Pusat,2584600
01-11-2022,PHI Mini Market - Jakarta Pusat 01,Eko Rukun,P,Buah,kelapa muda,DKI Jakarta,Jakarta Pusat,1260290
01-11-2022,PHI Mini Market - Jakarta Pusat 01,Eko Rukun,P,Buah,mangga 1 kg,DKI Jakarta,Jakarta Pusat,4485590
01-11-2022,PHI Mini Market - Jakarta Pusat 01,Eko Rukun,P,Makanan & Minuman,air mineral 600 ml,DKI Jakarta,Jakarta Pusat,371570
01-11-2022,PHI Mini Market - Jakarta Pusat 01,Eko Rukun,P,Makanan & Minuman,bumbu fried chicken,DKI Jakarta,Jakarta Pusat,4462670
01-11-2022,PHI Mini Market - Jakarta Pusat 01,Eko Rukun,P,Makanan & Minuman,jus kesehatan 600 ml,DKI Jakarta,Jakarta Pusat,1855060
01-11-2022,PHI Mini Market - Jakarta Pusat 01,Eko Rukun,P,Makanan & Minuman,kacang goreng 1 kg,DKI Jakarta,Jakarta Pusat,4519220
01-11-2022,PHI Mini Market - Jakarta Pusat 01,Eko Rukun,P,Makanan & Minuman,kacang mete 1 kg,DKI Jakarta,Jakarta Pusat,18545370
01-11-2022,PHI Mini Market - Jakarta Pusat 01,Eko Rukun,P,Makanan & Minuman,markisa 600 ml,DKI Jakarta,Jakarta Pusat,5176260
01-11-2022,PHI Mini Market - Jakarta Pusat 01,Eko Rukun,P,Makanan & Minuman,mie instant 1 kotak (40 bungkus),DKI Jakarta,Jakarta Pusat,34161090
01-11-2022,PHI Mini Market - Jakarta Pusat 01,Eko Rukun,P,Makanan & Minuman,minuman probiotik,DKI Jakarta,Jakarta Pusat,160180
01-11-2022,PHI Mini Market - Jakarta Pusat 01,Eko Rukun,P,Makanan & Minuman,nasi goreng instant (1 ons),DKI Jakarta,Jakarta Pusat,2399510
01-11-2022,PHI Mini Market - Jakarta Pusat 01,Eko Rukun,P,Makanan & Minuman,snack gurih 1 ons,DKI Jakarta,Jakarta Pusat,1577640
01-11-2022,PHI Mini Market - Jakarta Pusat 01,Eko Rukun,P,Makanan & Minuman,susu kotak (800 ml),DKI Jakarta,Jakarta Pusat,4190380
01-11-2022,PHI Mini Market - Jakarta Pusat 01,Eko Rukun,P,Makanan & Minuman,susu kotak 1 l,DKI Jakarta,Jakarta Pusat,3442580
01-11-2022,PHI Mini Market - Jakarta Pusat 01,Eko Rukun,P,Makanan & Minuman,telur ayam kampung 1 kg,DKI Jakarta,Jakarta Pusat,6681960
01-11-2022,PHI Mini Market - Jakarta Pusat 01,Eko Rukun,P,Makanan & Minuman,telur ayam ras 1 kg,DKI Jakarta,Jakarta Pusat,2757240
01-11-2022,PHI Mini Market - Jakarta Pusat 01,Eko Rukun,P,Sayur-Sayuran,bawang merah 1 kg,DKI Jakarta,Jakarta Pusat,4083110
01-11-2022,PHI Mini Market - Jakarta Pusat 01,Eko Rukun,P,Sayur-Sayuran,bawang putih 1 kg,DKI Jakarta,Jakarta Pusat,1426630
01-11-2022,PHI Mini Market - Jakarta Pusat 01,Eko Rukun,P,Sayur-Sayuran,buncis 1 kg,DKI Jakarta,Jakarta Pusat,2715620
01-11-2022,PHI Mini Market - Jakarta Pusat 01,Eko Rukun,P,Sayur-Sayuran,kacang hijau 1 kg,DKI Jakarta,Jakarta Pusat,1931780
01-11-2022,PHI Mini Market - Jakarta Pusat 01,Eko Rukun,P,Sayur-Sayuran,kacang panjang 1 kg,DKI Jakarta,Jakarta Pusat,1682360
01-11-2022,PHI Mini Market - Jakarta Pusat 01,Eko Rukun,P,Sayur-Sayuran,kentang 1 kg,DKI Jakarta,Jakarta Pusat,2270050
01-11-2022,PHI Mini Market - Jakarta Pusat 01,Eko Rukun,P,Sayur-Sayuran,ketimun 1 kg,DKI Jakarta,Jakarta Pusat,1301240
01-11-2022,PHI Mini Market - Jakarta Pusat 01,Eko Rukun,P,Sayur-Sayuran,kobis 1 kg,DKI Jakarta,Jakarta Pusat,357580
01-11-2022,PHI Mini Market - Jakarta Pusat 01,Eko Rukun,P,Sayur-Sayuran,tomat 1 kg,DKI Jakarta,Jakarta Pusat,2069140
01-11-2022,PHI Mini Market - Jakarta Pusat 01,Eko Rukun,P,Sayur-Sayuran,ubi jalar 1 kg,DKI Jakarta,Jakarta Pusat,461020
01-11-2022,PHI Mini Market - Jakarta Pusat 01,Eko Rukun,P,Sayur-Sayuran,ubi kayu basah 1 kg,DKI Jakarta,Jakarta Pusat,504580
01-11-2022,PHI Mini Market - Jakarta Pusat 01,Eko Rukun,P,Sayur-Sayuran,wortel 1 kg,DKI Jakarta,Jakarta Pusat,987610
01-11-2022,PHI Mini Market - Jakarta Pusat 01,Eria Setiawan,W,Buah,alpukat 1 kg,DKI Jakarta,Jakarta Pusat,1303970
01-11-2022,PHI Mini Market - Jakarta Pusat 01,Eria Setiawan,W,Buah,apel 1 kg,DKI Jakarta,Jakarta Pusat,16944090
01-11-2022,PHI Mini Market - Jakarta Pusat 01,Eria Setiawan,W,Buah,belimbing 1 kg,DKI Jakarta,Jakarta Pusat,1548830
01-11-2022,PHI Mini Market - Jakarta Pusat 01,Eria Setiawan,W,Buah,durian 1 kg,DKI Jakarta,Jakarta Pusat,6779410
01-11-2022,PHI Mini Market - Jakarta Pusat 01,Eria Setiawan,W,Buah,jeruk 1 kg,DKI Jakarta,Jakarta Pusat,5124010
01-11-2022,PHI Mini Market - Jakarta Pusat 01,Eria Setiawan,W,Buah,kelapa muda,DKI Jakarta,Jakarta Pusat,2047610
01-11-2022,PHI Mini Market - Jakarta Pusat 01,Eria Setiawan,W,Buah,mangga 1 kg,DKI Jakarta,Jakarta Pusat,5068290
01-11-2022,PHI Mini Market - Jakarta Pusat 01,Eria Setiawan,W,Makanan & Minuman,air mineral 600 ml,DKI Jakarta,Jakarta Pusat,365870
01-11-2022,PHI Mini Market - Jakarta Pusat 01,Eria Setiawan,W,Makanan & Minuman,bumbu fried chicken,DKI Jakarta,Jakarta Pusat,3797820
01-11-2022,PHI Mini Market - Jakarta Pusat 01,Eria Setiawan,W,Makanan & Minuman,jus kesehatan 600 ml,DKI Jakarta,Jakarta Pusat,1856350
01-11-2022,PHI Mini Market - Jakarta Pusat 01,Eria Setiawan,W,Makanan & Minuman,kacang goreng 1 kg,DKI Jakarta,Jakarta Pusat,3079750
01-11-2022,PHI Mini Market - Jakarta Pusat 01,Eria Setiawan,W,Makanan & Minuman,kacang mete 1 kg,DKI Jakarta,Jakarta Pusat,15222710
01-11-2022,PHI Mini Market - Jakarta Pusat 01,Eria Setiawan,W,Makanan & Minuman,markisa 600 ml,DKI Jakarta,Jakarta Pusat,5065920
01-11-2022,PHI Mini Market - Jakarta Pusat 01,Eria Setiawan,W,Makanan & Minuman,mie instant 1 kotak (40 bungkus),DKI Jakarta,Jakarta Pusat,27487860
01-11-2022,PHI Mini Market - Jakarta Pusat 01,Eria Setiawan,W,Makanan & Minuman,minuman probiotik,DKI Jakarta,Jakarta Pusat,317080
01-11-2022,PHI Mini Market - Jakarta Pusat 01,Eria Setiawan,W,Makanan & Minuman,nasi goreng instant (1 ons),DKI Jakarta,Jakarta Pusat,1381030
01-11-2022,PHI Mini Market - Jakarta Pusat 01,Eria Setiawan,W,Makanan & Minuman,snack gurih 1 ons,DKI Jakarta,Jakarta Pusat,1459970
01-11-2022,PHI Mini Market - Jakarta Pusat 01,Eria Setiawan,W,Makanan & Minuman,susu kotak (800 ml),DKI Jakarta,Jakarta Pusat,5050050
01-11-2022,PHI Mini Market - Jakarta Pusat 01,Eria Setiawan,W,Makanan & Minuman,susu kotak 1 l,DKI Jakarta,Jakarta Pusat,2184360
01-11-2022,PHI Mini Market - Jakarta Pusat 01,Eria Setiawan,W,Makanan & Minuman,telur ayam kampung 1 kg,DKI Jakarta,Jakarta Pusat,6672930
01-11-2022,PHI Mini Market - Jakarta Pusat 01,Eria Setiawan,W,Makanan & Minuman,telur ayam ras 1 kg,DKI Jakarta,Jakarta Pusat,3297310
01-11-2022,PHI Mini Market - Jakarta Pusat 01,Eria Setiawan,W,Sayur-Sayuran,bawang merah 1 kg,DKI Jakarta,Jakarta Pusat,3610030
01-11-2022,PHI Mini Market - Jakarta Pusat 01,Eria Setiawan,W,Sayur-Sayuran,bawang putih 1 kg,DKI Jakarta,Jakarta Pusat,1293910
01-11-2022,PHI Mini Market - Jakarta Pusat 01,Eria Setiawan,W,Sayur-Sayuran,buncis 1 kg,DKI Jakarta,Jakarta Pusat,1281760
01-11-2022,PHI Mini Market - Jakarta Pusat 01,Eria Setiawan,W,Sayur-Sayuran,kacang hijau 1 kg,DKI Jakarta,Jakarta Pusat,2457870
01-11-2022,PHI Mini Market - Jakarta Pusat 01,Eria Setiawan,W,Sayur-Sayuran,kacang panjang 1 kg,DKI Jakarta,Jakarta Pusat,2575400
01-11-2022,PHI Mini Market - Jakarta Pusat 01,Eria Setiawan,W,Sayur-Sayuran,kentang 1 kg,DKI Jakarta,Jakarta Pusat,1643550
01-11-2022,PHI Mini Market - Jakarta Pusat 01,Eria Setiawan,W,Sayur-Sayuran,ketimun 1 kg,DKI Jakarta,Jakarta Pusat,1427970
01-11-2022,PHI Mini Market - Jakarta Pusat 01,Eria Setiawan,W,Sayur-Sayuran,kobis 1 kg,DKI Jakarta,Jakarta Pusat,350160
01-11-2022,PHI Mini Market - Jakarta Pusat 01,Eria Setiawan,W,Sayur-Sayuran,tomat 1 kg,DKI Jakarta,Jakarta Pusat,1676800
01-11-2022,PHI Mini Market - Jakarta Pusat 01,Eria Setiawan,W,Sayur-Sayuran,ubi jalar 1 kg,DKI Jakarta,Jakarta Pusat,355990
01-11-2022,PHI Mini Market - Jakarta Pusat 01,Eria Setiawan,W,Sayur-Sayuran,ubi kayu basah 1 kg,DKI Jakarta,Jakarta Pusat,301100
01-11-2022,PHI Mini Market - Jakarta Pusat 01,Eria Setiawan,W,Sayur-Sayuran,wortel 1 kg,DKI Jakarta,Jakarta Pusat,974050
01-11-2022,PHI Mini Market - Jakarta Pusat 01,Erman Margo,P,Buah,alpukat 1 kg,DKI Jakarta,Jakarta Pusat,2783380
01-11-2022,PHI Mini Market - Jakarta Pusat 01,Erman Margo,P,Buah,apel 1 kg,DKI Jakarta,Jakarta Pusat,17715160
01-11-2022,PHI Mini Market - Jakarta Pusat 01,Erman Margo,P,Buah,belimbing 1 kg,DKI Jakarta,Jakarta Pusat,976190
01-11-2022,PHI Mini Market - Jakarta Pusat 01,Erman Margo,P,Buah,durian 1 kg,DKI Jakarta,Jakarta Pusat,4623750
01-11-2022,PHI Mini Market - Jakarta Pusat 01,Erman Margo,P,Buah,jeruk 1 kg,DKI Jakarta,Jakarta Pusat,3708880
01-11-2022,PHI Mini Market - Jakarta Pusat 01,Erman Margo,P,Buah,kelapa muda,DKI Jakarta,Jakarta Pusat,1253360
01-11-2022,PHI Mini Market - Jakarta Pusat 01,Erman Margo,P,Buah,mangga 1 kg,DKI Jakarta,Jakarta Pusat,3465400
01-11-2022,PHI Mini Market - Jakarta Pusat 01,Erman Margo,P,Makanan & Minuman,air mineral 600 ml,DKI Jakarta,Jakarta Pusat,315230
01-11-2022,PHI Mini Market - Jakarta Pusat 01,Erman Margo,P,Makanan & Minuman,bumbu fried chicken,DKI Jakarta,Jakarta Pusat,2701430
01-11-2022,PHI Mini Market - Jakarta Pusat 01,Erman Margo,P,Makanan & Minuman,jus kesehatan 600 ml,DKI Jakarta,Jakarta Pusat,2510690
01-11-2022,PHI Mini Market - Jakarta Pusat 01,Erman Margo,P,Makanan & Minuman,kacang goreng 1 kg,DKI Jakarta,Jakarta Pusat,4905820
01-11-2022,PHI Mini Market - Jakarta Pusat 01,Erman Margo,P,Makanan & Minuman,kacang mete 1 kg,DKI Jakarta,Jakarta Pusat,21561350
01-11-2022,PHI Mini Market - Jakarta Pusat 01,Erman Margo,P,Makanan & Minuman,markisa 600 ml,DKI Jakarta,Jakarta Pusat,4950180
01-11-2022,PHI Mini Market - Jakarta Pusat 01,Erman Margo,P,Makanan & Minuman,mie instant 1 kotak (40 bungkus),DKI Jakarta,Jakarta Pusat,39067090
01-11-2022,PHI Mini Market - Jakarta Pusat 01,Erman Margo,P,Makanan & Minuman,minuman probiotik,DKI Jakarta,Jakarta Pusat,374800
01-11-2022,PHI Mini Market - Jakarta Pusat 01,Erman Margo,P,Makanan & Minuman,nasi goreng instant (1 ons),DKI Jakarta,Jakarta Pusat,1762340
01-11-2022,PHI Mini Market - Jakarta Pusat 01,Erman Margo,P,Makanan & Minuman,snack gurih 1 ons,DKI Jakarta,Jakarta Pusat,1555630
01-11-2022,PHI Mini Market - Jakarta Pusat 01,Erman Margo,P,Makanan & Minuman,susu kotak (800 ml),DKI Jakarta,Jakarta Pusat,5712570
01-11-2022,PHI Mini Market - Jakarta Pusat 01,Erman Margo,P,Makanan & Minuman,susu kotak 1 l,DKI Jakarta,Jakarta Pusat,3424670
01-11-2022,PHI Mini Market - Jakarta Pusat 01,Erman Margo,P,Makanan & Minuman,telur ayam kampung 1 kg,DKI Jakarta,Jakarta Pusat,6828310
01-11-2022,PHI Mini Market - Jakarta Pusat 01,Erman Margo,P,Makanan & Minuman,telur ayam ras 1 kg,DKI Jakarta,Jakarta Pusat,3336250
01-11-2022,PHI Mini Market - Jakarta Pusat 01,Erman Margo,P,Sayur-Sayuran,bawang merah 1 kg,DKI Jakarta,Jakarta Pusat,3145950
01-11-2022,PHI Mini Market - Jakarta Pusat 01,Erman Margo,P,Sayur-Sayuran,bawang putih 1 kg,DKI Jakarta,Jakarta Pusat,1409060
01-11-2022,PHI Mini Market - Jakarta Pusat 01,Erman Margo,P,Sayur-Sayuran,buncis 1 kg,DKI Jakarta,Jakarta Pusat,2070330
01-11-2022,PHI Mini Market - Jakarta Pusat 01,Erman Margo,P,Sayur-Sayuran,kacang hijau 1 kg,DKI Jakarta,Jakarta Pusat,2719750
01-11-2022,PHI Mini Market - Jakarta Pusat 01,Erman Margo,P,Sayur-Sayuran,kacang panjang 1 kg,DKI Jakarta,Jakarta Pusat,3292700
01-11-2022,PHI Mini Market - Jakarta Pusat 01,Erman Margo,P,Sayur-Sayuran,kentang 1 kg,DKI Jakarta,Jakarta Pusat,2136200
01-11-2022,PHI Mini Market - Jakarta Pusat 01,Erman Margo,P,Sayur-Sayuran,ketimun 1 kg,DKI Jakarta,Jakarta Pusat,1053830
01-11-2022,PHI Mini Market - Jakarta Pusat 01,Erman Margo,P,Sayur-Sayuran,kobis 1 kg,DKI Jakarta,Jakarta Pusat,396840
01-11-2022,PHI Mini Market - Jakarta Pusat 01,Erman Margo,P,Sayur-Sayuran,tomat 1 kg,DKI Jakarta,Jakarta Pusat,1210320
01-11-2022,PHI Mini Market - Jakarta Pusat 01,Erman Margo,P,Sayur-Sayuran,ubi jalar 1 kg,DKI Jakarta,Jakarta Pusat,373230
01-11-2022,PHI Mini Market - Jakarta Pusat 01,Erman Margo,P,Sayur-Sayuran,ubi kayu basah 1 kg,DKI Jakarta,Jakarta Pusat,222080
01-11-2022,PHI Mini Market - Jakarta Pusat 01,Erman Margo,P,Sayur-Sayuran,wortel 1 kg,DKI Jakarta,Jakarta Pusat,1019410
01-11-2022,PHI Mini Market - Jakarta Pusat 01,Harum Maven,W,Buah,alpukat 1 kg,DKI Jakarta,Jakarta Pusat,3022320
01-11-2022,PHI Mini Market - Jakarta Pusat 01,Harum Maven,W,Buah,apel 1 kg,DKI Jakarta,Jakarta Pusat,13635450
01-11-2022,PHI Mini Market - Jakarta Pusat 01,Harum Maven,W,Buah,belimbing 1 kg,DKI Jakarta,Jakarta Pusat,604060
01-11-2022,PHI Mini Market - Jakarta Pusat 01,Harum Maven,W,Buah,durian 1 kg,DKI Jakarta,Jakarta Pusat,5132240
01-11-2022,PHI Mini Market - Jakarta Pusat 01,Harum Maven,W,Buah,jeruk 1 kg,DKI Jakarta,Jakarta Pusat,4143370
01-11-2022,PHI Mini Market - Jakarta Pusat 01,Harum Maven,W,Buah,kelapa muda,DKI Jakarta,Jakarta Pusat,1985500
01-11-2022,PHI Mini Market - Jakarta Pusat 01,Harum Maven,W,Buah,mangga 1 kg,DKI Jakarta,Jakarta Pusat,5826270
01-11-2022,PHI Mini Market - Jakarta Pusat 01,Harum Maven,W,Makanan & Minuman,air mineral 600 ml,DKI Jakarta,Jakarta Pusat,444360
01-11-2022,PHI Mini Market - Jakarta Pusat 01,Harum Maven,W,Makanan & Minuman,bumbu fried chicken,DKI Jakarta,Jakarta Pusat,4498190
01-11-2022,PHI Mini Market - Jakarta Pusat 01,Harum Maven,W,Makanan & Minuman,jus kesehatan 600 ml,DKI Jakarta,Jakarta Pusat,2665720
01-11-2022,PHI Mini Market - Jakarta Pusat 01,Harum Maven,W,Makanan & Minuman,kacang goreng 1 kg,DKI Jakarta,Jakarta Pusat,2639630
01-11-2022,PHI Mini Market - Jakarta Pusat 01,Harum Maven,W,Makanan & Minuman,kacang mete 1 kg,DKI Jakarta,Jakarta Pusat,23133220
01-11-2022,PHI Mini Market - Jakarta Pusat 01,Harum Maven,W,Makanan & Minuman,markisa 600 ml,DKI Jakarta,Jakarta Pusat,3965510
01-11-2022,PHI Mini Market - Jakarta Pusat 01,Harum Maven,W,Makanan & Minuman,mie instant 1 kotak (40 bungkus),DKI Jakarta,Jakarta Pusat,29862660
01-11-2022,PHI Mini Market - Jakarta Pusat 01,Harum Maven,W,Makanan & Minuman,minuman probiotik,DKI Jakarta,Jakarta Pusat,330170
01-11-2022,PHI Mini Market - Jakarta Pusat 01,Harum Maven,W,Makanan & Minuman,nasi goreng instant (1 ons),DKI Jakarta,Jakarta Pusat,1513540
01-11-2022,PHI Mini Market - Jakarta Pusat 01,Harum Maven,W,Makanan & Minuman,snack gurih 1 ons,DKI Jakarta,Jakarta Pusat,2019680
01-11-2022,PHI Mini Market - Jakarta Pusat 01,Harum Maven,W,Makanan & Minuman,susu kotak (800 ml),DKI Jakarta,Jakarta Pusat,5119710
01-11-2022,PHI Mini Market - Jakarta Pusat 01,Harum Maven,W,Makanan & Minuman,susu kotak 1 l,DKI Jakarta,Jakarta Pusat,3197770
01-11-2022,PHI Mini Market - Jakarta Pusat 01,Harum Maven,W,Makanan & Minuman,telur ayam kampung 1 kg,DKI Jakarta,Jakarta Pusat,5353940
01-11-2022,PHI Mini Market - Jakarta Pusat 01,Harum Maven,W,Makanan & Minuman,telur ayam ras 1 kg,DKI Jakarta,Jakarta Pusat,1661240
01-11-2022,PHI Mini Market - Jakarta Pusat 01,Harum Maven,W,Sayur-Sayuran,bawang merah 1 kg,DKI Jakarta,Jakarta Pusat,5158810
01-11-2022,PHI Mini Market - Jakarta Pusat 01,Harum Maven,W,Sayur-Sayuran,bawang putih 1 kg,DKI Jakarta,Jakarta Pusat,1473940
01-11-2022,PHI Mini Market - Jakarta Pusat 01,Harum Maven,W,Sayur-Sayuran,buncis 1 kg,DKI Jakarta,Jakarta Pusat,2363220
01-11-2022,PHI Mini Market - Jakarta Pusat 01,Harum Maven,W,Sayur-Sayuran,kacang hijau 1 kg,DKI Jakarta,Jakarta Pusat,1839450
01-11-2022,PHI Mini Market - Jakarta Pusat 01,Harum Maven,W,Sayur-Sayuran,kacang panjang 1 kg,DKI Jakarta,Jakarta Pusat,2971490
01-11-2022,PHI Mini Market - Jakarta Pusat 01,Harum Maven,W,Sayur-Sayuran,kentang 1 kg,DKI Jakarta,Jakarta Pusat,3232550
01-11-2022,PHI Mini Market - Jakarta Pusat 01,Harum Maven,W,Sayur-Sayuran,ketimun 1 kg,DKI Jakarta,Jakarta Pusat,2088180
01-11-2022,PHI Mini Market - Jakarta Pusat 01,Harum Maven,W,Sayur-Sayuran,kobis 1 kg,DKI Jakarta,Jakarta Pusat,312450
01-11-2022,PHI Mini Market - Jakarta Pusat 01,Harum Maven,W,Sayur-Sayuran,tomat 1 kg,DKI Jakarta,Jakarta Pusat,1805740
01-11-2022,PHI Mini Market - Jakarta Pusat 01,Harum Maven,W,Sayur-Sayuran,ubi jalar 1 kg,DKI Jakarta,Jakarta Pusat,385850
01-11-2022,PHI Mini Market - Jakarta Pusat 01,Harum Maven,W,Sayur-Sayuran,ubi kayu basah 1 kg,DKI Jakarta,Jakarta Pusat,296840
01-11-2022,PHI Mini Market - Jakarta Pusat 01,Harum Maven,W,Sayur-Sayuran,wortel 1 kg,DKI Jakarta,Jakarta Pusat,1273060
01-11-2022,PHI Mini Market - Jakarta Pusat 01,Kristina Damai,W,Buah,alpukat 1 kg,DKI Jakarta,Jakarta Pusat,1872320
01-11-2022,PHI Mini Market - Jakarta Pusat 01,Kristina Damai,W,Buah,apel 1 kg,DKI Jakarta,Jakarta Pusat,20791370
01-11-2022,PHI Mini Market - Jakarta Pusat 01,Kristina Damai,W,Buah,belimbing 1 kg,DKI Jakarta,Jakarta Pusat,1553300
01-11-2022,PHI Mini Market - Jakarta Pusat 01,Kristina Damai,W,Buah,durian 1 kg,DKI Jakarta,Jakarta Pusat,7240590
01-11-2022,PHI Mini Market - Jakarta Pusat 01,Kristina Damai,W,Buah,jeruk 1 kg,DKI Jakarta,Jakarta Pusat,4828740
01-11-2022,PHI Mini Market - Jakarta Pusat 01,Kristina Damai,W,Buah,kelapa muda,DKI Jakarta,Jakarta Pusat,1855600
01-11-2022,PHI Mini Market - Jakarta Pusat 01,Kristina Damai,W,Buah,mangga 1 kg,DKI Jakarta,Jakarta Pusat,5563060
01-11-2022,PHI Mini Market - Jakarta Pusat 01,Kristina Damai,W,Makanan & Minuman,air mineral 600 ml,DKI Jakarta,Jakarta Pusat,360560
01-11-2022,PHI Mini Market - Jakarta Pusat 01,Kristina Damai,W,Makanan & Minuman,bumbu fried chicken,DKI Jakarta,Jakarta Pusat,4610470
01-11-2022,PHI Mini Market - Jakarta Pusat 01,Kristina Damai,W,Makanan & Minuman,jus kesehatan 600 ml,DKI Jakarta,Jakarta Pusat,3149670
01-11-2022,PHI Mini Market - Jakarta Pusat 01,Kristina Damai,W,Makanan & Minuman,kacang goreng 1 kg,DKI Jakarta,Jakarta Pusat,5549010
01-11-2022,PHI Mini Market - Jakarta Pusat 01,Kristina Damai,W,Makanan & Minuman,kacang mete 1 kg,DKI Jakarta,Jakarta Pusat,31431430
01-11-2022,PHI Mini Market - Jakarta Pusat 01,Kristina Damai,W,Makanan & Minuman,markisa 600 ml,DKI Jakarta,Jakarta Pusat,6166350
01-11-2022,PHI Mini Market - Jakarta Pusat 01,Kristina Damai,W,Makanan & Minuman,mie instant 1 kotak (40 bungkus),DKI Jakarta,Jakarta Pusat,40905160
01-11-2022,PHI Mini Market - Jakarta Pusat 01,Kristina Damai,W,Makanan & Minuman,minuman probiotik,DKI Jakarta,Jakarta Pusat,214200
01-11-2022,PHI Mini Market - Jakarta Pusat 01,Kristina Damai,W,Makanan & Minuman,nasi goreng instant (1 ons),DKI Jakarta,Jakarta Pusat,1444560
01-11-2022,PHI Mini Market - Jakarta Pusat 01,Kristina Damai,W,Makanan & Minuman,snack gurih 1 ons,DKI Jakarta,Jakarta Pusat,1428230
01-11-2022,PHI Mini Market - Jakarta Pusat 01,Kristina Damai,W,Makanan & Minuman,susu kotak (800 ml),DKI Jakarta,Jakarta Pusat,3777930
01-11-2022,PHI Mini Market - Jakarta Pusat 01,Kristina Damai,W,Makanan & Minuman,susu kotak 1 l,DKI Jakarta,Jakarta Pusat,2315640
01-11-2022,PHI Mini Market - Jakarta Pusat 01,Kristina Damai,W,Makanan & Minuman,telur ayam kampung 1 kg,DKI Jakarta,Jakarta Pusat,5962970
01-11-2022,PHI Mini Market - Jakarta Pusat 01,Kristina Damai,W,Makanan & Minuman,telur ayam ras 1 kg,DKI Jakarta,Jakarta Pusat,3675080
01-11-2022,PHI Mini Market - Jakarta Pusat 01,Kristina Damai,W,Sayur-Sayuran,bawang merah 1 kg,DKI Jakarta,Jakarta Pusat,3753000
01-11-2022,PHI Mini Market - Jakarta Pusat 01,Kristina Damai,W,Sayur-Sayuran,bawang putih 1 kg,DKI Jakarta,Jakarta Pusat,842790
01-11-2022,PHI Mini Market - Jakarta Pusat 01,Kristina Damai,W,Sayur-Sayuran,buncis 1 kg,DKI Jakarta,Jakarta Pusat,1800140
01-11-2022,PHI Mini Market - Jakarta Pusat 01,Kristina Damai,W,Sayur-Sayuran,kacang hijau 1 kg,DKI Jakarta,Jakarta Pusat,1059630
01-11-2022,PHI Mini Market - Jakarta Pusat 01,Kristina Damai,W,Sayur-Sayuran,kacang panjang 1 kg,DKI Jakarta,Jakarta Pusat,3530830
01-11-2022,PHI Mini Market - Jakarta Pusat 01,Kristina Damai,W,Sayur-Sayuran,kentang 1 kg,DKI Jakarta,Jakarta Pusat,2949670
01-11-2022,PHI Mini Market - Jakarta Pusat 01,Kristina Damai,W,Sayur-Sayuran,ketimun 1 kg,DKI Jakarta,Jakarta Pusat,1881590
01-11-2022,PHI Mini Market - Jakarta Pusat 01,Kristina Damai,W,Sayur-Sayuran,kobis 1 kg,DKI Jakarta,Jakarta Pusat,398600
01-11-2022,PHI Mini Market - Jakarta Pusat 01,Kristina Damai,W,Sayur-Sayuran,tomat 1 kg,DKI Jakarta,Jakarta Pusat,1744600
01-11-2022,PHI Mini Market - Jakarta Pusat 01,Kristina Damai,W,Sayur-Sayuran,ubi jalar 1 kg,DKI Jakarta,Jakarta Pusat,430670
01-11-2022,PHI Mini Market - Jakarta Pusat 01,Kristina Damai,W,Sayur-Sayuran,ubi kayu basah 1 kg,DKI Jakarta,Jakarta Pusat,419220
01-11-2022,PHI Mini Market - Jakarta Pusat 01,Kristina Damai,W,Sayur-Sayuran,wortel 1 kg,DKI Jakarta,Jakarta Pusat,1504480
01-11-2022,PHI Mini Market - Jakarta Pusat 01,Kusuma Dominik,P,Buah,alpukat 1 kg,DKI Jakarta,Jakarta Pusat,2246730
01-11-2022,PHI Mini Market - Jakarta Pusat 01,Kusuma Dominik,P,Buah,apel 1 kg,DKI Jakarta,Jakarta Pusat,20586060
01-11-2022,PHI Mini Market - Jakarta Pusat 01,Kusuma Dominik,P,Buah,belimbing 1 kg,DKI Jakarta,Jakarta Pusat,1217970
01-11-2022,PHI Mini Market - Jakarta Pusat 01,Kusuma Dominik,P,Buah,durian 1 kg,DKI Jakarta,Jakarta Pusat,3918160
01-11-2022,PHI Mini Market - Jakarta Pusat 01,Kusuma Dominik,P,Buah,jeruk 1 kg,DKI Jakarta,Jakarta Pusat,2869350
01-11-2022,PHI Mini Market - Jakarta Pusat 01,Kusuma Dominik,P,Buah,kelapa muda,DKI Jakarta,Jakarta Pusat,1541370
01-11-2022,PHI Mini Market - Jakarta Pusat 01,Kusuma Dominik,P,Makanan & Minuman,air mineral 600 ml,DKI Jakarta,Jakarta Pusat,296240
01-11-2022,PHI Mini Market - Jakarta Pusat 01,Kusuma Dominik,P,Makanan & Minuman,bumbu fried chicken,DKI Jakarta,Jakarta Pusat,8128470
01-11-2022,PHI Mini Market - Jakarta Pusat 01,Kusuma Dominik,P,Makanan & Minuman,jus kesehatan 600 ml,DKI Jakarta,Jakarta Pusat,2193140
01-11-2022,PHI Mini Market - Jakarta Pusat 01,Kusuma Dominik,P,Makanan & Minuman,kacang goreng 1 kg,DKI Jakarta,Jakarta Pusat,3916290
01-11-2022,PHI Mini Market - Jakarta Pusat 01,Kusuma Dominik,P,Makanan & Minuman,kacang mete 1 kg,DKI Jakarta,Jakarta Pusat,23382650
01-11-2022,PHI Mini Market - Jakarta Pusat 01,Kusuma Dominik,P,Makanan & Minuman,markisa 600 ml,DKI Jakarta,Jakarta Pusat,4278090
01-11-2022,PHI Mini Market - Jakarta Pusat 01,Kusuma Dominik,P,Makanan & Minuman,mie instant 1 kotak (40 bungkus),DKI Jakarta,Jakarta Pusat,27244740
01-11-2022,PHI Mini Market - Jakarta Pusat 01,Kusuma Dominik,P,Makanan & Minuman,minuman probiotik,DKI Jakarta,Jakarta Pusat,291550
01-11-2022,PHI Mini Market - Jakarta Pusat 01,Kusuma Dominik,P,Makanan & Minuman,nasi goreng instant (1 ons),DKI Jakarta,Jakarta Pusat,1807230
01-11-2022,PHI Mini Market - Jakarta Pusat 01,Kusuma Dominik,P,Makanan & Minuman,snack gurih 1 ons,DKI Jakarta,Jakarta Pusat,1756080
01-11-2022,PHI Mini Market - Jakarta Pusat 01,Kusuma Dominik,P,Makanan & Minuman,susu kotak (800 ml),DKI Jakarta,Jakarta Pusat,5708370
01-11-2022,PHI Mini Market - Jakarta Pusat 01,Kusuma Dominik,P,Makanan & Minuman,susu kotak 1 l,DKI Jakarta,Jakarta Pusat,3285790
01-11-2022,PHI Mini Market - Jakarta Pusat 01,Kusuma Dominik,P,Makanan & Minuman,telur ayam kampung 1 kg,DKI Jakarta,Jakarta Pusat,6123800
01-11-2022,PHI Mini Market - Jakarta Pusat 01,Kusuma Dominik,P,Makanan & Minuman,telur ayam ras 1 kg,DKI Jakarta,Jakarta Pusat,2881690
01-11-2022,PHI Mini Market - Jakarta Pusat 01,Kusuma Dominik,P,Sayur-Sayuran,bawang merah 1 kg,DKI Jakarta,Jakarta Pusat,3988980
01-11-2022,PHI Mini Market - Jakarta Pusat 01,Kusuma Dominik,P,Sayur-Sayuran,bawang putih 1 kg,DKI Jakarta,Jakarta Pusat,1564430
01-11-2022,PHI Mini Market - Jakarta Pusat 01,Kusuma Dominik,P,Sayur-Sayuran,buncis 1 kg,DKI Jakarta,Jakarta Pusat,1102840
01-11-2022,PHI Mini Market - Jakarta Pusat 01,Kusuma Dominik,P,Sayur-Sayuran,kacang hijau 1 kg,DKI Jakarta,Jakarta Pusat,2117670
01-11-2022,PHI Mini Market - Jakarta Pusat 01,Kusuma Dominik,P,Sayur-Sayuran,kacang panjang 1 kg,DKI Jakarta,Jakarta Pusat,1792890
01-11-2022,PHI Mini Market - Jakarta Pusat 01,Kusuma Dominik,P,Sayur-Sayuran,kentang 1 kg,DKI Jakarta,Jakarta Pusat,2614380
01-11-2022,PHI Mini Market - Jakarta Pusat 01,Kusuma Dominik,P,Sayur-Sayuran,ketimun 1 kg,DKI Jakarta,Jakarta Pusat,1282660
01-11-2022,PHI Mini Market - Jakarta Pusat 01,Kusuma Dominik,P,Sayur-Sayuran,kobis 1 kg,DKI Jakarta,Jakarta Pusat,361820
01-11-2022,PHI Mini Market - Jakarta Pusat 01,Kusuma Dominik,P,Sayur-Sayuran,tomat 1 kg,DKI Jakarta,Jakarta Pusat,1726810
01-11-2022,PHI Mini Market - Jakarta Pusat 01,Kusuma Dominik,P,Sayur-Sayuran,ubi jalar 1 kg,DKI Jakarta,Jakarta Pusat,431180
01-11-2022,PHI Mini Market - Jakarta Pusat 01,Kusuma Dominik,P,Sayur-Sayuran,ubi kayu basah 1 kg,DKI Jakarta,Jakarta Pusat,413810
01-11-2022,PHI Mini Market - Jakarta Pusat 01,Kusuma Dominik,P,Sayur-Sayuran,wortel 1 kg,DKI Jakarta,Jakarta Pusat,1499120
01-11-2022,PHI Mini Market - Jakarta Pusat 01,Sentosa Indrawan,P,Buah,alpukat 1 kg,DKI Jakarta,Jakarta Pusat,2183870
01-11-2022,PHI Mini Market - Jakarta Pusat 01,Sentosa Indrawan,P,Buah,apel 1 kg,DKI Jakarta,Jakarta Pusat,21305330
01-11-2022,PHI Mini Market - Jakarta Pusat 01,Sentosa Indrawan,P,Buah,belimbing 1 kg,DKI Jakarta,Jakarta Pusat,1245910
01-11-2022,PHI Mini Market - Jakarta Pusat 01,Sentosa Indrawan,P,Buah,durian 1 kg,DKI Jakarta,Jakarta Pusat,5892420
01-11-2022,PHI Mini Market - Jakarta Pusat 01,Sentosa Indrawan,P,Buah,jeruk 1 kg,DKI Jakarta,Jakarta Pusat,4162920
01-11-2022,PHI Mini Market - Jakarta Pusat 01,Sentosa Indrawan,P,Buah,kelapa muda,DKI Jakarta,Jakarta Pusat,2157650
01-11-2022,PHI Mini Market - Jakarta Pusat 01,Sentosa Indrawan,P,Makanan & Minuman,air mineral 600 ml,DKI Jakarta,Jakarta Pusat,336660
01-11-2022,PHI Mini Market - Jakarta Pusat 01,Sentosa Indrawan,P,Makanan & Minuman,bumbu fried chicken,DKI Jakarta,Jakarta Pusat,4035820
01-11-2022,PHI Mini Market - Jakarta Pusat 01,Sentosa Indrawan,P,Makanan & Minuman,jus kesehatan 600 ml,DKI Jakarta,Jakarta Pusat,3547330
01-11-2022,PHI Mini Market - Jakarta Pusat 01,Sentosa Indrawan,P,Makanan & Minuman,kacang goreng 1 kg,DKI Jakarta,Jakarta Pusat,4411270
01-11-2022,PHI Mini Market - Jakarta Pusat 01,Sentosa Indrawan,P,Makanan & Minuman,kacang mete 1 kg,DKI Jakarta,Jakarta Pusat,26091430
01-11-2022,PHI Mini Market - Jakarta Pusat 01,Sentosa Indrawan,P,Makanan & Minuman,markisa 600 ml,DKI Jakarta,Jakarta Pusat,3464780
01-11-2022,PHI Mini Market - Jakarta Pusat 01,Sentosa Indrawan,P,Makanan & Minuman,mie instant 1 kotak (40 bungkus),DKI Jakarta,Jakarta Pusat,31499590
01-11-2022,PHI Mini Market - Jakarta Pusat 01,Sentosa Indrawan,P,Makanan & Minuman,minuman probiotik,DKI Jakarta,Jakarta Pusat,427240
01-11-2022,PHI Mini Market - Jakarta Pusat 01,Sentosa Indrawan,P,Makanan & Minuman,nasi goreng instant (1 ons),DKI Jakarta,Jakarta Pusat,2005700
01-11-2022,PHI Mini Market - Jakarta Pusat 01,Sentosa Indrawan,P,Makanan & Minuman,snack gurih 1 ons,DKI Jakarta,Jakarta Pusat,1612330
01-11-2022,PHI Mini Market - Jakarta Pusat 01,Sentosa Indrawan,P,Makanan & Minuman,susu kotak (800 ml),DKI Jakarta,Jakarta Pusat,3973070
01-11-2022,PHI Mini Market - Jakarta Pusat 01,Sentosa Indrawan,P,Makanan & Minuman,susu kotak 1 l,DKI Jakarta,Jakarta Pusat,3664040
01-11-2022,PHI Mini Market - Jakarta Pusat 01,Sentosa Indrawan,P,Makanan & Minuman,telur ayam kampung 1 kg,DKI Jakarta,Jakarta Pusat,3891720
01-11-2022,PHI Mini Market - Jakarta Pusat 01,Sentosa Indrawan,P,Makanan & Minuman,telur ayam ras 1 kg,DKI Jakarta,Jakarta Pusat,2330940
01-11-2022,PHI Mini Market - Jakarta Pusat 01,Sentosa Indrawan,P,Sayur-Sayuran,bawang merah 1 kg,DKI Jakarta,Jakarta Pusat,2899660
01-11-2022,PHI Mini Market - Jakarta Pusat 01,Sentosa Indrawan,P,Sayur-Sayuran,bawang putih 1 kg,DKI Jakarta,Jakarta Pusat,1973160
01-11-2022,PHI Mini Market - Jakarta Pusat 01,Sentosa Indrawan,P,Sayur-Sayuran,buncis 1 kg,DKI Jakarta,Jakarta Pusat,1628610
01-11-2022,PHI Mini Market - Jakarta Pusat 01,Sentosa Indrawan,P,Sayur-Sayuran,kacang hijau 1 kg,DKI Jakarta,Jakarta Pusat,2564660
01-11-2022,PHI Mini Market - Jakarta Pusat 01,Sentosa Indrawan,P,Sayur-Sayuran,kacang panjang 1 kg,DKI Jakarta,Jakarta Pusat,2971530
01-11-2022,PHI Mini Market - Jakarta Pusat 01,Sentosa Indrawan,P,Sayur-Sayuran,kentang 1 kg,DKI Jakarta,Jakarta Pusat,3963410
01-11-2022,PHI Mini Market - Jakarta Pusat 01,Sentosa Indrawan,P,Sayur-Sayuran,ketimun 1 kg,DKI Jakarta,Jakarta Pusat,1639700
01-11-2022,PHI Mini Market - Jakarta Pusat 01,Sentosa Indrawan,P,Sayur-Sayuran,kobis 1 kg,DKI Jakarta,Jakarta Pusat,347560
01-11-2022,PHI Mini Market - Jakarta Pusat 01,Sentosa Indrawan,P,Sayur-Sayuran,tomat 1 kg,DKI Jakarta,Jakarta Pusat,1852870
01-11-2022,PHI Mini Market - Jakarta Pusat 01,Sentosa Indrawan,P,Sayur-Sayuran,ubi jalar 1 kg,DKI Jakarta,Jakarta Pusat,447490
01-11-2022,PHI Mini Market - Jakarta Pusat 01,Sentosa Indrawan,P,Sayur-Sayuran,ubi kayu basah 1 kg,DKI Jakarta,Jakarta Pusat,256760
01-11-2022,PHI Mini Market - Jakarta Pusat 01,Sentosa Indrawan,P,Sayur-Sayuran,wortel 1 kg,DKI Jakarta,Jakarta Pusat,2053330
01-11-2022,PHI Mini Market - Makassar 01,Agus Dewangga,P,Buah,alpukat 1 kg,Sulawesi Selatan,Makassar,2054810
01-11-2022,PHI Mini Market - Makassar 01,Agus Dewangga,P,Buah,apel 1 kg,Sulawesi Selatan,Makassar,21933840
01-11-2022,PHI Mini Market - Makassar 01,Agus Dewangga,P,Buah,belimbing 1 kg,Sulawesi Selatan,Makassar,1117110
01-11-2022,PHI Mini Market - Makassar 01,Agus Dewangga,P,Buah,durian 1 kg,Sulawesi Selatan,Makassar,5631620
01-11-2022,PHI Mini Market - Makassar 01,Agus Dewangga,P,Buah,jeruk 1 kg,Sulawesi Selatan,Makassar,3958560
01-11-2022,PHI Mini Market - Makassar 01,Agus Dewangga,P,Buah,kelapa muda,Sulawesi Selatan,Makassar,1725920
01-11-2022,PHI Mini Market - Makassar 01,Agus Dewangga,P,Buah,mangga 1 kg,Sulawesi Selatan,Makassar,5366870
01-11-2022,PHI Mini Market - Makassar 01,Agus Dewangga,P,Makanan & Minuman,air mineral 600 ml,Sulawesi Selatan,Makassar,474030
01-11-2022,PHI Mini Market - Makassar 01,Agus Dewangga,P,Makanan & Minuman,bumbu fried chicken,Sulawesi Selatan,Makassar,4528490
01-11-2022,PHI Mini Market - Makassar 01,Agus Dewangga,P,Makanan & Minuman,jus kesehatan 600 ml,Sulawesi Selatan,Makassar,3963660
01-11-2022,PHI Mini Market - Makassar 01,Agus Dewangga,P,Makanan & Minuman,kacang goreng 1 kg,Sulawesi Selatan,Makassar,3223520
01-11-2022,PHI Mini Market - Makassar 01,Agus Dewangga,P,Makanan & Minuman,kacang mete 1 kg,Sulawesi Selatan,Makassar,23776890
01-11-2022,PHI Mini Market - Makassar 01,Agus Dewangga,P,Makanan & Minuman,markisa 600 ml,Sulawesi Selatan,Makassar,4411400
01-11-2022,PHI Mini Market - Makassar 01,Agus Dewangga,P,Makanan & Minuman,mie instant 1 kotak (40 bungkus),Sulawesi Selatan,Makassar,37483960
01-11-2022,PHI Mini Market - Makassar 01,Agus Dewangga,P,Makanan & Minuman,minuman probiotik,Sulawesi Selatan,Makassar,186320
01-11-2022,PHI Mini Market - Makassar 01,Agus Dewangga,P,Makanan & Minuman,nasi goreng instant (1 ons),Sulawesi Selatan,Makassar,2407090
01-11-2022,PHI Mini Market - Makassar 01,Agus Dewangga,P,Makanan & Minuman,snack gurih 1 ons,Sulawesi Selatan,Makassar,2547670
01-11-2022,PHI Mini Market - Makassar 01,Agus Dewangga,P,Makanan & Minuman,susu kotak (800 ml),Sulawesi Selatan,Makassar,4753870
01-11-2022,PHI Mini Market - Makassar 01,Agus Dewangga,P,Makanan & Minuman,susu kotak 1 l,Sulawesi Selatan,Makassar,2497360
01-11-2022,PHI Mini Market - Makassar 01,Agus Dewangga,P,Makanan & Minuman,telur ayam kampung 1 kg,Sulawesi Selatan,Makassar,3097200
01-11-2022,PHI Mini Market - Makassar 01,Agus Dewangga,P,Makanan & Minuman,telur ayam ras 1 kg,Sulawesi Selatan,Makassar,4368510
01-11-2022,PHI Mini Market - Makassar 01,Agus Dewangga,P,Sayur-Sayuran,bawang merah 1 kg,Sulawesi Selatan,Makassar,3211170
01-11-2022,PHI Mini Market - Makassar 01,Agus Dewangga,P,Sayur-Sayuran,bawang putih 1 kg,Sulawesi Selatan,Makassar,1566860
01-11-2022,PHI Mini Market - Makassar 01,Agus Dewangga,P,Sayur-Sayuran,buncis 1 kg,Sulawesi Selatan,Makassar,2251090
01-11-2022,PHI Mini Market - Makassar 01,Agus Dewangga,P,Sayur-Sayuran,kacang hijau 1 kg,Sulawesi Selatan,Makassar,2361360
01-11-2022,PHI Mini Market - Makassar 01,Agus Dewangga,P,Sayur-Sayuran,kacang panjang 1 kg,Sulawesi Selatan,Makassar,3474060
01-11-2022,PHI Mini Market - Makassar 01,Agus Dewangga,P,Sayur-Sayuran,kentang 1 kg,Sulawesi Selatan,Makassar,2855460
01-11-2022,PHI Mini Market - Makassar 01,Agus Dewangga,P,Sayur-Sayuran,ketimun 1 kg,Sulawesi Selatan,Makassar,1272680
01-11-2022,PHI Mini Market - Makassar 01,Agus Dewangga,P,Sayur-Sayuran,kobis 1 kg,Sulawesi Selatan,Makassar,347450
01-11-2022,PHI Mini Market - Makassar 01,Agus Dewangga,P,Sayur-Sayuran,tomat 1 kg,Sulawesi Selatan,Makassar,1165340
01-11-2022,PHI Mini Market - Makassar 01,Agus Dewangga,P,Sayur-Sayuran,ubi jalar 1 kg,Sulawesi Selatan,Makassar,461480
01-11-2022,PHI Mini Market - Makassar 01,Agus Dewangga,P,Sayur-Sayuran,ubi kayu basah 1 kg,Sulawesi Selatan,Makassar,438760
01-11-2022,PHI Mini Market - Makassar 01,Agus Dewangga,P,Sayur-Sayuran,wortel 1 kg,Sulawesi Selatan,Makassar,947020
01-11-2022,PHI Mini Market - Makassar 01,Bintang Maven,W,Buah,alpukat 1 kg,Sulawesi Selatan,Makassar,2366340
01-11-2022,PHI Mini Market - Makassar 01,Bintang Maven,W,Buah,apel 1 kg,Sulawesi Selatan,Makassar,18282730
01-11-2022,PHI Mini Market - Makassar 01,Bintang Maven,W,Buah,belimbing 1 kg,Sulawesi Selatan,Makassar,1464920
01-11-2022,PHI Mini Market - Makassar 01,Bintang Maven,W,Buah,durian 1 kg,Sulawesi Selatan,Makassar,5066280
01-11-2022,PHI Mini Market - Makassar 01,Bintang Maven,W,Buah,jeruk 1 kg,Sulawesi Selatan,Makassar,3854030
01-11-2022,PHI Mini Market - Makassar 01,Bintang Maven,W,Buah,kelapa muda,Sulawesi Selatan,Makassar,634030
01-11-2022,PHI Mini Market - Makassar 01,Bintang Maven,W,Buah,mangga 1 kg,Sulawesi Selatan,Makassar,5014390
01-11-2022,PHI Mini Market - Makassar 01,Bintang Maven,W,Makanan & Minuman,air mineral 600 ml,Sulawesi Selatan,Makassar,450410
01-11-2022,PHI Mini Market - Makassar 01,Bintang Maven,W,Makanan & Minuman,bumbu fried chicken,Sulawesi Selatan,Makassar,6569750
01-11-2022,PHI Mini Market - Makassar 01,Bintang Maven,W,Makanan & Minuman,jus kesehatan 600 ml,Sulawesi Selatan,Makassar,3414910
01-11-2022,PHI Mini Market - Makassar 01,Bintang Maven,W,Makanan & Minuman,kacang goreng 1 kg,Sulawesi Selatan,Makassar,3784170
01-11-2022,PHI Mini Market - Makassar 01,Bintang Maven,W,Makanan & Minuman,kacang mete 1 kg,Sulawesi Selatan,Makassar,39368930
01-11-2022,PHI Mini Market - Makassar 01,Bintang Maven,W,Makanan & Minuman,markisa 600 ml,Sulawesi Selatan,Makassar,4743120
01-11-2022,PHI Mini Market - Makassar 01,Bintang Maven,W,Makanan & Minuman,mie instant 1 kotak (40 bungkus),Sulawesi Selatan,Makassar,37082970
01-11-2022,PHI Mini Market - Makassar 01,Bintang Maven,W,Makanan & Minuman,minuman probiotik,Sulawesi Selatan,Makassar,225110
01-11-2022,PHI Mini Market - Makassar 01,Bintang Maven,W,Makanan & Minuman,nasi goreng instant (1 ons),Sulawesi Selatan,Makassar,2388350
01-11-2022,PHI Mini Market - Makassar 01,Bintang Maven,W,Makanan & Minuman,snack gurih 1 ons,Sulawesi Selatan,Makassar,1407580
01-11-2022,PHI Mini Market - Makassar 01,Bintang Maven,W,Makanan & Minuman,susu kotak (800 ml),Sulawesi Selatan,Makassar,5392170
01-11-2022,PHI Mini Market - Makassar 01,Bintang Maven,W,Makanan & Minuman,susu kotak 1 l,Sulawesi Selatan,Makassar,3093720
01-11-2022,PHI Mini Market - Makassar 01,Bintang Maven,W,Makanan & Minuman,telur ayam kampung 1 kg,Sulawesi Selatan,Makassar,5173410
01-11-2022,PHI Mini Market - Makassar 01,Bintang Maven,W,Makanan & Minuman,telur ayam ras 1 kg,Sulawesi Selatan,Makassar,3607860
01-11-2022,PHI Mini Market - Makassar 01,Bintang Maven,W,Sayur-Sayuran,bawang merah 1 kg,Sulawesi Selatan,Makassar,3678840
01-11-2022,PHI Mini Market - Makassar 01,Bintang Maven,W,Sayur-Sayuran,bawang putih 1 kg,Sulawesi Selatan,Makassar,1374350
01-11-2022,PHI Mini Market - Makassar 01,Bintang Maven,W,Sayur-Sayuran,buncis 1 kg,Sulawesi Selatan,Makassar,2324450
01-11-2022,PHI Mini Market - Makassar 01,Bintang Maven,W,Sayur-Sayuran,kacang hijau 1 kg,Sulawesi Selatan,Makassar,1983740
01-11-2022,PHI Mini Market - Makassar 01,Bintang Maven,W,Sayur-Sayuran,kacang panjang 1 kg,Sulawesi Selatan,Makassar,2691800
01-11-2022,PHI Mini Market - Makassar 01,Bintang Maven,W,Sayur-Sayuran,kentang 1 kg,Sulawesi Selatan,Makassar,3835060
01-11-2022,PHI Mini Market - Makassar 01,Bintang Maven,W,Sayur-Sayuran,ketimun 1 kg,Sulawesi Selatan,Makassar,1455910
01-11-2022,PHI Mini Market - Makassar 01,Bintang Maven,W,Sayur-Sayuran,kobis 1 kg,Sulawesi Selatan,Makassar,492500
01-11-2022,PHI Mini Market - Makassar 01,Bintang Maven,W,Sayur-Sayuran,tomat 1 kg,Sulawesi Selatan,Makassar,1207420
01-11-2022,PHI Mini Market - Makassar 01,Bintang Maven,W,Sayur-Sayuran,ubi jalar 1 kg,Sulawesi Selatan,Makassar,440310
01-11-2022,PHI Mini Market - Makassar 01,Bintang Maven,W,Sayur-Sayuran,ubi kayu basah 1 kg,Sulawesi Selatan,Makassar,414110
01-11-2022,PHI Mini Market - Makassar 01,Bintang Maven,W,Sayur-Sayuran,wortel 1 kg,Sulawesi Selatan,Makassar,1032460
01-11-2022,PHI Mini Market - Makassar 01,Eriq Jagat,P,Buah,alpukat 1 kg,Sulawesi Selatan,Makassar,2319880
01-11-2022,PHI Mini Market - Makassar 01,Eriq Jagat,P,Buah,apel 1 kg,Sulawesi Selatan,Makassar,19506280
01-11-2022,PHI Mini Market - Makassar 01,Eriq Jagat,P,Buah,belimbing 1 kg,Sulawesi Selatan,Makassar,1202900
01-11-2022,PHI Mini Market - Makassar 01,Eriq Jagat,P,Buah,durian 1 kg,Sulawesi Selatan,Makassar,4361200
01-11-2022,PHI Mini Market - Makassar 01,Eriq Jagat,P,Buah,jeruk 1 kg,Sulawesi Selatan,Makassar,2912760
01-11-2022,PHI Mini Market - Makassar 01,Eriq Jagat,P,Buah,kelapa muda,Sulawesi Selatan,Makassar,1468190
01-11-2022,PHI Mini Market - Makassar 01,Eriq Jagat,P,Makanan & Minuman,air mineral 600 ml,Sulawesi Selatan,Makassar,353160
01-11-2022,PHI Mini Market - Makassar 01,Eriq Jagat,P,Makanan & Minuman,bumbu fried chicken,Sulawesi Selatan,Makassar,5107780
01-11-2022,PHI Mini Market - Makassar 01,Eriq Jagat,P,Makanan & Minuman,jus kesehatan 600 ml,Sulawesi Selatan,Makassar,3405420
01-11-2022,PHI Mini Market - Makassar 01,Eriq Jagat,P,Makanan & Minuman,kacang goreng 1 kg,Sulawesi Selatan,Makassar,3318000
01-11-2022,PHI Mini Market - Makassar 01,Eriq Jagat,P,Makanan & Minuman,kacang mete 1 kg,Sulawesi Selatan,Makassar,23726120
01-11-2022,PHI Mini Market - Makassar 01,Eriq Jagat,P,Makanan & Minuman,markisa 600 ml,Sulawesi Selatan,Makassar,4295550
01-11-2022,PHI Mini Market - Makassar 01,Eriq Jagat,P,Makanan & Minuman,mie instant 1 kotak (40 bungkus),Sulawesi Selatan,Makassar,52809070
01-11-2022,PHI Mini Market - Makassar 01,Eriq Jagat,P,Makanan & Minuman,minuman probiotik,Sulawesi Selatan,Makassar,151680
01-11-2022,PHI Mini Market - Makassar 01,Eriq Jagat,P,Makanan & Minuman,nasi goreng instant (1 ons),Sulawesi Selatan,Makassar,2613890
01-11-2022,PHI Mini Market - Makassar 01,Eriq Jagat,P,Makanan & Minuman,snack gurih 1 ons,Sulawesi Selatan,Makassar,1817220
01-11-2022,PHI Mini Market - Makassar 01,Eriq Jagat,P,Makanan & Minuman,susu kotak (800 ml),Sulawesi Selatan,Makassar,5004270
01-11-2022,PHI Mini Market - Makassar 01,Eriq Jagat,P,Makanan & Minuman,susu kotak 1 l,Sulawesi Selatan,Makassar,2213310
01-11-2022,PHI Mini Market - Makassar 01,Eriq Jagat,P,Makanan & Minuman,telur ayam kampung 1 kg,Sulawesi Selatan,Makassar,5425700
01-11-2022,PHI Mini Market - Makassar 01,Eriq Jagat,P,Makanan & Minuman,telur ayam ras 1 kg,Sulawesi Selatan,Makassar,3779180
01-11-2022,PHI Mini Market - Makassar 01,Eriq Jagat,P,Sayur-Sayuran,bawang merah 1 kg,Sulawesi Selatan,Makassar,4950080
01-11-2022,PHI Mini Market - Makassar 01,Eriq Jagat,P,Sayur-Sayuran,bawang putih 1 kg,Sulawesi Selatan,Makassar,1343960
01-11-2022,PHI Mini Market - Makassar 01,Eriq Jagat,P,Sayur-Sayuran,buncis 1 kg,Sulawesi Selatan,Makassar,2186780
01-11-2022,PHI Mini Market - Makassar 01,Eriq Jagat,P,Sayur-Sayuran,kacang hijau 1 kg,Sulawesi Selatan,Makassar,2207890
01-11-2022,PHI Mini Market - Makassar 01,Eriq Jagat,P,Sayur-Sayuran,kacang panjang 1 kg,Sulawesi Selatan,Makassar,2603880
01-11-2022,PHI Mini Market - Makassar 01,Eriq Jagat,P,Sayur-Sayuran,kentang 1 kg,Sulawesi Selatan,Makassar,2244040
01-11-2022,PHI Mini Market - Makassar 01,Eriq Jagat,P,Sayur-Sayuran,ketimun 1 kg,Sulawesi Selatan,Makassar,1630030
01-11-2022,PHI Mini Market - Makassar 01,Eriq Jagat,P,Sayur-Sayuran,kobis 1 kg,Sulawesi Selatan,Makassar,354040
01-11-2022,PHI Mini Market - Makassar 01,Eriq Jagat,P,Sayur-Sayuran,tomat 1 kg,Sulawesi Selatan,Makassar,1426130
01-11-2022,PHI Mini Market - Makassar 01,Eriq Jagat,P,Sayur-Sayuran,ubi jalar 1 kg,Sulawesi Selatan,Makassar,369810
01-11-2022,PHI Mini Market - Makassar 01,Eriq Jagat,P,Sayur-Sayuran,ubi kayu basah 1 kg,Sulawesi Selatan,Makassar,276010
01-11-2022,PHI Mini Market - Makassar 01,Eriq Jagat,P,Sayur-Sayuran,wortel 1 kg,Sulawesi Selatan,Makassar,1040740
01-11-2022,PHI Mini Market - Makassar 01,Eriq Menawan,P,Buah,alpukat 1 kg,Sulawesi Selatan,Makassar,2130540
01-11-2022,PHI Mini Market - Makassar 01,Eriq Menawan,P,Buah,apel 1 kg,Sulawesi Selatan,Makassar,14155150
01-11-2022,PHI Mini Market - Makassar 01,Eriq Menawan,P,Buah,belimbing 1 kg,Sulawesi Selatan,Makassar,1404860
01-11-2022,PHI Mini Market - Makassar 01,Eriq Menawan,P,Buah,durian 1 kg,Sulawesi Selatan,Makassar,8767380
01-11-2022,PHI Mini Market - Makassar 01,Eriq Menawan,P,Buah,jeruk 1 kg,Sulawesi Selatan,Makassar,2509040
01-11-2022,PHI Mini Market - Makassar 01,Eriq Menawan,P,Buah,kelapa muda,Sulawesi Selatan,Makassar,1791930
01-11-2022,PHI Mini Market - Makassar 01,Eriq Menawan,P,Makanan & Minuman,air mineral 600 ml,Sulawesi Selatan,Makassar,596050
01-11-2022,PHI Mini Market - Makassar 01,Eriq Menawan,P,Makanan & Minuman,bumbu fried chicken,Sulawesi Selatan,Makassar,5439020
01-11-2022,PHI Mini Market - Makassar 01,Eriq Menawan,P,Makanan & Minuman,jus kesehatan 600 ml,Sulawesi Selatan,Makassar,3230450
01-11-2022,PHI Mini Market - Makassar 01,Eriq Menawan,P,Makanan & Minuman,kacang goreng 1 kg,Sulawesi Selatan,Makassar,3621090
01-11-2022,PHI Mini Market - Makassar 01,Eriq Menawan,P,Makanan & Minuman,kacang mete 1 kg,Sulawesi Selatan,Makassar,27352790
01-11-2022,PHI Mini Market - Makassar 01,Eriq Menawan,P,Makanan & Minuman,markisa 600 ml,Sulawesi Selatan,Makassar,5035640
01-11-2022,PHI Mini Market - Makassar 01,Eriq Menawan,P,Makanan & Minuman,mie instant 1 kotak (40 bungkus),Sulawesi Selatan,Makassar,29437710
01-11-2022,PHI Mini Market - Makassar 01,Eriq Menawan,P,Makanan & Minuman,minuman probiotik,Sulawesi Selatan,Makassar,283130
01-11-2022,PHI Mini Market - Makassar 01,Eriq Menawan,P,Makanan & Minuman,nasi goreng instant (1 ons),Sulawesi Selatan,Makassar,1807130
01-11-2022,PHI Mini Market - Makassar 01,Eriq Menawan,P,Makanan & Minuman,snack gurih 1 ons,Sulawesi Selatan,Makassar,2223760
01-11-2022,PHI Mini Market - Makassar 01,Eriq Menawan,P,Makanan & Minuman,susu kotak (800 ml),Sulawesi Selatan,Makassar,4757050
01-11-2022,PHI Mini Market - Makassar 01,Eriq Menawan,P,Makanan & Minuman,susu kotak 1 l,Sulawesi Selatan,Makassar,3497060
01-11-2022,PHI Mini Market - Makassar 01,Eriq Menawan,P,Makanan & Minuman,telur ayam kampung 1 kg,Sulawesi Selatan,Makassar,7612000
01-11-2022,PHI Mini Market - Makassar 01,Eriq Menawan,P,Makanan & Minuman,telur ayam ras 1 kg,Sulawesi Selatan,Makassar,3485880
01-11-2022,PHI Mini Market - Makassar 01,Eriq Menawan,P,Sayur-Sayuran,bawang merah 1 kg,Sulawesi Selatan,Makassar,3786730
01-11-2022,PHI Mini Market - Makassar 01,Eriq Menawan,P,Sayur-Sayuran,bawang putih 1 kg,Sulawesi Selatan,Makassar,983900
01-11-2022,PHI Mini Market - Makassar 01,Eriq Menawan,P,Sayur-Sayuran,buncis 1 kg,Sulawesi Selatan,Makassar,1348420
01-11-2022,PHI Mini Market - Makassar 01,Eriq Menawan,P,Sayur-Sayuran,kacang hijau 1 kg,Sulawesi Selatan,Makassar,1925250
01-11-2022,PHI Mini Market - Makassar 01,Eriq Menawan,P,Sayur-Sayuran,kacang panjang 1 kg,Sulawesi Selatan,Makassar,2064080
01-11-2022,PHI Mini Market - Makassar 01,Eriq Menawan,P,Sayur-Sayuran,kentang 1 kg,Sulawesi Selatan,Makassar,2279730
01-11-2022,PHI Mini Market - Makassar 01,Eriq Menawan,P,Sayur-Sayuran,ketimun 1 kg,Sulawesi Selatan,Makassar,939200
01-11-2022,PHI Mini Market - Makassar 01,Eriq Menawan,P,Sayur-Sayuran,kobis 1 kg,Sulawesi Selatan,Makassar,279050
01-11-2022,PHI Mini Market - Makassar 01,Eriq Menawan,P,Sayur-Sayuran,tomat 1 kg,Sulawesi Selatan,Makassar,926800
01-11-2022,PHI Mini Market - Makassar 01,Eriq Menawan,P,Sayur-Sayuran,ubi jalar 1 kg,Sulawesi Selatan,Makassar,396190
01-11-2022,PHI Mini Market - Makassar 01,Eriq Menawan,P,Sayur-Sayuran,ubi kayu basah 1 kg,Sulawesi Selatan,Makassar,388170
01-11-2022,PHI Mini Market - Makassar 01,Eriq Menawan,P,Sayur-Sayuran,wortel 1 kg,Sulawesi Selatan,Makassar,1150720
01-11-2022,PHI Mini Market - Makassar 01,Ferdy Tenteram,P,Buah,alpukat 1 kg,Sulawesi Selatan,Makassar,2435520
01-11-2022,PHI Mini Market - Makassar 01,Ferdy Tenteram,P,Buah,apel 1 kg,Sulawesi Selatan,Makassar,15800790
01-11-2022,PHI Mini Market - Makassar 01,Ferdy Tenteram,P,Buah,belimbing 1 kg,Sulawesi Selatan,Makassar,1577430
01-11-2022,PHI Mini Market - Makassar 01,Ferdy Tenteram,P,Buah,durian 1 kg,Sulawesi Selatan,Makassar,6646690
01-11-2022,PHI Mini Market - Makassar 01,Ferdy Tenteram,P,Buah,jeruk 1 kg,Sulawesi Selatan,Makassar,3455750
01-11-2022,PHI Mini Market - Makassar 01,Ferdy Tenteram,P,Buah,kelapa muda,Sulawesi Selatan,Makassar,2050250
01-11-2022,PHI Mini Market - Makassar 01,Ferdy Tenteram,P,Buah,mangga 1 kg,Sulawesi Selatan,Makassar,3934800
01-11-2022,PHI Mini Market - Makassar 01,Ferdy Tenteram,P,Makanan & Minuman,air mineral 600 ml,Sulawesi Selatan,Makassar,443950
01-11-2022,PHI Mini Market - Makassar 01,Ferdy Tenteram,P,Makanan & Minuman,bumbu fried chicken,Sulawesi Selatan,Makassar,6589500
01-11-2022,PHI Mini Market - Makassar 01,Ferdy Tenteram,P,Makanan & Minuman,jus kesehatan 600 ml,Sulawesi Selatan,Makassar,2271670
01-11-2022,PHI Mini Market - Makassar 01,Ferdy Tenteram,P,Makanan & Minuman,kacang goreng 1 kg,Sulawesi Selatan,Makassar,3376610
01-11-2022,PHI Mini Market - Makassar 01,Ferdy Tenteram,P,Makanan & Minuman,kacang mete 1 kg,Sulawesi Selatan,Makassar,26293280
01-11-2022,PHI Mini Market - Makassar 01,Ferdy Tenteram,P,Makanan & Minuman,markisa 600 ml,Sulawesi Selatan,Makassar,6022710
01-11-2022,PHI Mini Market - Makassar 01,Ferdy Tenteram,P,Makanan & Minuman,mie instant 1 kotak (40 bungkus),Sulawesi Selatan,Makassar,27756150
01-11-2022,PHI Mini Market - Makassar 01,Ferdy Tenteram,P,Makanan & Minuman,minuman probiotik,Sulawesi Selatan,Makassar,379460
01-11-2022,PHI Mini Market - Makassar 01,Ferdy Tenteram,P,Makanan & Minuman,nasi goreng instant (1 ons),Sulawesi Selatan,Makassar,1911090
01-11-2022,PHI Mini Market - Makassar 01,Ferdy Tenteram,P,Makanan & Minuman,snack gurih 1 ons,Sulawesi Selatan,Makassar,2386510
01-11-2022,PHI Mini Market - Makassar 01,Ferdy Tenteram,P,Makanan & Minuman,susu kotak (800 ml),Sulawesi Selatan,Makassar,2306140
01-11-2022,PHI Mini Market - Makassar 01,Ferdy Tenteram,P,Makanan & Minuman,susu kotak 1 l,Sulawesi Selatan,Makassar,3863610
01-11-2022,PHI Mini Market - Makassar 01,Ferdy Tenteram,P,Makanan & Minuman,telur ayam kampung 1 kg,Sulawesi Selatan,Makassar,3982610
01-11-2022,PHI Mini Market - Makassar 01,Ferdy Tenteram,P,Makanan & Minuman,telur ayam ras 1 kg,Sulawesi Selatan,Makassar,4241570
01-11-2022,PHI Mini Market - Makassar 01,Ferdy Tenteram,P,Sayur-Sayuran,bawang merah 1 kg,Sulawesi Selatan,Makassar,3312040
01-11-2022,PHI Mini Market - Makassar 01,Ferdy Tenteram,P,Sayur-Sayuran,bawang putih 1 kg,Sulawesi Selatan,Makassar,1098840
01-11-2022,PHI Mini Market - Makassar 01,Ferdy Tenteram,P,Sayur-Sayuran,buncis 1 kg,Sulawesi Selatan,Makassar,2509940
01-11-2022,PHI Mini Market - Makassar 01,Ferdy Tenteram,P,Sayur-Sayuran,kacang hijau 1 kg,Sulawesi Selatan,Makassar,2097120
01-11-2022,PHI Mini Market - Makassar 01,Ferdy Tenteram,P,Sayur-Sayuran,kacang panjang 1 kg,Sulawesi Selatan,Makassar,3429360
01-11-2022,PHI Mini Market - Makassar 01,Ferdy Tenteram,P,Sayur-Sayuran,kentang 1 kg,Sulawesi Selatan,Makassar,2717990
01-11-2022,PHI Mini Market - Makassar 01,Ferdy Tenteram,P,Sayur-Sayuran,ketimun 1 kg,Sulawesi Selatan,Makassar,1257150
01-11-2022,PHI Mini Market - Makassar 01,Ferdy Tenteram,P,Sayur-Sayuran,kobis 1 kg,Sulawesi Selatan,Makassar,329640
01-11-2022,PHI Mini Market - Makassar 01,Ferdy Tenteram,P,Sayur-Sayuran,tomat 1 kg,Sulawesi Selatan,Makassar,1081280
01-11-2022,PHI Mini Market - Makassar 01,Ferdy Tenteram,P,Sayur-Sayuran,ubi jalar 1 kg,Sulawesi Selatan,Makassar,346240
01-11-2022,PHI Mini Market - Makassar 01,Ferdy Tenteram,P,Sayur-Sayuran,ubi kayu basah 1 kg,Sulawesi Selatan,Makassar,365680
01-11-2022,PHI Mini Market - Makassar 01,Ferdy Tenteram,P,Sayur-Sayuran,wortel 1 kg,Sulawesi Selatan,Makassar,805130
01-11-2022,PHI Mini Market - Makassar 01,Galang Terang,P,Buah,alpukat 1 kg,Sulawesi Selatan,Makassar,1890150
01-11-2022,PHI Mini Market - Makassar 01,Galang Terang,P,Buah,apel 1 kg,Sulawesi Selatan,Makassar,22437360
01-11-2022,PHI Mini Market - Makassar 01,Galang Terang,P,Buah,belimbing 1 kg,Sulawesi Selatan,Makassar,1074760
01-11-2022,PHI Mini Market - Makassar 01,Galang Terang,P,Buah,durian 1 kg,Sulawesi Selatan,Makassar,4377780
01-11-2022,PHI Mini Market - Makassar 01,Galang Terang,P,Buah,jeruk 1 kg,Sulawesi Selatan,Makassar,4762890
01-11-2022,PHI Mini Market - Makassar 01,Galang Terang,P,Buah,kelapa muda,Sulawesi Selatan,Makassar,1511510
01-11-2022,PHI Mini Market - Makassar 01,Galang Terang,P,Buah,mangga 1 kg,Sulawesi Selatan,Makassar,4748710
01-11-2022,PHI Mini Market - Makassar 01,Galang Terang,P,Makanan & Minuman,air mineral 600 ml,Sulawesi Selatan,Makassar,320230
01-11-2022,PHI Mini Market - Makassar 01,Galang Terang,P,Makanan & Minuman,bumbu fried chicken,Sulawesi Selatan,Makassar,5043270
01-11-2022,PHI Mini Market - Makassar 01,Galang Terang,P,Makanan & Minuman,jus kesehatan 600 ml,Sulawesi Selatan,Makassar,1956080
01-11-2022,PHI Mini Market - Makassar 01,Galang Terang,P,Makanan & Minuman,kacang goreng 1 kg,Sulawesi Selatan,Makassar,2849630
01-11-2022,PHI Mini Market - Makassar 01,Galang Terang,P,Makanan & Minuman,kacang mete 1 kg,Sulawesi Selatan,Makassar,20315710
01-11-2022,PHI Mini Market - Makassar 01,Galang Terang,P,Makanan & Minuman,markisa 600 ml,Sulawesi Selatan,Makassar,4701970
01-11-2022,PHI Mini Market - Makassar 01,Galang Terang,P,Makanan & Minuman,mie instant 1 kotak (40 bungkus),Sulawesi Selatan,Makassar,25491030
01-11-2022,PHI Mini Market - Makassar 01,Galang Terang,P,Makanan & Minuman,minuman probiotik,Sulawesi Selatan,Makassar,215330
01-11-2022,PHI Mini Market - Makassar 01,Galang Terang,P,Makanan & Minuman,nasi goreng instant (1 ons),Sulawesi Selatan,Makassar,2461460
01-11-2022,PHI Mini Market - Makassar 01,Galang Terang,P,Makanan & Minuman,snack gurih 1 ons,Sulawesi Selatan,Makassar,1644570
01-11-2022,PHI Mini Market - Makassar 01,Galang Terang,P,Makanan & Minuman,susu kotak (800 ml),Sulawesi Selatan,Makassar,4010790
01-11-2022,PHI Mini Market - Makassar 01,Galang Terang,P,Makanan & Minuman,susu kotak 1 l,Sulawesi Selatan,Makassar,3877160
01-11-2022,PHI Mini Market - Makassar 01,Galang Terang,P,Makanan & Minuman,telur ayam kampung 1 kg,Sulawesi Selatan,Makassar,5788670
01-11-2022,PHI Mini Market - Makassar 01,Galang Terang,P,Makanan & Minuman,telur ayam ras 1 kg,Sulawesi Selatan,Makassar,3776530
01-11-2022,PHI Mini Market - Makassar 01,Galang Terang,P,Sayur-Sayuran,bawang merah 1 kg,Sulawesi Selatan,Makassar,4409010
01-11-2022,PHI Mini Market - Makassar 01,Galang Terang,P,Sayur-Sayuran,bawang putih 1 kg,Sulawesi Selatan,Makassar,1372100
01-11-2022,PHI Mini Market - Makassar 01,Galang Terang,P,Sayur-Sayuran,buncis 1 kg,Sulawesi Selatan,Makassar,1382800
01-11-2022,PHI Mini Market - Makassar 01,Galang Terang,P,Sayur-Sayuran,kacang hijau 1 kg,Sulawesi Selatan,Makassar,1455580
01-11-2022,PHI Mini Market - Makassar 01,Galang Terang,P,Sayur-Sayuran,kacang panjang 1 kg,Sulawesi Selatan,Makassar,3508370
01-11-2022,PHI Mini Market - Makassar 01,Galang Terang,P,Sayur-Sayuran,kentang 1 kg,Sulawesi Selatan,Makassar,1828370
01-11-2022,PHI Mini Market - Makassar 01,Galang Terang,P,Sayur-Sayuran,ketimun 1 kg,Sulawesi Selatan,Makassar,1410590
01-11-2022,PHI Mini Market - Makassar 01,Galang Terang,P,Sayur-Sayuran,kobis 1 kg,Sulawesi Selatan,Makassar,537240
01-11-2022,PHI Mini Market - Makassar 01,Galang Terang,P,Sayur-Sayuran,tomat 1 kg,Sulawesi Selatan,Makassar,1079550
01-11-2022,PHI Mini Market - Makassar 01,Galang Terang,P,Sayur-Sayuran,ubi jalar 1 kg,Sulawesi Selatan,Makassar,391310
01-11-2022,PHI Mini Market - Makassar 01,Galang Terang,P,Sayur-Sayuran,ubi kayu basah 1 kg,Sulawesi Selatan,Makassar,395570
01-11-2022,PHI Mini Market - Makassar 01,Galang Terang,P,Sayur-Sayuran,wortel 1 kg,Sulawesi Selatan,Makassar,1138810
01-11-2022,PHI Mini Market - Makassar 01,Kristina Damai,W,Buah,alpukat 1 kg,Sulawesi Selatan,Makassar,1968550
01-11-2022,PHI Mini Market - Makassar 01,Kristina Damai,W,Buah,apel 1 kg,Sulawesi Selatan,Makassar,16129550
01-11-2022,PHI Mini Market - Makassar 01,Kristina Damai,W,Buah,belimbing 1 kg,Sulawesi Selatan,Makassar,1196410
01-11-2022,PHI Mini Market - Makassar 01,Kristina Damai,W,Buah,durian 1 kg,Sulawesi Selatan,Makassar,4539420
01-11-2022,PHI Mini Market - Makassar 01,Kristina Damai,W,Buah,jeruk 1 kg,Sulawesi Selatan,Makassar,2859810
01-11-2022,PHI Mini Market - Makassar 01,Kristina Damai,W,Buah,kelapa muda,Sulawesi Selatan,Makassar,1484150
01-11-2022,PHI Mini Market - Makassar 01,Kristina Damai,W,Buah,mangga 1 kg,Sulawesi Selatan,Makassar,4939920
01-11-2022,PHI Mini Market - Makassar 01,Kristina Damai,W,Makanan & Minuman,air mineral 600 ml,Sulawesi Selatan,Makassar,404220
01-11-2022,PHI Mini Market - Makassar 01,Kristina Damai,W,Makanan & Minuman,bumbu fried chicken,Sulawesi Selatan,Makassar,6863570
01-11-2022,PHI Mini Market - Makassar 01,Kristina Damai,W,Makanan & Minuman,jus kesehatan 600 ml,Sulawesi Selatan,Makassar,2608420
01-11-2022,PHI Mini Market - Makassar 01,Kristina Damai,W,Makanan & Minuman,kacang goreng 1 kg,Sulawesi Selatan,Makassar,3633740
01-11-2022,PHI Mini Market - Makassar 01,Kristina Damai,W,Makanan & Minuman,kacang mete 1 kg,Sulawesi Selatan,Makassar,21466890
01-11-2022,PHI Mini Market - Makassar 01,Kristina Damai,W,Makanan & Minuman,markisa 600 ml,Sulawesi Selatan,Makassar,3336450
01-11-2022,PHI Mini Market - Makassar 01,Kristina Damai,W,Makanan & Minuman,mie instant 1 kotak (40 bungkus),Sulawesi Selatan,Makassar,30668140
01-11-2022,PHI Mini Market - Makassar 01,Kristina Damai,W,Makanan & Minuman,minuman probiotik,Sulawesi Selatan,Makassar,386150
01-11-2022,PHI Mini Market - Makassar 01,Kristina Damai,W,Makanan & Minuman,nasi goreng instant (1 ons),Sulawesi Selatan,Makassar,1454740
01-11-2022,PHI Mini Market - Makassar 01,Kristina Damai,W,Makanan & Minuman,snack gurih 1 ons,Sulawesi Selatan,Makassar,1083990
01-11-2022,PHI Mini Market - Makassar 01,Kristina Damai,W,Makanan & Minuman,susu kotak (800 ml),Sulawesi Selatan,Makassar,4283290
01-11-2022,PHI Mini Market - Makassar 01,Kristina Damai,W,Makanan & Minuman,susu kotak 1 l,Sulawesi Selatan,Makassar,3273420
01-11-2022,PHI Mini Market - Makassar 01,Kristina Damai,W,Makanan & Minuman,telur ayam kampung 1 kg,Sulawesi Selatan,Makassar,8480200
01-11-2022,PHI Mini Market - Makassar 01,Kristina Damai,W,Makanan & Minuman,telur ayam ras 1 kg,Sulawesi Selatan,Makassar,3739550
01-11-2022,PHI Mini Market - Makassar 01,Kristina Damai,W,Sayur-Sayuran,bawang merah 1 kg,Sulawesi Selatan,Makassar,3293260
01-11-2022,PHI Mini Market - Makassar 01,Kristina Damai,W,Sayur-Sayuran,bawang putih 1 kg,Sulawesi Selatan,Makassar,944020
01-11-2022,PHI Mini Market - Makassar 01,Kristina Damai,W,Sayur-Sayuran,buncis 1 kg,Sulawesi Selatan,Makassar,1604000
01-11-2022,PHI Mini Market - Makassar 01,Kristina Damai,W,Sayur-Sayuran,kacang hijau 1 kg,Sulawesi Selatan,Makassar,2885020
01-11-2022,PHI Mini Market - Makassar 01,Kristina Damai,W,Sayur-Sayuran,kacang panjang 1 kg,Sulawesi Selatan,Makassar,2744450
01-11-2022,PHI Mini Market - Makassar 01,Kristina Damai,W,Sayur-Sayuran,kentang 1 kg,Sulawesi Selatan,Makassar,2805460
01-11-2022,PHI Mini Market - Makassar 01,Kristina Damai,W,Sayur-Sayuran,ketimun 1 kg,Sulawesi Selatan,Makassar,1541570
01-11-2022,PHI Mini Market - Makassar 01,Kristina Damai,W,Sayur-Sayuran,kobis 1 kg,Sulawesi Selatan,Makassar,525780
01-11-2022,PHI Mini Market - Makassar 01,Kristina Damai,W,Sayur-Sayuran,tomat 1 kg,Sulawesi Selatan,Makassar,1235740
01-11-2022,PHI Mini Market - Makassar 01,Kristina Damai,W,Sayur-Sayuran,ubi jalar 1 kg,Sulawesi Selatan,Makassar,422710
01-11-2022,PHI Mini Market - Makassar 01,Kristina Damai,W,Sayur-Sayuran,ubi kayu basah 1 kg,Sulawesi Selatan,Makassar,288050
01-11-2022,PHI Mini Market - Makassar 01,Kristina Damai,W,Sayur-Sayuran,wortel 1 kg,Sulawesi Selatan,Makassar,1340780
01-11-2022,PHI Mini Market - Makassar 01,Lastri Mardi,W,Buah,alpukat 1 kg,Sulawesi Selatan,Makassar,2234880
01-11-2022,PHI Mini Market - Makassar 01,Lastri Mardi,W,Buah,apel 1 kg,Sulawesi Selatan,Makassar,15818180
01-11-2022,PHI Mini Market - Makassar 01,Lastri Mardi,W,Buah,belimbing 1 kg,Sulawesi Selatan,Makassar,1705590
01-11-2022,PHI Mini Market - Makassar 01,Lastri Mardi,W,Buah,durian 1 kg,Sulawesi Selatan,Makassar,7343830
01-11-2022,PHI Mini Market - Makassar 01,Lastri Mardi,W,Buah,jeruk 1 kg,Sulawesi Selatan,Makassar,4757580
01-11-2022,PHI Mini Market - Makassar 01,Lastri Mardi,W,Buah,kelapa muda,Sulawesi Selatan,Makassar,1492850
01-11-2022,PHI Mini Market - Makassar 01,Lastri Mardi,W,Makanan & Minuman,air mineral 600 ml,Sulawesi Selatan,Makassar,448380
01-11-2022,PHI Mini Market - Makassar 01,Lastri Mardi,W,Makanan & Minuman,bumbu fried chicken,Sulawesi Selatan,Makassar,3724960
01-11-2022,PHI Mini Market - Makassar 01,Lastri Mardi,W,Makanan & Minuman,jus kesehatan 600 ml,Sulawesi Selatan,Makassar,2974640
01-11-2022,PHI Mini Market - Makassar 01,Lastri Mardi,W,Makanan & Minuman,kacang goreng 1 kg,Sulawesi Selatan,Makassar,4185300
01-11-2022,PHI Mini Market - Makassar 01,Lastri Mardi,W,Makanan & Minuman,kacang mete 1 kg,Sulawesi Selatan,Makassar,22175500
01-11-2022,PHI Mini Market - Makassar 01,Lastri Mardi,W,Makanan & Minuman,markisa 600 ml,Sulawesi Selatan,Makassar,2295660
01-11-2022,PHI Mini Market - Makassar 01,Lastri Mardi,W,Makanan & Minuman,mie instant 1 kotak (40 bungkus),Sulawesi Selatan,Makassar,34153210
01-11-2022,PHI Mini Market - Makassar 01,Lastri Mardi,W,Makanan & Minuman,minuman probiotik,Sulawesi Selatan,Makassar,261170
01-11-2022,PHI Mini Market - Makassar 01,Lastri Mardi,W,Makanan & Minuman,nasi goreng instant (1 ons),Sulawesi Selatan,Makassar,2348030
01-11-2022,PHI Mini Market - Makassar 01,Lastri Mardi,W,Makanan & Minuman,snack gurih 1 ons,Sulawesi Selatan,Makassar,2474050
01-11-2022,PHI Mini Market - Makassar 01,Lastri Mardi,W,Makanan & Minuman,susu kotak (800 ml),Sulawesi Selatan,Makassar,4317410
01-11-2022,PHI Mini Market - Makassar 01,Lastri Mardi,W,Makanan & Minuman,susu kotak 1 l,Sulawesi Selatan,Makassar,4188960
01-11-2022,PHI Mini Market - Makassar 01,Lastri Mardi,W,Makanan & Minuman,telur ayam kampung 1 kg,Sulawesi Selatan,Makassar,5088010
01-11-2022,PHI Mini Market - Makassar 01,Lastri Mardi,W,Makanan & Minuman,telur ayam ras 1 kg,Sulawesi Selatan,Makassar,4175060
01-11-2022,PHI Mini Market - Makassar 01,Lastri Mardi,W,Sayur-Sayuran,bawang merah 1 kg,Sulawesi Selatan,Makassar,3579410
01-11-2022,PHI Mini Market - Makassar 01,Lastri Mardi,W,Sayur-Sayuran,bawang putih 1 kg,Sulawesi Selatan,Makassar,993080
01-11-2022,PHI Mini Market - Makassar 01,Lastri Mardi,W,Sayur-Sayuran,buncis 1 kg,Sulawesi Selatan,Makassar,2099020
01-11-2022,PHI Mini Market - Makassar 01,Lastri Mardi,W,Sayur-Sayuran,kacang hijau 1 kg,Sulawesi Selatan,Makassar,2843810
01-11-2022,PHI Mini Market - Makassar 01,Lastri Mardi,W,Sayur-Sayuran,kacang panjang 1 kg,Sulawesi Selatan,Makassar,2550460
01-11-2022,PHI Mini Market - Makassar 01,Lastri Mardi,W,Sayur-Sayuran,kentang 1 kg,Sulawesi Selatan,Makassar,2718790
01-11-2022,PHI Mini Market - Makassar 01,Lastri Mardi,W,Sayur-Sayuran,ketimun 1 kg,Sulawesi Selatan,Makassar,1791080
01-11-2022,PHI Mini Market - Makassar 01,Lastri Mardi,W,Sayur-Sayuran,kobis 1 kg,Sulawesi Selatan,Makassar,447140
01-11-2022,PHI Mini Market - Makassar 01,Lastri Mardi,W,Sayur-Sayuran,tomat 1 kg,Sulawesi Selatan,Makassar,1483050
01-11-2022,PHI Mini Market - Makassar 01,Lastri Mardi,W,Sayur-Sayuran,ubi jalar 1 kg,Sulawesi Selatan,Makassar,231250
01-11-2022,PHI Mini Market - Makassar 01,Lastri Mardi,W,Sayur-Sayuran,ubi kayu basah 1 kg,Sulawesi Selatan,Makassar,235810
01-11-2022,PHI Mini Market - Makassar 01,Lastri Mardi,W,Sayur-Sayuran,wortel 1 kg,Sulawesi Selatan,Makassar,1208480
01-11-2022,PHI Mini Market - Makassar 01,Mawar Mardi,W,Buah,alpukat 1 kg,Sulawesi Selatan,Makassar,2127340
01-11-2022,PHI Mini Market - Makassar 01,Mawar Mardi,W,Buah,apel 1 kg,Sulawesi Selatan,Makassar,10397960
01-11-2022,PHI Mini Market - Makassar 01,Mawar Mardi,W,Buah,belimbing 1 kg,Sulawesi Selatan,Makassar,1333090
01-11-2022,PHI Mini Market - Makassar 01,Mawar Mardi,W,Buah,durian 1 kg,Sulawesi Selatan,Makassar,5712510
01-11-2022,PHI Mini Market - Makassar 01,Mawar Mardi,W,Buah,jeruk 1 kg,Sulawesi Selatan,Makassar,3193660
01-11-2022,PHI Mini Market - Makassar 01,Mawar Mardi,W,Buah,kelapa muda,Sulawesi Selatan,Makassar,1871540
01-11-2022,PHI Mini Market - Makassar 01,Mawar Mardi,W,Buah,mangga 1 kg,Sulawesi Selatan,Makassar,4252960
01-11-2022,PHI Mini Market - Makassar 01,Mawar Mardi,W,Makanan & Minuman,air mineral 600 ml,Sulawesi Selatan,Makassar,260890
01-11-2022,PHI Mini Market - Makassar 01,Mawar Mardi,W,Makanan & Minuman,bumbu fried chicken,Sulawesi Selatan,Makassar,3511900
01-11-2022,PHI Mini Market - Makassar 01,Mawar Mardi,W,Makanan & Minuman,jus kesehatan 600 ml,Sulawesi Selatan,Makassar,3318360
01-11-2022,PHI Mini Market - Makassar 01,Mawar Mardi,W,Makanan & Minuman,kacang goreng 1 kg,Sulawesi Selatan,Makassar,3584570
01-11-2022,PHI Mini Market - Makassar 01,Mawar Mardi,W,Makanan & Minuman,kacang mete 1 kg,Sulawesi Selatan,Makassar,26239090
01-11-2022,PHI Mini Market - Makassar 01,Mawar Mardi,W,Makanan & Minuman,markisa 600 ml,Sulawesi Selatan,Makassar,5134170
01-11-2022,PHI Mini Market - Makassar 01,Mawar Mardi,W,Makanan & Minuman,mie instant 1 kotak (40 bungkus),Sulawesi Selatan,Makassar,40346210
01-11-2022,PHI Mini Market - Makassar 01,Mawar Mardi,W,Makanan & Minuman,minuman probiotik,Sulawesi Selatan,Makassar,305100
01-11-2022,PHI Mini Market - Makassar 01,Mawar Mardi,W,Makanan & Minuman,nasi goreng instant (1 ons),Sulawesi Selatan,Makassar,1890320
01-11-2022,PHI Mini Market - Makassar 01,Mawar Mardi,W,Makanan & Minuman,snack gurih 1 ons,Sulawesi Selatan,Makassar,2020800
01-11-2022,PHI Mini Market - Makassar 01,Mawar Mardi,W,Makanan & Minuman,susu kotak (800 ml),Sulawesi Selatan,Makassar,5130170
01-11-2022,PHI Mini Market - Makassar 01,Mawar Mardi,W,Makanan & Minuman,susu kotak 1 l,Sulawesi Selatan,Makassar,2020770
01-11-2022,PHI Mini Market - Makassar 01,Mawar Mardi,W,Makanan & Minuman,telur ayam kampung 1 kg,Sulawesi Selatan,Makassar,3971240
01-11-2022,PHI Mini Market - Makassar 01,Mawar Mardi,W,Makanan & Minuman,telur ayam ras 1 kg,Sulawesi Selatan,Makassar,2932470
01-11-2022,PHI Mini Market - Makassar 01,Mawar Mardi,W,Sayur-Sayuran,bawang merah 1 kg,Sulawesi Selatan,Makassar,3465680
01-11-2022,PHI Mini Market - Makassar 01,Mawar Mardi,W,Sayur-Sayuran,bawang putih 1 kg,Sulawesi Selatan,Makassar,1230870
01-11-2022,PHI Mini Market - Makassar 01,Mawar Mardi,W,Sayur-Sayuran,buncis 1 kg,Sulawesi Selatan,Makassar,2685970
01-11-2022,PHI Mini Market - Makassar 01,Mawar Mardi,W,Sayur-Sayuran,kacang hijau 1 kg,Sulawesi Selatan,Makassar,2640980
01-11-2022,PHI Mini Market - Makassar 01,Mawar Mardi,W,Sayur-Sayuran,kacang panjang 1 kg,Sulawesi Selatan,Makassar,2833060
01-11-2022,PHI Mini Market - Makassar 01,Mawar Mardi,W,Sayur-Sayuran,kentang 1 kg,Sulawesi Selatan,Makassar,1540090
01-11-2022,PHI Mini Market - Makassar 01,Mawar Mardi,W,Sayur-Sayuran,ketimun 1 kg,Sulawesi Selatan,Makassar,1627700
01-11-2022,PHI Mini Market - Makassar 01,Mawar Mardi,W,Sayur-Sayuran,kobis 1 kg,Sulawesi Selatan,Makassar,282910
01-11-2022,PHI Mini Market - Makassar 01,Mawar Mardi,W,Sayur-Sayuran,tomat 1 kg,Sulawesi Selatan,Makassar,1015690
01-11-2022,PHI Mini Market - Makassar 01,Mawar Mardi,W,Sayur-Sayuran,ubi jalar 1 kg,Sulawesi Selatan,Makassar,508200
01-11-2022,PHI Mini Market - Makassar 01,Mawar Mardi,W,Sayur-Sayuran,ubi kayu basah 1 kg,Sulawesi Selatan,Makassar,342560
01-11-2022,PHI Mini Market - Makassar 01,Mawar Mardi,W,Sayur-Sayuran,wortel 1 kg,Sulawesi Selatan,Makassar,1233160
01-11-2022,PHI Mini Market - Makassar 01,Niken Setiawan,W,Buah,alpukat 1 kg,Sulawesi Selatan,Makassar,1827880
01-11-2022,PHI Mini Market - Makassar 01,Niken Setiawan,W,Buah,apel 1 kg,Sulawesi Selatan,Makassar,11595250
01-11-2022,PHI Mini Market - Makassar 01,Niken Setiawan,W,Buah,belimbing 1 kg,Sulawesi Selatan,Makassar,1258290
01-11-2022,PHI Mini Market - Makassar 01,Niken Setiawan,W,Buah,durian 1 kg,Sulawesi Selatan,Makassar,6567490
01-11-2022,PHI Mini Market - Makassar 01,Niken Setiawan,W,Buah,jeruk 1 kg,Sulawesi Selatan,Makassar,2276360
01-11-2022,PHI Mini Market - Makassar 01,Niken Setiawan,W,Buah,kelapa muda,Sulawesi Selatan,Makassar,1391290
01-11-2022,PHI Mini Market - Makassar 01,Niken Setiawan,W,Makanan & Minuman,air mineral 600 ml,Sulawesi Selatan,Makassar,292630
01-11-2022,PHI Mini Market - Makassar 01,Niken Setiawan,W,Makanan & Minuman,bumbu fried chicken,Sulawesi Selatan,Makassar,5139620
01-11-2022,PHI Mini Market - Makassar 01,Niken Setiawan,W,Makanan & Minuman,jus kesehatan 600 ml,Sulawesi Selatan,Makassar,3905780
01-11-2022,PHI Mini Market - Makassar 01,Niken Setiawan,W,Makanan & Minuman,kacang goreng 1 kg,Sulawesi Selatan,Makassar,2475380
01-11-2022,PHI Mini Market - Makassar 01,Niken Setiawan,W,Makanan & Minuman,kacang mete 1 kg,Sulawesi Selatan,Makassar,27316340
01-11-2022,PHI Mini Market - Makassar 01,Niken Setiawan,W,Makanan & Minuman,markisa 600 ml,Sulawesi Selatan,Makassar,5410160
01-11-2022,PHI Mini Market - Makassar 01,Niken Setiawan,W,Makanan & Minuman,mie instant 1 kotak (40 bungkus),Sulawesi Selatan,Makassar,41015180
01-11-2022,PHI Mini Market - Makassar 01,Niken Setiawan,W,Makanan & Minuman,minuman probiotik,Sulawesi Selatan,Makassar,287960
01-11-2022,PHI Mini Market - Makassar 01,Niken Setiawan,W,Makanan & Minuman,nasi goreng instant (1 ons),Sulawesi Selatan,Makassar,2085790
01-11-2022,PHI Mini Market - Makassar 01,Niken Setiawan,W,Makanan & Minuman,snack gurih 1 ons,Sulawesi Selatan,Makassar,2275110
01-11-2022,PHI Mini Market - Makassar 01,Niken Setiawan,W,Makanan & Minuman,susu kotak (800 ml),Sulawesi Selatan,Makassar,4646530
01-11-2022,PHI Mini Market - Makassar 01,Niken Setiawan,W,Makanan & Minuman,susu kotak 1 l,Sulawesi Selatan,Makassar,2870210
01-11-2022,PHI Mini Market - Makassar 01,Niken Setiawan,W,Makanan & Minuman,telur ayam kampung 1 kg,Sulawesi Selatan,Makassar,4304300
01-11-2022,PHI Mini Market - Makassar 01,Niken Setiawan,W,Makanan & Minuman,telur ayam ras 1 kg,Sulawesi Selatan,Makassar,3023190
01-11-2022,PHI Mini Market - Makassar 01,Niken Setiawan,W,Sayur-Sayuran,bawang merah 1 kg,Sulawesi Selatan,Makassar,2371920
01-11-2022,PHI Mini Market - Makassar 01,Niken Setiawan,W,Sayur-Sayuran,bawang putih 1 kg,Sulawesi Selatan,Makassar,1654930
01-11-2022,PHI Mini Market - Makassar 01,Niken Setiawan,W,Sayur-Sayuran,buncis 1 kg,Sulawesi Selatan,Makassar,2330340
01-11-2022,PHI Mini Market - Makassar 01,Niken Setiawan,W,Sayur-Sayuran,kacang hijau 1 kg,Sulawesi Selatan,Makassar,2603390
01-11-2022,PHI Mini Market - Makassar 01,Niken Setiawan,W,Sayur-Sayuran,kacang panjang 1 kg,Sulawesi Selatan,Makassar,2927490
01-11-2022,PHI Mini Market - Makassar 01,Niken Setiawan,W,Sayur-Sayuran,kentang 1 kg,Sulawesi Selatan,Makassar,2094190
01-11-2022,PHI Mini Market - Makassar 01,Niken Setiawan,W,Sayur-Sayuran,ketimun 1 kg,Sulawesi Selatan,Makassar,1327990
01-11-2022,PHI Mini Market - Makassar 01,Niken Setiawan,W,Sayur-Sayuran,kobis 1 kg,Sulawesi Selatan,Makassar,321890
01-11-2022,PHI Mini Market - Makassar 01,Niken Setiawan,W,Sayur-Sayuran,tomat 1 kg,Sulawesi Selatan,Makassar,1287260
01-11-2022,PHI Mini Market - Makassar 01,Niken Setiawan,W,Sayur-Sayuran,ubi jalar 1 kg,Sulawesi Selatan,Makassar,390730
01-11-2022,PHI Mini Market - Makassar 01,Niken Setiawan,W,Sayur-Sayuran,ubi kayu basah 1 kg,Sulawesi Selatan,Makassar,196590
01-11-2022,PHI Mini Market - Makassar 01,Niken Setiawan,W,Sayur-Sayuran,wortel 1 kg,Sulawesi Selatan,Makassar,1377600
01-11-2022,PHI Mini Market - Surabaya 01,Aris Siberut,P,Buah,alpukat 1 kg,Jawa Timur,Surabaya,1906050
01-11-2022,PHI Mini Market - Surabaya 01,Aris Siberut,P,Buah,apel 1 kg,Jawa Timur,Surabaya,12561080
01-11-2022,PHI Mini Market - Surabaya 01,Aris Siberut,P,Buah,belimbing 1 kg,Jawa Timur,Surabaya,1654060
01-11-2022,PHI Mini Market - Surabaya 01,Aris Siberut,P,Buah,durian 1 kg,Jawa Timur,Surabaya,6782750
01-11-2022,PHI Mini Market - Surabaya 01,Aris Siberut,P,Buah,jeruk 1 kg,Jawa Timur,Surabaya,5519300
01-11-2022,PHI Mini Market - Surabaya 01,Aris Siberut,P,Buah,kelapa muda,Jawa Timur,Surabaya,1287800
01-11-2022,PHI Mini Market - Surabaya 01,Aris Siberut,P,Makanan & Minuman,air mineral 600 ml,Jawa Timur,Surabaya,472330
01-11-2022,PHI Mini Market - Surabaya 01,Aris Siberut,P,Makanan & Minuman,bumbu fried chicken,Jawa Timur,Surabaya,3551100
01-11-2022,PHI Mini Market - Surabaya 01,Aris Siberut,P,Makanan & Minuman,jus kesehatan 600 ml,Jawa Timur,Surabaya,2520300
01-11-2022,PHI Mini Market - Surabaya 01,Aris Siberut,P,Makanan & Minuman,kacang goreng 1 kg,Jawa Timur,Surabaya,5100760
01-11-2022,PHI Mini Market - Surabaya 01,Aris Siberut,P,Makanan & Minuman,kacang mete 1 kg,Jawa Timur,Surabaya,10484050
01-11-2022,PHI Mini Market - Surabaya 01,Aris Siberut,P,Makanan & Minuman,markisa 600 ml,Jawa Timur,Surabaya,4475230
01-11-2022,PHI Mini Market - Surabaya 01,Aris Siberut,P,Makanan & Minuman,mie instant 1 kotak (40 bungkus),Jawa Timur,Surabaya,40342200
01-11-2022,PHI Mini Market - Surabaya 01,Aris Siberut,P,Makanan & Minuman,minuman probiotik,Jawa Timur,Surabaya,405360
01-11-2022,PHI Mini Market - Surabaya 01,Aris Siberut,P,Makanan & Minuman,nasi goreng instant (1 ons),Jawa Timur,Surabaya,1990610
01-11-2022,PHI Mini Market - Surabaya 01,Aris Siberut,P,Makanan & Minuman,snack gurih 1 ons,Jawa Timur,Surabaya,1679400
01-11-2022,PHI Mini Market - Surabaya 01,Aris Siberut,P,Makanan & Minuman,susu kotak (800 ml),Jawa Timur,Surabaya,4799720
01-11-2022,PHI Mini Market - Surabaya 01,Aris Siberut,P,Makanan & Minuman,susu kotak 1 l,Jawa Timur,Surabaya,5238500
01-11-2022,PHI Mini Market - Surabaya 01,Aris Siberut,P,Makanan & Minuman,telur ayam kampung 1 kg,Jawa Timur,Surabaya,6594610
01-11-2022,PHI Mini Market - Surabaya 01,Aris Siberut,P,Makanan & Minuman,telur ayam ras 1 kg,Jawa Timur,Surabaya,4006800
01-11-2022,PHI Mini Market - Surabaya 01,Aris Siberut,P,Sayur-Sayuran,bawang merah 1 kg,Jawa Timur,Surabaya,3666360
01-11-2022,PHI Mini Market - Surabaya 01,Aris Siberut,P,Sayur-Sayuran,bawang putih 1 kg,Jawa Timur,Surabaya,1466880
01-11-2022,PHI Mini Market - Surabaya 01,Aris Siberut,P,Sayur-Sayuran,buncis 1 kg,Jawa Timur,Surabaya,2382660
01-11-2022,PHI Mini Market - Surabaya 01,Aris Siberut,P,Sayur-Sayuran,kacang hijau 1 kg,Jawa Timur,Surabaya,1793870
01-11-2022,PHI Mini Market - Surabaya 01,Aris Siberut,P,Sayur-Sayuran,kacang panjang 1 kg,Jawa Timur,Surabaya,2817570
01-11-2022,PHI Mini Market - Surabaya 01,Aris Siberut,P,Sayur-Sayuran,kentang 1 kg,Jawa Timur,Surabaya,2829880
01-11-2022,PHI Mini Market - Surabaya 01,Aris Siberut,P,Sayur-Sayuran,ketimun 1 kg,Jawa Timur,Surabaya,1137520
01-11-2022,PHI Mini Market - Surabaya 01,Aris Siberut,P,Sayur-Sayuran,kobis 1 kg,Jawa Timur,Surabaya,287240
01-11-2022,PHI Mini Market - Surabaya 01,Aris Siberut,P,Sayur-Sayuran,tomat 1 kg,Jawa Timur,Surabaya,1737630
01-11-2022,PHI Mini Market - Surabaya 01,Aris Siberut,P,Sayur-Sayuran,ubi jalar 1 kg,Jawa Timur,Surabaya,297870
01-11-2022,PHI Mini Market - Surabaya 01,Aris Siberut,P,Sayur-Sayuran,ubi kayu basah 1 kg,Jawa Timur,Surabaya,394110
01-11-2022,PHI Mini Market - Surabaya 01,Aris Siberut,P,Sayur-Sayuran,wortel 1 kg,Jawa Timur,Surabaya,859390
01-11-2022,PHI Mini Market - Surabaya 01,Ayu Pekerti,W,Buah,alpukat 1 kg,Jawa Timur,Surabaya,1044030
01-11-2022,PHI Mini Market - Surabaya 01,Ayu Pekerti,W,Buah,apel 1 kg,Jawa Timur,Surabaya,22128000
01-11-2022,PHI Mini Market - Surabaya 01,Ayu Pekerti,W,Buah,belimbing 1 kg,Jawa Timur,Surabaya,1350090
01-11-2022,PHI Mini Market - Surabaya 01,Ayu Pekerti,W,Buah,durian 1 kg,Jawa Timur,Surabaya,7722440
01-11-2022,PHI Mini Market - Surabaya 01,Ayu Pekerti,W,Buah,jeruk 1 kg,Jawa Timur,Surabaya,3423890
01-11-2022,PHI Mini Market - Surabaya 01,Ayu Pekerti,W,Buah,kelapa muda,Jawa Timur,Surabaya,1355680
01-11-2022,PHI Mini Market - Surabaya 01,Ayu Pekerti,W,Buah,mangga 1 kg,Jawa Timur,Surabaya,6540350
01-11-2022,PHI Mini Market - Surabaya 01,Ayu Pekerti,W,Makanan & Minuman,air mineral 600 ml,Jawa Timur,Surabaya,318240
01-11-2022,PHI Mini Market - Surabaya 01,Ayu Pekerti,W,Makanan & Minuman,bumbu fried chicken,Jawa Timur,Surabaya,5733030
01-11-2022,PHI Mini Market - Surabaya 01,Ayu Pekerti,W,Makanan & Minuman,jus kesehatan 600 ml,Jawa Timur,Surabaya,3033880
01-11-2022,PHI Mini Market - Surabaya 01,Ayu Pekerti,W,Makanan & Minuman,kacang goreng 1 kg,Jawa Timur,Surabaya,5433240
01-11-2022,PHI Mini Market - Surabaya 01,Ayu Pekerti,W,Makanan & Minuman,kacang mete 1 kg,Jawa Timur,Surabaya,22971860
01-11-2022,PHI Mini Market - Surabaya 01,Ayu Pekerti,W,Makanan & Minuman,markisa 600 ml,Jawa Timur,Surabaya,5445960
01-11-2022,PHI Mini Market - Surabaya 01,Ayu Pekerti,W,Makanan & Minuman,mie instant 1 kotak (40 bungkus),Jawa Timur,Surabaya,43016420
01-11-2022,PHI Mini Market - Surabaya 01,Ayu Pekerti,W,Makanan & Minuman,minuman probiotik,Jawa Timur,Surabaya,333590
01-11-2022,PHI Mini Market - Surabaya 01,Ayu Pekerti,W,Makanan & Minuman,nasi goreng instant (1 ons),Jawa Timur,Surabaya,1988450
01-11-2022,PHI Mini Market - Surabaya 01,Ayu Pekerti,W,Makanan & Minuman,snack gurih 1 ons,Jawa Timur,Surabaya,2121290
01-11-2022,PHI Mini Market - Surabaya 01,Ayu Pekerti,W,Makanan & Minuman,susu kotak (800 ml),Jawa Timur,Surabaya,2572350
01-11-2022,PHI Mini Market - Surabaya 01,Ayu Pekerti,W,Makanan & Minuman,susu kotak 1 l,Jawa Timur,Surabaya,2519250
01-11-2022,PHI Mini Market - Surabaya 01,Ayu Pekerti,W,Makanan & Minuman,telur ayam kampung 1 kg,Jawa Timur,Surabaya,5239840
01-11-2022,PHI Mini Market - Surabaya 01,Ayu Pekerti,W,Makanan & Minuman,telur ayam ras 1 kg,Jawa Timur,Surabaya,4123160
01-11-2022,PHI Mini Market - Surabaya 01,Ayu Pekerti,W,Sayur-Sayuran,bawang merah 1 kg,Jawa Timur,Surabaya,5282320
01-11-2022,PHI Mini Market - Surabaya 01,Ayu Pekerti,W,Sayur-Sayuran,bawang putih 1 kg,Jawa Timur,Surabaya,1150450
01-11-2022,PHI Mini Market - Surabaya 01,Ayu Pekerti,W,Sayur-Sayuran,buncis 1 kg,Jawa Timur,Surabaya,1808550
01-11-2022,PHI Mini Market - Surabaya 01,Ayu Pekerti,W,Sayur-Sayuran,kacang hijau 1 kg,Jawa Timur,Surabaya,2809330
01-11-2022,PHI Mini Market - Surabaya 01,Ayu Pekerti,W,Sayur-Sayuran,kacang panjang 1 kg,Jawa Timur,Surabaya,2371600
01-11-2022,PHI Mini Market - Surabaya 01,Ayu Pekerti,W,Sayur-Sayuran,kentang 1 kg,Jawa Timur,Surabaya,2984770
01-11-2022,PHI Mini Market - Surabaya 01,Ayu Pekerti,W,Sayur-Sayuran,ketimun 1 kg,Jawa Timur,Surabaya,1080080
01-11-2022,PHI Mini Market - Surabaya 01,Ayu Pekerti,W,Sayur-Sayuran,kobis 1 kg,Jawa Timur,Surabaya,409830
01-11-2022,PHI Mini Market - Surabaya 01,Ayu Pekerti,W,Sayur-Sayuran,tomat 1 kg,Jawa Timur,Surabaya,1342290
01-11-2022,PHI Mini Market - Surabaya 01,Ayu Pekerti,W,Sayur-Sayuran,ubi jalar 1 kg,Jawa Timur,Surabaya,327300
01-11-2022,PHI Mini Market - Surabaya 01,Ayu Pekerti,W,Sayur-Sayuran,ubi kayu basah 1 kg,Jawa Timur,Surabaya,307130
01-11-2022,PHI Mini Market - Surabaya 01,Ayu Pekerti,W,Sayur-Sayuran,wortel 1 kg,Jawa Timur,Surabaya,1429080
01-11-2022,PHI Mini Market - Surabaya 01,Budi Tenteram,P,Buah,alpukat 1 kg,Jawa Timur,Surabaya,2070320
01-11-2022,PHI Mini Market - Surabaya 01,Budi Tenteram,P,Buah,apel 1 kg,Jawa Timur,Surabaya,16479350
01-11-2022,PHI Mini Market - Surabaya 01,Budi Tenteram,P,Buah,belimbing 1 kg,Jawa Timur,Surabaya,1048700
01-11-2022,PHI Mini Market - Surabaya 01,Budi Tenteram,P,Buah,durian 1 kg,Jawa Timur,Surabaya,7995670
01-11-2022,PHI Mini Market - Surabaya 01,Budi Tenteram,P,Buah,jeruk 1 kg,Jawa Timur,Surabaya,3836030
01-11-2022,PHI Mini Market - Surabaya 01,Budi Tenteram,P,Buah,kelapa muda,Jawa Timur,Surabaya,1763990
01-11-2022,PHI Mini Market - Surabaya 01,Budi Tenteram,P,Makanan & Minuman,air mineral 600 ml,Jawa Timur,Surabaya,285380
01-11-2022,PHI Mini Market - Surabaya 01,Budi Tenteram,P,Makanan & Minuman,bumbu fried chicken,Jawa Timur,Surabaya,5671760
01-11-2022,PHI Mini Market - Surabaya 01,Budi Tenteram,P,Makanan & Minuman,jus kesehatan 600 ml,Jawa Timur,Surabaya,2476050
01-11-2022,PHI Mini Market - Surabaya 01,Budi Tenteram,P,Makanan & Minuman,kacang goreng 1 kg,Jawa Timur,Surabaya,3495430
01-11-2022,PHI Mini Market - Surabaya 01,Budi Tenteram,P,Makanan & Minuman,kacang mete 1 kg,Jawa Timur,Surabaya,19824030
01-11-2022,PHI Mini Market - Surabaya 01,Budi Tenteram,P,Makanan & Minuman,markisa 600 ml,Jawa Timur,Surabaya,4918390
01-11-2022,PHI Mini Market - Surabaya 01,Budi Tenteram,P,Makanan & Minuman,mie instant 1 kotak (40 bungkus),Jawa Timur,Surabaya,24176380
01-11-2022,PHI Mini Market - Surabaya 01,Budi Tenteram,P,Makanan & Minuman,minuman probiotik,Jawa Timur,Surabaya,391190
01-11-2022,PHI Mini Market - Surabaya 01,Budi Tenteram,P,Makanan & Minuman,nasi goreng instant (1 ons),Jawa Timur,Surabaya,1768820
01-11-2022,PHI Mini Market - Surabaya 01,Budi Tenteram,P,Makanan & Minuman,snack gurih 1 ons,Jawa Timur,Surabaya,1396900
01-11-2022,PHI Mini Market - Surabaya 01,Budi Tenteram,P,Makanan & Minuman,susu kotak (800 ml),Jawa Timur,Surabaya,6051750
01-11-2022,PHI Mini Market - Surabaya 01,Budi Tenteram,P,Makanan & Minuman,susu kotak 1 l,Jawa Timur,Surabaya,3403560
01-11-2022,PHI Mini Market - Surabaya 01,Budi Tenteram,P,Makanan & Minuman,telur ayam kampung 1 kg,Jawa Timur,Surabaya,7055480
01-11-2022,PHI Mini Market - Surabaya 01,Budi Tenteram,P,Makanan & Minuman,telur ayam ras 1 kg,Jawa Timur,Surabaya,3563900
01-11-2022,PHI Mini Market - Surabaya 01,Budi Tenteram,P,Sayur-Sayuran,bawang merah 1 kg,Jawa Timur,Surabaya,3918910
01-11-2022,PHI Mini Market - Surabaya 01,Budi Tenteram,P,Sayur-Sayuran,bawang putih 1 kg,Jawa Timur,Surabaya,1373840
01-11-2022,PHI Mini Market - Surabaya 01,Budi Tenteram,P,Sayur-Sayuran,buncis 1 kg,Jawa Timur,Surabaya,1540290
01-11-2022,PHI Mini Market - Surabaya 01,Budi Tenteram,P,Sayur-Sayuran,kacang hijau 1 kg,Jawa Timur,Surabaya,2065880
01-11-2022,PHI Mini Market - Surabaya 01,Budi Tenteram,P,Sayur-Sayuran,kacang panjang 1 kg,Jawa Timur,Surabaya,2172340
01-11-2022,PHI Mini Market - Surabaya 01,Budi Tenteram,P,Sayur-Sayuran,kentang 1 kg,Jawa Timur,Surabaya,2770770
01-11-2022,PHI Mini Market - Surabaya 01,Budi Tenteram,P,Sayur-Sayuran,ketimun 1 kg,Jawa Timur,Surabaya,1656860
01-11-2022,PHI Mini Market - Surabaya 01,Budi Tenteram,P,Sayur-Sayuran,kobis 1 kg,Jawa Timur,Surabaya,432710
01-11-2022,PHI Mini Market - Surabaya 01,Budi Tenteram,P,Sayur-Sayuran,tomat 1 kg,Jawa Timur,Surabaya,1448710
01-11-2022,PHI Mini Market - Surabaya 01,Budi Tenteram,P,Sayur-Sayuran,ubi jalar 1 kg,Jawa Timur,Surabaya,332100
01-11-2022,PHI Mini Market - Surabaya 01,Budi Tenteram,P,Sayur-Sayuran,ubi kayu basah 1 kg,Jawa Timur,Surabaya,448980
01-11-2022,PHI Mini Market - Surabaya 01,Budi Tenteram,P,Sayur-Sayuran,wortel 1 kg,Jawa Timur,Surabaya,1427200
01-11-2022,PHI Mini Market - Surabaya 01,Galang Setiawan,P,Buah,alpukat 1 kg,Jawa Timur,Surabaya,2101240
01-11-2022,PHI Mini Market - Surabaya 01,Galang Setiawan,P,Buah,apel 1 kg,Jawa Timur,Surabaya,16904940
01-11-2022,PHI Mini Market - Surabaya 01,Galang Setiawan,P,Buah,belimbing 1 kg,Jawa Timur,Surabaya,1682070
01-11-2022,PHI Mini Market - Surabaya 01,Galang Setiawan,P,Buah,durian 1 kg,Jawa Timur,Surabaya,5157760
01-11-2022,PHI Mini Market - Surabaya 01,Galang Setiawan,P,Buah,jeruk 1 kg,Jawa Timur,Surabaya,4926120
01-11-2022,PHI Mini Market - Surabaya 01,Galang Setiawan,P,Buah,kelapa muda,Jawa Timur,Surabaya,1799750
01-11-2022,PHI Mini Market - Surabaya 01,Galang Setiawan,P,Buah,mangga 1 kg,Jawa Timur,Surabaya,5618280
01-11-2022,PHI Mini Market - Surabaya 01,Galang Setiawan,P,Makanan & Minuman,air mineral 600 ml,Jawa Timur,Surabaya,423740
01-11-2022,PHI Mini Market - Surabaya 01,Galang Setiawan,P,Makanan & Minuman,bumbu fried chicken,Jawa Timur,Surabaya,4295720
01-11-2022,PHI Mini Market - Surabaya 01,Galang Setiawan,P,Makanan & Minuman,jus kesehatan 600 ml,Jawa Timur,Surabaya,4258060
01-11-2022,PHI Mini Market - Surabaya 01,Galang Setiawan,P,Makanan & Minuman,kacang goreng 1 kg,Jawa Timur,Surabaya,3320790
01-11-2022,PHI Mini Market - Surabaya 01,Galang Setiawan,P,Makanan & Minuman,kacang mete 1 kg,Jawa Timur,Surabaya,23922170
01-11-2022,PHI Mini Market - Surabaya 01,Galang Setiawan,P,Makanan & Minuman,markisa 600 ml,Jawa Timur,Surabaya,5242170
01-11-2022,PHI Mini Market - Surabaya 01,Galang Setiawan,P,Makanan & Minuman,mie instant 1 kotak (40 bungkus),Jawa Timur,Surabaya,39597800
01-11-2022,PHI Mini Market - Surabaya 01,Galang Setiawan,P,Makanan & Minuman,minuman probiotik,Jawa Timur,Surabaya,213560
01-11-2022,PHI Mini Market - Surabaya 01,Galang Setiawan,P,Makanan & Minuman,nasi goreng instant (1 ons),Jawa Timur,Surabaya,1641170
01-11-2022,PHI Mini Market - Surabaya 01,Galang Setiawan,P,Makanan & Minuman,snack gurih 1 ons,Jawa Timur,Surabaya,1665370
01-11-2022,PHI Mini Market - Surabaya 01,Galang Setiawan,P,Makanan & Minuman,susu kotak (800 ml),Jawa Timur,Surabaya,4249480
01-11-2022,PHI Mini Market - Surabaya 01,Galang Setiawan,P,Makanan & Minuman,susu kotak 1 l,Jawa Timur,Surabaya,2389890
01-11-2022,PHI Mini Market - Surabaya 01,Galang Setiawan,P,Makanan & Minuman,telur ayam kampung 1 kg,Jawa Timur,Surabaya,4100670
01-11-2022,PHI Mini Market - Surabaya 01,Galang Setiawan,P,Makanan & Minuman,telur ayam ras 1 kg,Jawa Timur,Surabaya,4223810
01-11-2022,PHI Mini Market - Surabaya 01,Galang Setiawan,P,Sayur-Sayuran,bawang merah 1 kg,Jawa Timur,Surabaya,2742050
01-11-2022,PHI Mini Market - Surabaya 01,Galang Setiawan,P,Sayur-Sayuran,bawang putih 1 kg,Jawa Timur,Surabaya,1250600
01-11-2022,PHI Mini Market - Surabaya 01,Galang Setiawan,P,Sayur-Sayuran,buncis 1 kg,Jawa Timur,Surabaya,2442950
01-11-2022,PHI Mini Market - Surabaya 01,Galang Setiawan,P,Sayur-Sayuran,kacang hijau 1 kg,Jawa Timur,Surabaya,2820260
01-11-2022,PHI Mini Market - Surabaya 01,Galang Setiawan,P,Sayur-Sayuran,kacang panjang 1 kg,Jawa Timur,Surabaya,2579380
01-11-2022,PHI Mini Market - Surabaya 01,Galang Setiawan,P,Sayur-Sayuran,kentang 1 kg,Jawa Timur,Surabaya,2548580
01-11-2022,PHI Mini Market - Surabaya 01,Galang Setiawan,P,Sayur-Sayuran,ketimun 1 kg,Jawa Timur,Surabaya,1658310
01-11-2022,PHI Mini Market - Surabaya 01,Galang Setiawan,P,Sayur-Sayuran,kobis 1 kg,Jawa Timur,Surabaya,277310
01-11-2022,PHI Mini Market - Surabaya 01,Galang Setiawan,P,Sayur-Sayuran,tomat 1 kg,Jawa Timur,Surabaya,1198660
01-11-2022,PHI Mini Market - Surabaya 01,Galang Setiawan,P,Sayur-Sayuran,ubi jalar 1 kg,Jawa Timur,Surabaya,422760
01-11-2022,PHI Mini Market - Surabaya 01,Galang Setiawan,P,Sayur-Sayuran,ubi kayu basah 1 kg,Jawa Timur,Surabaya,309440
01-11-2022,PHI Mini Market - Surabaya 01,Galang Setiawan,P,Sayur-Sayuran,wortel 1 kg,Jawa Timur,Surabaya,862730
01-11-2022,PHI Mini Market - Surabaya 01,Harum Selangit,W,Buah,alpukat 1 kg,Jawa Timur,Surabaya,1598540
01-11-2022,PHI Mini Market - Surabaya 01,Harum Selangit,W,Buah,apel 1 kg,Jawa Timur,Surabaya,7988900
01-11-2022,PHI Mini Market - Surabaya 01,Harum Selangit,W,Buah,belimbing 1 kg,Jawa Timur,Surabaya,1063680
01-11-2022,PHI Mini Market - Surabaya 01,Harum Selangit,W,Buah,durian 1 kg,Jawa Timur,Surabaya,5198400
01-11-2022,PHI Mini Market - Surabaya 01,Harum Selangit,W,Buah,jeruk 1 kg,Jawa Timur,Surabaya,2688860
01-11-2022,PHI Mini Market - Surabaya 01,Harum Selangit,W,Buah,kelapa muda,Jawa Timur,Surabaya,1309750
01-11-2022,PHI Mini Market - Surabaya 01,Harum Selangit,W,Buah,mangga 1 kg,Jawa Timur,Surabaya,5952830
01-11-2022,PHI Mini Market - Surabaya 01,Harum Selangit,W,Makanan & Minuman,air mineral 600 ml,Jawa Timur,Surabaya,487090
01-11-2022,PHI Mini Market - Surabaya 01,Harum Selangit,W,Makanan & Minuman,bumbu fried chicken,Jawa Timur,Surabaya,6939070
01-11-2022,PHI Mini Market - Surabaya 01,Harum Selangit,W,Makanan & Minuman,jus kesehatan 600 ml,Jawa Timur,Surabaya,3657910
01-11-2022,PHI Mini Market - Surabaya 01,Harum Selangit,W,Makanan & Minuman,kacang goreng 1 kg,Jawa Timur,Surabaya,2936510
01-11-2022,PHI Mini Market - Surabaya 01,Harum Selangit,W,Makanan & Minuman,kacang mete 1 kg,Jawa Timur,Surabaya,22934700
01-11-2022,PHI Mini Market - Surabaya 01,Harum Selangit,W,Makanan & Minuman,markisa 600 ml,Jawa Timur,Surabaya,4280620
01-11-2022,PHI Mini Market - Surabaya 01,Harum Selangit,W,Makanan & Minuman,mie instant 1 kotak (40 bungkus),Jawa Timur,Surabaya,37013080
01-11-2022,PHI Mini Market - Surabaya 01,Harum Selangit,W,Makanan & Minuman,minuman probiotik,Jawa Timur,Surabaya,347610
01-11-2022,PHI Mini Market - Surabaya 01,Harum Selangit,W,Makanan & Minuman,nasi goreng instant (1 ons),Jawa Timur,Surabaya,1820020
01-11-2022,PHI Mini Market - Surabaya 01,Harum Selangit,W,Makanan & Minuman,snack gurih 1 ons,Jawa Timur,Surabaya,2149980
01-11-2022,PHI Mini Market - Surabaya 01,Harum Selangit,W,Makanan & Minuman,susu kotak (800 ml),Jawa Timur,Surabaya,4992960
01-11-2022,PHI Mini Market - Surabaya 01,Harum Selangit,W,Makanan & Minuman,susu kotak 1 l,Jawa Timur,Surabaya,3735950
01-11-2022,PHI Mini Market - Surabaya 01,Harum Selangit,W,Makanan & Minuman,telur ayam kampung 1 kg,Jawa Timur,Surabaya,5068320
01-11-2022,PHI Mini Market - Surabaya 01,Harum Selangit,W,Makanan & Minuman,telur ayam ras 1 kg,Jawa Timur,Surabaya,3411260
01-11-2022,PHI Mini Market - Surabaya 01,Harum Selangit,W,Sayur-Sayuran,bawang merah 1 kg,Jawa Timur,Surabaya,4453710
01-11-2022,PHI Mini Market - Surabaya 01,Harum Selangit,W,Sayur-Sayuran,bawang putih 1 kg,Jawa Timur,Surabaya,1409030
01-11-2022,PHI Mini Market - Surabaya 01,Harum Selangit,W,Sayur-Sayuran,buncis 1 kg,Jawa Timur,Surabaya,2039990
01-11-2022,PHI Mini Market - Surabaya 01,Harum Selangit,W,Sayur-Sayuran,kacang hijau 1 kg,Jawa Timur,Surabaya,1287430
01-11-2022,PHI Mini Market - Surabaya 01,Harum Selangit,W,Sayur-Sayuran,kacang panjang 1 kg,Jawa Timur,Surabaya,2350050
01-11-2022,PHI Mini Market - Surabaya 01,Harum Selangit,W,Sayur-Sayuran,kentang 1 kg,Jawa Timur,Surabaya,3725350
01-11-2022,PHI Mini Market - Surabaya 01,Harum Selangit,W,Sayur-Sayuran,ketimun 1 kg,Jawa Timur,Surabaya,1660130
01-11-2022,PHI Mini Market - Surabaya 01,Harum Selangit,W,Sayur-Sayuran,kobis 1 kg,Jawa Timur,Surabaya,333870
01-11-2022,PHI Mini Market - Surabaya 01,Harum Selangit,W,Sayur-Sayuran,tomat 1 kg,Jawa Timur,Surabaya,2231590
01-11-2022,PHI Mini Market - Surabaya 01,Harum Selangit,W,Sayur-Sayuran,ubi jalar 1 kg,Jawa Timur,Surabaya,264650
01-11-2022,PHI Mini Market - Surabaya 01,Harum Selangit,W,Sayur-Sayuran,ubi kayu basah 1 kg,Jawa Timur,Surabaya,329420
01-11-2022,PHI Mini Market - Surabaya 01,Harum Selangit,W,Sayur-Sayuran,wortel 1 kg,Jawa Timur,Surabaya,803570
01-11-2022,PHI Mini Market - Surabaya 01,Mariani Damai,W,Buah,alpukat 1 kg,Jawa Timur,Surabaya,2130650
01-11-2022,PHI Mini Market - Surabaya 01,Mariani Damai,W,Buah,apel 1 kg,Jawa Timur,Surabaya,16468200
01-11-2022,PHI Mini Market - Surabaya 01,Mariani Damai,W,Buah,belimbing 1 kg,Jawa Timur,Surabaya,1717950
01-11-2022,PHI Mini Market - Surabaya 01,Mariani Damai,W,Buah,durian 1 kg,Jawa Timur,Surabaya,5816920
01-11-2022,PHI Mini Market - Surabaya 01,Mariani Damai,W,Buah,jeruk 1 kg,Jawa Timur,Surabaya,4554160
01-11-2022,PHI Mini Market - Surabaya 01,Mariani Damai,W,Buah,kelapa muda,Jawa Timur,Surabaya,1434250
01-11-2022,PHI Mini Market - Surabaya 01,Mariani Damai,W,Makanan & Minuman,air mineral 600 ml,Jawa Timur,Surabaya,283790
01-11-2022,PHI Mini Market - Surabaya 01,Mariani Damai,W,Makanan & Minuman,bumbu fried chicken,Jawa Timur,Surabaya,5087340
01-11-2022,PHI Mini Market - Surabaya 01,Mariani Damai,W,Makanan & Minuman,jus kesehatan 600 ml,Jawa Timur,Surabaya,3319200
01-11-2022,PHI Mini Market - Surabaya 01,Mariani Damai,W,Makanan & Minuman,kacang goreng 1 kg,Jawa Timur,Surabaya,4284050
01-11-2022,PHI Mini Market - Surabaya 01,Mariani Damai,W,Makanan & Minuman,kacang mete 1 kg,Jawa Timur,Surabaya,30733090
01-11-2022,PHI Mini Market - Surabaya 01,Mariani Damai,W,Makanan & Minuman,markisa 600 ml,Jawa Timur,Surabaya,6957230
01-11-2022,PHI Mini Market - Surabaya 01,Mariani Damai,W,Makanan & Minuman,mie instant 1 kotak (40 bungkus),Jawa Timur,Surabaya,29594230
01-11-2022,PHI Mini Market - Surabaya 01,Mariani Damai,W,Makanan & Minuman,minuman probiotik,Jawa Timur,Surabaya,185470
01-11-2022,PHI Mini Market - Surabaya 01,Mariani Damai,W,Makanan & Minuman,nasi goreng instant (1 ons),Jawa Timur,Surabaya,1570890
01-11-2022,PHI Mini Market - Surabaya 01,Mariani Damai,W,Makanan & Minuman,snack gurih 1 ons,Jawa Timur,Surabaya,1663120
01-11-2022,PHI Mini Market - Surabaya 01,Mariani Damai,W,Makanan & Minuman,susu kotak (800 ml),Jawa Timur,Surabaya,4962650
01-11-2022,PHI Mini Market - Surabaya 01,Mariani Damai,W,Makanan & Minuman,susu kotak 1 l,Jawa Timur,Surabaya,3762790
01-11-2022,PHI Mini Market - Surabaya 01,Mariani Damai,W,Makanan & Minuman,telur ayam kampung 1 kg,Jawa Timur,Surabaya,5590900
01-11-2022,PHI Mini Market - Surabaya 01,Mariani Damai,W,Makanan & Minuman,telur ayam ras 1 kg,Jawa Timur,Surabaya,4264390
01-11-2022,PHI Mini Market - Surabaya 01,Mariani Damai,W,Sayur-Sayuran,bawang merah 1 kg,Jawa Timur,Surabaya,4442380
01-11-2022,PHI Mini Market - Surabaya 01,Mariani Damai,W,Sayur-Sayuran,bawang putih 1 kg,Jawa Timur,Surabaya,1176130
01-11-2022,PHI Mini Market - Surabaya 01,Mariani Damai,W,Sayur-Sayuran,buncis 1 kg,Jawa Timur,Surabaya,1324720
01-11-2022,PHI Mini Market - Surabaya 01,Mariani Damai,W,Sayur-Sayuran,kacang hijau 1 kg,Jawa Timur,Surabaya,2627510
01-11-2022,PHI Mini Market - Surabaya 01,Mariani Damai,W,Sayur-Sayuran,kacang panjang 1 kg,Jawa Timur,Surabaya,2495770
01-11-2022,PHI Mini Market - Surabaya 01,Mariani Damai,W,Sayur-Sayuran,kentang 1 kg,Jawa Timur,Surabaya,1792680
01-11-2022,PHI Mini Market - Surabaya 01,Mariani Damai,W,Sayur-Sayuran,ketimun 1 kg,Jawa Timur,Surabaya,926870
01-11-2022,PHI Mini Market - Surabaya 01,Mariani Damai,W,Sayur-Sayuran,kobis 1 kg,Jawa Timur,Surabaya,434180
01-11-2022,PHI Mini Market - Surabaya 01,Mariani Damai,W,Sayur-Sayuran,tomat 1 kg,Jawa Timur,Surabaya,1246610
01-11-2022,PHI Mini Market - Surabaya 01,Mariani Damai,W,Sayur-Sayuran,ubi jalar 1 kg,Jawa Timur,Surabaya,286310
01-11-2022,PHI Mini Market - Surabaya 01,Mariani Damai,W,Sayur-Sayuran,ubi kayu basah 1 kg,Jawa Timur,Surabaya,417240
01-11-2022,PHI Mini Market - Surabaya 01,Mariani Damai,W,Sayur-Sayuran,wortel 1 kg,Jawa Timur,Surabaya,958730
01-11-2022,PHI Mini Market - Surabaya 01,Mulia Setiawan,P,Buah,alpukat 1 kg,Jawa Timur,Surabaya,2022040
01-11-2022,PHI Mini Market - Surabaya 01,Mulia Setiawan,P,Buah,apel 1 kg,Jawa Timur,Surabaya,15523180
01-11-2022,PHI Mini Market - Surabaya 01,Mulia Setiawan,P,Buah,belimbing 1 kg,Jawa Timur,Surabaya,742090
01-11-2022,PHI Mini Market - Surabaya 01,Mulia Setiawan,P,Buah,durian 1 kg,Jawa Timur,Surabaya,6238560
01-11-2022,PHI Mini Market - Surabaya 01,Mulia Setiawan,P,Buah,jeruk 1 kg,Jawa Timur,Surabaya,3137800
01-11-2022,PHI Mini Market - Surabaya 01,Mulia Setiawan,P,Buah,kelapa muda,Jawa Timur,Surabaya,1073210
01-11-2022,PHI Mini Market - Surabaya 01,Mulia Setiawan,P,Buah,mangga 1 kg,Jawa Timur,Surabaya,4858150
01-11-2022,PHI Mini Market - Surabaya 01,Mulia Setiawan,P,Makanan & Minuman,air mineral 600 ml,Jawa Timur,Surabaya,555880
01-11-2022,PHI Mini Market - Surabaya 01,Mulia Setiawan,P,Makanan & Minuman,bumbu fried chicken,Jawa Timur,Surabaya,3897310
01-11-2022,PHI Mini Market - Surabaya 01,Mulia Setiawan,P,Makanan & Minuman,jus kesehatan 600 ml,Jawa Timur,Surabaya,1864650
01-11-2022,PHI Mini Market - Surabaya 01,Mulia Setiawan,P,Makanan & Minuman,kacang goreng 1 kg,Jawa Timur,Surabaya,3244340
01-11-2022,PHI Mini Market - Surabaya 01,Mulia Setiawan,P,Makanan & Minuman,kacang mete 1 kg,Jawa Timur,Surabaya,19832240
01-11-2022,PHI Mini Market - Surabaya 01,Mulia Setiawan,P,Makanan & Minuman,markisa 600 ml,Jawa Timur,Surabaya,3929330
01-11-2022,PHI Mini Market - Surabaya 01,Mulia Setiawan,P,Makanan & Minuman,mie instant 1 kotak (40 bungkus),Jawa Timur,Surabaya,41881250
01-11-2022,PHI Mini Market - Surabaya 01,Mulia Setiawan,P,Makanan & Minuman,minuman probiotik,Jawa Timur,Surabaya,214020
01-11-2022,PHI Mini Market - Surabaya 01,Mulia Setiawan,P,Makanan & Minuman,nasi goreng instant (1 ons),Jawa Timur,Surabaya,2062730
01-11-2022,PHI Mini Market - Surabaya 01,Mulia Setiawan,P,Makanan & Minuman,snack gurih 1 ons,Jawa Timur,Surabaya,1908520
01-11-2022,PHI Mini Market - Surabaya 01,Mulia Setiawan,P,Makanan & Minuman,susu kotak (800 ml),Jawa Timur,Surabaya,4500650
01-11-2022,PHI Mini Market - Surabaya 01,Mulia Setiawan,P,Makanan & Minuman,susu kotak 1 l,Jawa Timur,Surabaya,2642700
01-11-2022,PHI Mini Market - Surabaya 01,Mulia Setiawan,P,Makanan & Minuman,telur ayam kampung 1 kg,Jawa Timur,Surabaya,5671060
01-11-2022,PHI Mini Market - Surabaya 01,Mulia Setiawan,P,Makanan & Minuman,telur ayam ras 1 kg,Jawa Timur,Surabaya,3727230
01-11-2022,PHI Mini Market - Surabaya 01,Mulia Setiawan,P,Sayur-Sayuran,bawang merah 1 kg,Jawa Timur,Surabaya,2076160
01-11-2022,PHI Mini Market - Surabaya 01,Mulia Setiawan,P,Sayur-Sayuran,bawang putih 1 kg,Jawa Timur,Surabaya,965800
01-11-2022,PHI Mini Market - Surabaya 01,Mulia Setiawan,P,Sayur-Sayuran,buncis 1 kg,Jawa Timur,Surabaya,1977620
01-11-2022,PHI Mini Market - Surabaya 01,Mulia Setiawan,P,Sayur-Sayuran,kacang hijau 1 kg,Jawa Timur,Surabaya,1672420
01-11-2022,PHI Mini Market - Surabaya 01,Mulia Setiawan,P,Sayur-Sayuran,kacang panjang 1 kg,Jawa Timur,Surabaya,2222860
01-11-2022,PHI Mini Market - Surabaya 01,Mulia Setiawan,P,Sayur-Sayuran,kentang 1 kg,Jawa Timur,Surabaya,2490780
01-11-2022,PHI Mini Market - Surabaya 01,Mulia Setiawan,P,Sayur-Sayuran,ketimun 1 kg,Jawa Timur,Surabaya,1774240
01-11-2022,PHI Mini Market - Surabaya 01,Mulia Setiawan,P,Sayur-Sayuran,kobis 1 kg,Jawa Timur,Surabaya,413570
01-11-2022,PHI Mini Market - Surabaya 01,Mulia Setiawan,P,Sayur-Sayuran,tomat 1 kg,Jawa Timur,Surabaya,1423270
01-11-2022,PHI Mini Market - Surabaya 01,Mulia Setiawan,P,Sayur-Sayuran,ubi jalar 1 kg,Jawa Timur,Surabaya,211150
01-11-2022,PHI Mini Market - Surabaya 01,Mulia Setiawan,P,Sayur-Sayuran,ubi kayu basah 1 kg,Jawa Timur,Surabaya,321460
01-11-2022,PHI Mini Market - Surabaya 01,Mulia Setiawan,P,Sayur-Sayuran,wortel 1 kg,Jawa Timur,Surabaya,1094940
01-11-2022,PHI Mini Market - Surabaya 01,Mulyo Damai,P,Buah,alpukat 1 kg,Jawa Timur,Surabaya,1881260
01-11-2022,PHI Mini Market - Surabaya 01,Mulyo Damai,P,Buah,apel 1 kg,Jawa Timur,Surabaya,14278090
01-11-2022,PHI Mini Market - Surabaya 01,Mulyo Damai,P,Buah,belimbing 1 kg,Jawa Timur,Surabaya,1791020
01-11-2022,PHI Mini Market - Surabaya 01,Mulyo Damai,P,Buah,durian 1 kg,Jawa Timur,Surabaya,4962790
01-11-2022,PHI Mini Market - Surabaya 01,Mulyo Damai,P,Buah,jeruk 1 kg,Jawa Timur,Surabaya,4807940
01-11-2022,PHI Mini Market - Surabaya 01,Mulyo Damai,P,Buah,kelapa muda,Jawa Timur,Surabaya,1634060
01-11-2022,PHI Mini Market - Surabaya 01,Mulyo Damai,P,Makanan & Minuman,air mineral 600 ml,Jawa Timur,Surabaya,467180
01-11-2022,PHI Mini Market - Surabaya 01,Mulyo Damai,P,Makanan & Minuman,bumbu fried chicken,Jawa Timur,Surabaya,4260500
01-11-2022,PHI Mini Market - Surabaya 01,Mulyo Damai,P,Makanan & Minuman,jus kesehatan 600 ml,Jawa Timur,Surabaya,3003360
01-11-2022,PHI Mini Market - Surabaya 01,Mulyo Damai,P,Makanan & Minuman,kacang goreng 1 kg,Jawa Timur,Surabaya,3859260
01-11-2022,PHI Mini Market - Surabaya 01,Mulyo Damai,P,Makanan & Minuman,kacang mete 1 kg,Jawa Timur,Surabaya,19480960
01-11-2022,PHI Mini Market - Surabaya 01,Mulyo Damai,P,Makanan & Minuman,markisa 600 ml,Jawa Timur,Surabaya,5567730
01-11-2022,PHI Mini Market - Surabaya 01,Mulyo Damai,P,Makanan & Minuman,mie instant 1 kotak (40 bungkus),Jawa Timur,Surabaya,24600070
01-11-2022,PHI Mini Market - Surabaya 01,Mulyo Damai,P,Makanan & Minuman,minuman probiotik,Jawa Timur,Surabaya,213930
01-11-2022,PHI Mini Market - Surabaya 01,Mulyo Damai,P,Makanan & Minuman,nasi goreng instant (1 ons),Jawa Timur,Surabaya,1576630
01-11-2022,PHI Mini Market - Surabaya 01,Mulyo Damai,P,Makanan & Minuman,snack gurih 1 ons,Jawa Timur,Surabaya,2101580
01-11-2022,PHI Mini Market - Surabaya 01,Mulyo Damai,P,Makanan & Minuman,susu kotak (800 ml),Jawa Timur,Surabaya,3843220
01-11-2022,PHI Mini Market - Surabaya 01,Mulyo Damai,P,Makanan & Minuman,susu kotak 1 l,Jawa Timur,Surabaya,3175630
01-11-2022,PHI Mini Market - Surabaya 01,Mulyo Damai,P,Makanan & Minuman,telur ayam kampung 1 kg,Jawa Timur,Surabaya,6064570
01-11-2022,PHI Mini Market - Surabaya 01,Mulyo Damai,P,Makanan & Minuman,telur ayam ras 1 kg,Jawa Timur,Surabaya,4327880
01-11-2022,PHI Mini Market - Surabaya 01,Mulyo Damai,P,Sayur-Sayuran,bawang merah 1 kg,Jawa Timur,Surabaya,3062060
01-11-2022,PHI Mini Market - Surabaya 01,Mulyo Damai,P,Sayur-Sayuran,bawang putih 1 kg,Jawa Timur,Surabaya,1269030
01-11-2022,PHI Mini Market - Surabaya 01,Mulyo Damai,P,Sayur-Sayuran,buncis 1 kg,Jawa Timur,Surabaya,959610
01-11-2022,PHI Mini Market - Surabaya 01,Mulyo Damai,P,Sayur-Sayuran,kacang hijau 1 kg,Jawa Timur,Surabaya,2120530
01-11-2022,PHI Mini Market - Surabaya 01,Mulyo Damai,P,Sayur-Sayuran,kacang panjang 1 kg,Jawa Timur,Surabaya,3306610
01-11-2022,PHI Mini Market - Surabaya 01,Mulyo Damai,P,Sayur-Sayuran,kentang 1 kg,Jawa Timur,Surabaya,2471340
01-11-2022,PHI Mini Market - Surabaya 01,Mulyo Damai,P,Sayur-Sayuran,ketimun 1 kg,Jawa Timur,Surabaya,1364120
01-11-2022,PHI Mini Market - Surabaya 01,Mulyo Damai,P,Sayur-Sayuran,kobis 1 kg,Jawa Timur,Surabaya,355750
01-11-2022,PHI Mini Market - Surabaya 01,Mulyo Damai,P,Sayur-Sayuran,tomat 1 kg,Jawa Timur,Surabaya,2137770
01-11-2022,PHI Mini Market - Surabaya 01,Mulyo Damai,P,Sayur-Sayuran,ubi jalar 1 kg,Jawa Timur,Surabaya,265120
01-11-2022,PHI Mini Market - Surabaya 01,Mulyo Damai,P,Sayur-Sayuran,ubi kayu basah 1 kg,Jawa Timur,Surabaya,192710
01-11-2022,PHI Mini Market - Surabaya 01,Mulyo Damai,P,Sayur-Sayuran,wortel 1 kg,Jawa Timur,Surabaya,1160360
01-11-2022,PHI Mini Market - Surabaya 01,Natali Menawan,W,Buah,alpukat 1 kg,Jawa Timur,Surabaya,4230240
01-11-2022,PHI Mini Market - Surabaya 01,Natali Menawan,W,Buah,apel 1 kg,Jawa Timur,Surabaya,32967660
01-11-2022,PHI Mini Market - Surabaya 01,Natali Menawan,W,Buah,belimbing 1 kg,Jawa Timur,Surabaya,2887330
01-11-2022,PHI Mini Market - Surabaya 01,Natali Menawan,W,Buah,durian 1 kg,Jawa Timur,Surabaya,11737070
01-11-2022,PHI Mini Market - Surabaya 01,Natali Menawan,W,Buah,jeruk 1 kg,Jawa Timur,Surabaya,7319080
01-11-2022,PHI Mini Market - Surabaya 01,Natali Menawan,W,Buah,kelapa muda,Jawa Timur,Surabaya,3266750
01-11-2022,PHI Mini Market - Surabaya 01,Natali Menawan,W,Buah,mangga 1 kg,Jawa Timur,Surabaya,10845580
01-11-2022,PHI Mini Market - Surabaya 01,Natali Menawan,W,Makanan & Minuman,air mineral 600 ml,Jawa Timur,Surabaya,906420
01-11-2022,PHI Mini Market - Surabaya 01,Natali Menawan,W,Makanan & Minuman,bumbu fried chicken,Jawa Timur,Surabaya,9724560
01-11-2022,PHI Mini Market - Surabaya 01,Natali Menawan,W,Makanan & Minuman,jus kesehatan 600 ml,Jawa Timur,Surabaya,5824730
01-11-2022,PHI Mini Market - Surabaya 01,Natali Menawan,W,Makanan & Minuman,kacang goreng 1 kg,Jawa Timur,Surabaya,9284000
01-11-2022,PHI Mini Market - Surabaya 01,Natali Menawan,W,Makanan & Minuman,kacang mete 1 kg,Jawa Timur,Surabaya,44175480
01-11-2022,PHI Mini Market - Surabaya 01,Natali Menawan,W,Makanan & Minuman,markisa 600 ml,Jawa Timur,Surabaya,8512260
01-11-2022,PHI Mini Market - Surabaya 01,Natali Menawan,W,Makanan & Minuman,mie instant 1 kotak (40 bungkus),Jawa Timur,Surabaya,62551940
01-11-2022,PHI Mini Market - Surabaya 01,Natali Menawan,W,Makanan & Minuman,minuman probiotik,Jawa Timur,Surabaya,561220
01-11-2022,PHI Mini Market - Surabaya 01,Natali Menawan,W,Makanan & Minuman,nasi goreng instant (1 ons),Jawa Timur,Surabaya,3174680
01-11-2022,PHI Mini Market - Surabaya 01,Natali Menawan,W,Makanan & Minuman,snack gurih 1 ons,Jawa Timur,Surabaya,2988330
01-11-2022,PHI Mini Market - Surabaya 01,Natali Menawan,W,Makanan & Minuman,susu kotak (800 ml),Jawa Timur,Surabaya,7260990
01-11-2022,PHI Mini Market - Surabaya 01,Natali Menawan,W,Makanan & Minuman,susu kotak 1 l,Jawa Timur,Surabaya,7965930
01-11-2022,PHI Mini Market - Surabaya 01,Natali Menawan,W,Makanan & Minuman,telur ayam kampung 1 kg,Jawa Timur,Surabaya,15192510
01-11-2022,PHI Mini Market - Surabaya 01,Natali Menawan,W,Makanan & Minuman,telur ayam ras 1 kg,Jawa Timur,Surabaya,8000250
01-11-2022,PHI Mini Market - Surabaya 01,Natali Menawan,W,Sayur-Sayuran,bawang merah 1 kg,Jawa Timur,Surabaya,6137430
01-11-2022,PHI Mini Market - Surabaya 01,Natali Menawan,W,Sayur-Sayuran,bawang putih 1 kg,Jawa Timur,Surabaya,2981530
01-11-2022,PHI Mini Market - Surabaya 01,Natali Menawan,W,Sayur-Sayuran,buncis 1 kg,Jawa Timur,Surabaya,3873050
01-11-2022,PHI Mini Market - Surabaya 01,Natali Menawan,W,Sayur-Sayuran,kacang hijau 1 kg,Jawa Timur,Surabaya,3771620
01-11-2022,PHI Mini Market - Surabaya 01,Natali Menawan,W,Sayur-Sayuran,kacang panjang 1 kg,Jawa Timur,Surabaya,5937470
01-11-2022,PHI Mini Market - Surabaya 01,Natali Menawan,W,Sayur-Sayuran,kentang 1 kg,Jawa Timur,Surabaya,5198170
01-11-2022,PHI Mini Market - Surabaya 01,Natali Menawan,W,Sayur-Sayuran,ketimun 1 kg,Jawa Timur,Surabaya,3497740
01-11-2022,PHI Mini Market - Surabaya 01,Natali Menawan,W,Sayur-Sayuran,kobis 1 kg,Jawa Timur,Surabaya,602000
01-11-2022,PHI Mini Market - Surabaya 01,Natali Menawan,W,Sayur-Sayuran,tomat 1 kg,Jawa Timur,Surabaya,2768490
01-11-2022,PHI Mini Market - Surabaya 01,Natali Menawan,W,Sayur-Sayuran,ubi jalar 1 kg,Jawa Timur,Surabaya,614340
01-11-2022,PHI Mini Market - Surabaya 01,Natali Menawan,W,Sayur-Sayuran,ubi kayu basah 1 kg,Jawa Timur,Surabaya,581780
01-11-2022,PHI Mini Market - Surabaya 01,Natali Menawan,W,Sayur-Sayuran,wortel 1 kg,Jawa Timur,Surabaya,1821470
01-12-2022,PHI Mini Market - Jakarta Pusat 01,Agung Alexander,P,Buah,alpukat 1 kg,DKI Jakarta,Jakarta Pusat,2147730
01-12-2022,PHI Mini Market - Jakarta Pusat 01,Agung Alexander,P,Buah,apel 1 kg,DKI Jakarta,Jakarta Pusat,20225290
01-12-2022,PHI Mini Market - Jakarta Pusat 01,Agung Alexander,P,Buah,belimbing 1 kg,DKI Jakarta,Jakarta Pusat,821290
01-12-2022,PHI Mini Market - Jakarta Pusat 01,Agung Alexander,P,Buah,durian 1 kg,DKI Jakarta,Jakarta Pusat,5937010
01-12-2022,PHI Mini Market - Jakarta Pusat 01,Agung Alexander,P,Buah,jeruk 1 kg,DKI Jakarta,Jakarta Pusat,4448980
01-12-2022,PHI Mini Market - Jakarta Pusat 01,Agung Alexander,P,Buah,kelapa muda,DKI Jakarta,Jakarta Pusat,1872530
01-12-2022,PHI Mini Market - Jakarta Pusat 01,Agung Alexander,P,Makanan & Minuman,air mineral 600 ml,DKI Jakarta,Jakarta Pusat,459790
01-12-2022,PHI Mini Market - Jakarta Pusat 01,Agung Alexander,P,Makanan & Minuman,bumbu fried chicken,DKI Jakarta,Jakarta Pusat,5379710
01-12-2022,PHI Mini Market - Jakarta Pusat 01,Agung Alexander,P,Makanan & Minuman,jus kesehatan 600 ml,DKI Jakarta,Jakarta Pusat,2708880
01-12-2022,PHI Mini Market - Jakarta Pusat 01,Agung Alexander,P,Makanan & Minuman,kacang goreng 1 kg,DKI Jakarta,Jakarta Pusat,4839910
01-12-2022,PHI Mini Market - Jakarta Pusat 01,Agung Alexander,P,Makanan & Minuman,kacang mete 1 kg,DKI Jakarta,Jakarta Pusat,19699610
01-12-2022,PHI Mini Market - Jakarta Pusat 01,Agung Alexander,P,Makanan & Minuman,markisa 600 ml,DKI Jakarta,Jakarta Pusat,6581310
01-12-2022,PHI Mini Market - Jakarta Pusat 01,Agung Alexander,P,Makanan & Minuman,mie instant 1 kotak (40 bungkus),DKI Jakarta,Jakarta Pusat,35952080
01-12-2022,PHI Mini Market - Jakarta Pusat 01,Agung Alexander,P,Makanan & Minuman,minuman probiotik,DKI Jakarta,Jakarta Pusat,333620
01-12-2022,PHI Mini Market - Jakarta Pusat 01,Agung Alexander,P,Makanan & Minuman,nasi goreng instant (1 ons),DKI Jakarta,Jakarta Pusat,2031430
01-12-2022,PHI Mini Market - Jakarta Pusat 01,Agung Alexander,P,Makanan & Minuman,snack gurih 1 ons,DKI Jakarta,Jakarta Pusat,2217280
01-12-2022,PHI Mini Market - Jakarta Pusat 01,Agung Alexander,P,Makanan & Minuman,susu kotak (800 ml),DKI Jakarta,Jakarta Pusat,3377460
01-12-2022,PHI Mini Market - Jakarta Pusat 01,Agung Alexander,P,Makanan & Minuman,susu kotak 1 l,DKI Jakarta,Jakarta Pusat,3260280
01-12-2022,PHI Mini Market - Jakarta Pusat 01,Agung Alexander,P,Makanan & Minuman,telur ayam kampung 1 kg,DKI Jakarta,Jakarta Pusat,5496100
01-12-2022,PHI Mini Market - Jakarta Pusat 01,Agung Alexander,P,Makanan & Minuman,telur ayam ras 1 kg,DKI Jakarta,Jakarta Pusat,4099640
01-12-2022,PHI Mini Market - Jakarta Pusat 01,Agung Alexander,P,Sayur-Sayuran,bawang merah 1 kg,DKI Jakarta,Jakarta Pusat,3317820
01-12-2022,PHI Mini Market - Jakarta Pusat 01,Agung Alexander,P,Sayur-Sayuran,bawang putih 1 kg,DKI Jakarta,Jakarta Pusat,1124170
01-12-2022,PHI Mini Market - Jakarta Pusat 01,Agung Alexander,P,Sayur-Sayuran,buncis 1 kg,DKI Jakarta,Jakarta Pusat,1325740
01-12-2022,PHI Mini Market - Jakarta Pusat 01,Agung Alexander,P,Sayur-Sayuran,kacang hijau 1 kg,DKI Jakarta,Jakarta Pusat,2615930
01-12-2022,PHI Mini Market - Jakarta Pusat 01,Agung Alexander,P,Sayur-Sayuran,kacang panjang 1 kg,DKI Jakarta,Jakarta Pusat,2489070
01-12-2022,PHI Mini Market - Jakarta Pusat 01,Agung Alexander,P,Sayur-Sayuran,kentang 1 kg,DKI Jakarta,Jakarta Pusat,1877530
01-12-2022,PHI Mini Market - Jakarta Pusat 01,Agung Alexander,P,Sayur-Sayuran,ketimun 1 kg,DKI Jakarta,Jakarta Pusat,1485110
01-12-2022,PHI Mini Market - Jakarta Pusat 01,Agung Alexander,P,Sayur-Sayuran,kobis 1 kg,DKI Jakarta,Jakarta Pusat,303280
01-12-2022,PHI Mini Market - Jakarta Pusat 01,Agung Alexander,P,Sayur-Sayuran,tomat 1 kg,DKI Jakarta,Jakarta Pusat,1522620
01-12-2022,PHI Mini Market - Jakarta Pusat 01,Agung Alexander,P,Sayur-Sayuran,ubi jalar 1 kg,DKI Jakarta,Jakarta Pusat,437310
01-12-2022,PHI Mini Market - Jakarta Pusat 01,Agung Alexander,P,Sayur-Sayuran,ubi kayu basah 1 kg,DKI Jakarta,Jakarta Pusat,311730
01-12-2022,PHI Mini Market - Jakarta Pusat 01,Agung Alexander,P,Sayur-Sayuran,wortel 1 kg,DKI Jakarta,Jakarta Pusat,984810
01-12-2022,PHI Mini Market - Jakarta Pusat 01,Budiwati Ramah,W,Buah,alpukat 1 kg,DKI Jakarta,Jakarta Pusat,2283760
01-12-2022,PHI Mini Market - Jakarta Pusat 01,Budiwati Ramah,W,Buah,apel 1 kg,DKI Jakarta,Jakarta Pusat,16141320
01-12-2022,PHI Mini Market - Jakarta Pusat 01,Budiwati Ramah,W,Buah,belimbing 1 kg,DKI Jakarta,Jakarta Pusat,1003880
01-12-2022,PHI Mini Market - Jakarta Pusat 01,Budiwati Ramah,W,Buah,durian 1 kg,DKI Jakarta,Jakarta Pusat,7576010
01-12-2022,PHI Mini Market - Jakarta Pusat 01,Budiwati Ramah,W,Buah,jeruk 1 kg,DKI Jakarta,Jakarta Pusat,3481360
01-12-2022,PHI Mini Market - Jakarta Pusat 01,Budiwati Ramah,W,Buah,kelapa muda,DKI Jakarta,Jakarta Pusat,2345470
01-12-2022,PHI Mini Market - Jakarta Pusat 01,Budiwati Ramah,W,Buah,mangga 1 kg,DKI Jakarta,Jakarta Pusat,4376180
01-12-2022,PHI Mini Market - Jakarta Pusat 01,Budiwati Ramah,W,Makanan & Minuman,air mineral 600 ml,DKI Jakarta,Jakarta Pusat,349810
01-12-2022,PHI Mini Market - Jakarta Pusat 01,Budiwati Ramah,W,Makanan & Minuman,bumbu fried chicken,DKI Jakarta,Jakarta Pusat,3873760
01-12-2022,PHI Mini Market - Jakarta Pusat 01,Budiwati Ramah,W,Makanan & Minuman,jus kesehatan 600 ml,DKI Jakarta,Jakarta Pusat,2829860
01-12-2022,PHI Mini Market - Jakarta Pusat 01,Budiwati Ramah,W,Makanan & Minuman,kacang goreng 1 kg,DKI Jakarta,Jakarta Pusat,4741880
01-12-2022,PHI Mini Market - Jakarta Pusat 01,Budiwati Ramah,W,Makanan & Minuman,kacang mete 1 kg,DKI Jakarta,Jakarta Pusat,24106250
01-12-2022,PHI Mini Market - Jakarta Pusat 01,Budiwati Ramah,W,Makanan & Minuman,markisa 600 ml,DKI Jakarta,Jakarta Pusat,5622730
01-12-2022,PHI Mini Market - Jakarta Pusat 01,Budiwati Ramah,W,Makanan & Minuman,mie instant 1 kotak (40 bungkus),DKI Jakarta,Jakarta Pusat,41626450
01-12-2022,PHI Mini Market - Jakarta Pusat 01,Budiwati Ramah,W,Makanan & Minuman,minuman probiotik,DKI Jakarta,Jakarta Pusat,288210
01-12-2022,PHI Mini Market - Jakarta Pusat 01,Budiwati Ramah,W,Makanan & Minuman,nasi goreng instant (1 ons),DKI Jakarta,Jakarta Pusat,2172590
01-12-2022,PHI Mini Market - Jakarta Pusat 01,Budiwati Ramah,W,Makanan & Minuman,snack gurih 1 ons,DKI Jakarta,Jakarta Pusat,2473500
01-12-2022,PHI Mini Market - Jakarta Pusat 01,Budiwati Ramah,W,Makanan & Minuman,susu kotak (800 ml),DKI Jakarta,Jakarta Pusat,3891050
01-12-2022,PHI Mini Market - Jakarta Pusat 01,Budiwati Ramah,W,Makanan & Minuman,susu kotak 1 l,DKI Jakarta,Jakarta Pusat,4315630
01-12-2022,PHI Mini Market - Jakarta Pusat 01,Budiwati Ramah,W,Makanan & Minuman,telur ayam kampung 1 kg,DKI Jakarta,Jakarta Pusat,4803400
01-12-2022,PHI Mini Market - Jakarta Pusat 01,Budiwati Ramah,W,Makanan & Minuman,telur ayam ras 1 kg,DKI Jakarta,Jakarta Pusat,4434620
01-12-2022,PHI Mini Market - Jakarta Pusat 01,Budiwati Ramah,W,Sayur-Sayuran,bawang merah 1 kg,DKI Jakarta,Jakarta Pusat,5360980
01-12-2022,PHI Mini Market - Jakarta Pusat 01,Budiwati Ramah,W,Sayur-Sayuran,bawang putih 1 kg,DKI Jakarta,Jakarta Pusat,1042460
01-12-2022,PHI Mini Market - Jakarta Pusat 01,Budiwati Ramah,W,Sayur-Sayuran,buncis 1 kg,DKI Jakarta,Jakarta Pusat,1781430
01-12-2022,PHI Mini Market - Jakarta Pusat 01,Budiwati Ramah,W,Sayur-Sayuran,kacang hijau 1 kg,DKI Jakarta,Jakarta Pusat,2263170
01-12-2022,PHI Mini Market - Jakarta Pusat 01,Budiwati Ramah,W,Sayur-Sayuran,kacang panjang 1 kg,DKI Jakarta,Jakarta Pusat,2156120
01-12-2022,PHI Mini Market - Jakarta Pusat 01,Budiwati Ramah,W,Sayur-Sayuran,kentang 1 kg,DKI Jakarta,Jakarta Pusat,2369220
01-12-2022,PHI Mini Market - Jakarta Pusat 01,Budiwati Ramah,W,Sayur-Sayuran,ketimun 1 kg,DKI Jakarta,Jakarta Pusat,1252800
01-12-2022,PHI Mini Market - Jakarta Pusat 01,Budiwati Ramah,W,Sayur-Sayuran,kobis 1 kg,DKI Jakarta,Jakarta Pusat,279300
01-12-2022,PHI Mini Market - Jakarta Pusat 01,Budiwati Ramah,W,Sayur-Sayuran,tomat 1 kg,DKI Jakarta,Jakarta Pusat,1238300
01-12-2022,PHI Mini Market - Jakarta Pusat 01,Budiwati Ramah,W,Sayur-Sayuran,ubi jalar 1 kg,DKI Jakarta,Jakarta Pusat,240210
01-12-2022,PHI Mini Market - Jakarta Pusat 01,Budiwati Ramah,W,Sayur-Sayuran,ubi kayu basah 1 kg,DKI Jakarta,Jakarta Pusat,420320
01-12-2022,PHI Mini Market - Jakarta Pusat 01,Budiwati Ramah,W,Sayur-Sayuran,wortel 1 kg,DKI Jakarta,Jakarta Pusat,899830
01-12-2022,PHI Mini Market - Jakarta Pusat 01,Cahya Terang,W,Buah,alpukat 1 kg,DKI Jakarta,Jakarta Pusat,1046650
01-12-2022,PHI Mini Market - Jakarta Pusat 01,Cahya Terang,W,Buah,apel 1 kg,DKI Jakarta,Jakarta Pusat,15192760
01-12-2022,PHI Mini Market - Jakarta Pusat 01,Cahya Terang,W,Buah,belimbing 1 kg,DKI Jakarta,Jakarta Pusat,1238020
01-12-2022,PHI Mini Market - Jakarta Pusat 01,Cahya Terang,W,Buah,durian 1 kg,DKI Jakarta,Jakarta Pusat,5316040
01-12-2022,PHI Mini Market - Jakarta Pusat 01,Cahya Terang,W,Buah,jeruk 1 kg,DKI Jakarta,Jakarta Pusat,3441370
01-12-2022,PHI Mini Market - Jakarta Pusat 01,Cahya Terang,W,Buah,kelapa muda,DKI Jakarta,Jakarta Pusat,1692470
01-12-2022,PHI Mini Market - Jakarta Pusat 01,Cahya Terang,W,Makanan & Minuman,air mineral 600 ml,DKI Jakarta,Jakarta Pusat,396290
01-12-2022,PHI Mini Market - Jakarta Pusat 01,Cahya Terang,W,Makanan & Minuman,bumbu fried chicken,DKI Jakarta,Jakarta Pusat,3569330
01-12-2022,PHI Mini Market - Jakarta Pusat 01,Cahya Terang,W,Makanan & Minuman,jus kesehatan 600 ml,DKI Jakarta,Jakarta Pusat,3183370
01-12-2022,PHI Mini Market - Jakarta Pusat 01,Cahya Terang,W,Makanan & Minuman,kacang goreng 1 kg,DKI Jakarta,Jakarta Pusat,2681730
01-12-2022,PHI Mini Market - Jakarta Pusat 01,Cahya Terang,W,Makanan & Minuman,kacang mete 1 kg,DKI Jakarta,Jakarta Pusat,26415640
01-12-2022,PHI Mini Market - Jakarta Pusat 01,Cahya Terang,W,Makanan & Minuman,markisa 600 ml,DKI Jakarta,Jakarta Pusat,4094960
01-12-2022,PHI Mini Market - Jakarta Pusat 01,Cahya Terang,W,Makanan & Minuman,mie instant 1 kotak (40 bungkus),DKI Jakarta,Jakarta Pusat,21393230
01-12-2022,PHI Mini Market - Jakarta Pusat 01,Cahya Terang,W,Makanan & Minuman,minuman probiotik,DKI Jakarta,Jakarta Pusat,285050
01-12-2022,PHI Mini Market - Jakarta Pusat 01,Cahya Terang,W,Makanan & Minuman,nasi goreng instant (1 ons),DKI Jakarta,Jakarta Pusat,1893090
01-12-2022,PHI Mini Market - Jakarta Pusat 01,Cahya Terang,W,Makanan & Minuman,snack gurih 1 ons,DKI Jakarta,Jakarta Pusat,2213260
01-12-2022,PHI Mini Market - Jakarta Pusat 01,Cahya Terang,W,Makanan & Minuman,susu kotak (800 ml),DKI Jakarta,Jakarta Pusat,3808420
01-12-2022,PHI Mini Market - Jakarta Pusat 01,Cahya Terang,W,Makanan & Minuman,susu kotak 1 l,DKI Jakarta,Jakarta Pusat,3251770
01-12-2022,PHI Mini Market - Jakarta Pusat 01,Cahya Terang,W,Makanan & Minuman,telur ayam kampung 1 kg,DKI Jakarta,Jakarta Pusat,6932600
01-12-2022,PHI Mini Market - Jakarta Pusat 01,Cahya Terang,W,Makanan & Minuman,telur ayam ras 1 kg,DKI Jakarta,Jakarta Pusat,3391560
01-12-2022,PHI Mini Market - Jakarta Pusat 01,Cahya Terang,W,Sayur-Sayuran,bawang merah 1 kg,DKI Jakarta,Jakarta Pusat,4979280
01-12-2022,PHI Mini Market - Jakarta Pusat 01,Cahya Terang,W,Sayur-Sayuran,bawang putih 1 kg,DKI Jakarta,Jakarta Pusat,1984690
01-12-2022,PHI Mini Market - Jakarta Pusat 01,Cahya Terang,W,Sayur-Sayuran,buncis 1 kg,DKI Jakarta,Jakarta Pusat,1822030
01-12-2022,PHI Mini Market - Jakarta Pusat 01,Cahya Terang,W,Sayur-Sayuran,kacang hijau 1 kg,DKI Jakarta,Jakarta Pusat,2002790
01-12-2022,PHI Mini Market - Jakarta Pusat 01,Cahya Terang,W,Sayur-Sayuran,kacang panjang 1 kg,DKI Jakarta,Jakarta Pusat,3068370
01-12-2022,PHI Mini Market - Jakarta Pusat 01,Cahya Terang,W,Sayur-Sayuran,kentang 1 kg,DKI Jakarta,Jakarta Pusat,2125100
01-12-2022,PHI Mini Market - Jakarta Pusat 01,Cahya Terang,W,Sayur-Sayuran,ketimun 1 kg,DKI Jakarta,Jakarta Pusat,1488300
01-12-2022,PHI Mini Market - Jakarta Pusat 01,Cahya Terang,W,Sayur-Sayuran,kobis 1 kg,DKI Jakarta,Jakarta Pusat,301780
01-12-2022,PHI Mini Market - Jakarta Pusat 01,Cahya Terang,W,Sayur-Sayuran,tomat 1 kg,DKI Jakarta,Jakarta Pusat,1350180
01-12-2022,PHI Mini Market - Jakarta Pusat 01,Cahya Terang,W,Sayur-Sayuran,ubi jalar 1 kg,DKI Jakarta,Jakarta Pusat,413050
01-12-2022,PHI Mini Market - Jakarta Pusat 01,Cahya Terang,W,Sayur-Sayuran,ubi kayu basah 1 kg,DKI Jakarta,Jakarta Pusat,300430
01-12-2022,PHI Mini Market - Jakarta Pusat 01,Cahya Terang,W,Sayur-Sayuran,wortel 1 kg,DKI Jakarta,Jakarta Pusat,1061730
01-12-2022,PHI Mini Market - Jakarta Pusat 01,Eko Rukun,P,Buah,alpukat 1 kg,DKI Jakarta,Jakarta Pusat,2713610
01-12-2022,PHI Mini Market - Jakarta Pusat 01,Eko Rukun,P,Buah,apel 1 kg,DKI Jakarta,Jakarta Pusat,20313990
01-12-2022,PHI Mini Market - Jakarta Pusat 01,Eko Rukun,P,Buah,belimbing 1 kg,DKI Jakarta,Jakarta Pusat,1720270
01-12-2022,PHI Mini Market - Jakarta Pusat 01,Eko Rukun,P,Buah,durian 1 kg,DKI Jakarta,Jakarta Pusat,4407620
01-12-2022,PHI Mini Market - Jakarta Pusat 01,Eko Rukun,P,Buah,jeruk 1 kg,DKI Jakarta,Jakarta Pusat,4226360
01-12-2022,PHI Mini Market - Jakarta Pusat 01,Eko Rukun,P,Buah,kelapa muda,DKI Jakarta,Jakarta Pusat,1881980
01-12-2022,PHI Mini Market - Jakarta Pusat 01,Eko Rukun,P,Buah,mangga 1 kg,DKI Jakarta,Jakarta Pusat,5426360
01-12-2022,PHI Mini Market - Jakarta Pusat 01,Eko Rukun,P,Makanan & Minuman,air mineral 600 ml,DKI Jakarta,Jakarta Pusat,296190
01-12-2022,PHI Mini Market - Jakarta Pusat 01,Eko Rukun,P,Makanan & Minuman,bumbu fried chicken,DKI Jakarta,Jakarta Pusat,5870890
01-12-2022,PHI Mini Market - Jakarta Pusat 01,Eko Rukun,P,Makanan & Minuman,jus kesehatan 600 ml,DKI Jakarta,Jakarta Pusat,2888680
01-12-2022,PHI Mini Market - Jakarta Pusat 01,Eko Rukun,P,Makanan & Minuman,kacang goreng 1 kg,DKI Jakarta,Jakarta Pusat,3980380
01-12-2022,PHI Mini Market - Jakarta Pusat 01,Eko Rukun,P,Makanan & Minuman,kacang mete 1 kg,DKI Jakarta,Jakarta Pusat,22844310
01-12-2022,PHI Mini Market - Jakarta Pusat 01,Eko Rukun,P,Makanan & Minuman,markisa 600 ml,DKI Jakarta,Jakarta Pusat,4144120
01-12-2022,PHI Mini Market - Jakarta Pusat 01,Eko Rukun,P,Makanan & Minuman,mie instant 1 kotak (40 bungkus),DKI Jakarta,Jakarta Pusat,27163680
01-12-2022,PHI Mini Market - Jakarta Pusat 01,Eko Rukun,P,Makanan & Minuman,minuman probiotik,DKI Jakarta,Jakarta Pusat,394680
01-12-2022,PHI Mini Market - Jakarta Pusat 01,Eko Rukun,P,Makanan & Minuman,nasi goreng instant (1 ons),DKI Jakarta,Jakarta Pusat,1169080
01-12-2022,PHI Mini Market - Jakarta Pusat 01,Eko Rukun,P,Makanan & Minuman,snack gurih 1 ons,DKI Jakarta,Jakarta Pusat,1828860
01-12-2022,PHI Mini Market - Jakarta Pusat 01,Eko Rukun,P,Makanan & Minuman,susu kotak (800 ml),DKI Jakarta,Jakarta Pusat,3361710
01-12-2022,PHI Mini Market - Jakarta Pusat 01,Eko Rukun,P,Makanan & Minuman,susu kotak 1 l,DKI Jakarta,Jakarta Pusat,3216400
01-12-2022,PHI Mini Market - Jakarta Pusat 01,Eko Rukun,P,Makanan & Minuman,telur ayam kampung 1 kg,DKI Jakarta,Jakarta Pusat,6017500
01-12-2022,PHI Mini Market - Jakarta Pusat 01,Eko Rukun,P,Makanan & Minuman,telur ayam ras 1 kg,DKI Jakarta,Jakarta Pusat,2740890
01-12-2022,PHI Mini Market - Jakarta Pusat 01,Eko Rukun,P,Sayur-Sayuran,bawang merah 1 kg,DKI Jakarta,Jakarta Pusat,3323530
01-12-2022,PHI Mini Market - Jakarta Pusat 01,Eko Rukun,P,Sayur-Sayuran,bawang putih 1 kg,DKI Jakarta,Jakarta Pusat,1671390
01-12-2022,PHI Mini Market - Jakarta Pusat 01,Eko Rukun,P,Sayur-Sayuran,buncis 1 kg,DKI Jakarta,Jakarta Pusat,1099270
01-12-2022,PHI Mini Market - Jakarta Pusat 01,Eko Rukun,P,Sayur-Sayuran,kacang hijau 1 kg,DKI Jakarta,Jakarta Pusat,2042750
01-12-2022,PHI Mini Market - Jakarta Pusat 01,Eko Rukun,P,Sayur-Sayuran,kacang panjang 1 kg,DKI Jakarta,Jakarta Pusat,2365440
01-12-2022,PHI Mini Market - Jakarta Pusat 01,Eko Rukun,P,Sayur-Sayuran,kentang 1 kg,DKI Jakarta,Jakarta Pusat,3447570
01-12-2022,PHI Mini Market - Jakarta Pusat 01,Eko Rukun,P,Sayur-Sayuran,ketimun 1 kg,DKI Jakarta,Jakarta Pusat,726760
01-12-2022,PHI Mini Market - Jakarta Pusat 01,Eko Rukun,P,Sayur-Sayuran,kobis 1 kg,DKI Jakarta,Jakarta Pusat,287060
01-12-2022,PHI Mini Market - Jakarta Pusat 01,Eko Rukun,P,Sayur-Sayuran,tomat 1 kg,DKI Jakarta,Jakarta Pusat,1889890
01-12-2022,PHI Mini Market - Jakarta Pusat 01,Eko Rukun,P,Sayur-Sayuran,ubi jalar 1 kg,DKI Jakarta,Jakarta Pusat,400010
01-12-2022,PHI Mini Market - Jakarta Pusat 01,Eko Rukun,P,Sayur-Sayuran,ubi kayu basah 1 kg,DKI Jakarta,Jakarta Pusat,309010
01-12-2022,PHI Mini Market - Jakarta Pusat 01,Eko Rukun,P,Sayur-Sayuran,wortel 1 kg,DKI Jakarta,Jakarta Pusat,1293330
01-12-2022,PHI Mini Market - Jakarta Pusat 01,Eria Setiawan,W,Buah,alpukat 1 kg,DKI Jakarta,Jakarta Pusat,1520990
01-12-2022,PHI Mini Market - Jakarta Pusat 01,Eria Setiawan,W,Buah,apel 1 kg,DKI Jakarta,Jakarta Pusat,21451630
01-12-2022,PHI Mini Market - Jakarta Pusat 01,Eria Setiawan,W,Buah,belimbing 1 kg,DKI Jakarta,Jakarta Pusat,902070
01-12-2022,PHI Mini Market - Jakarta Pusat 01,Eria Setiawan,W,Buah,durian 1 kg,DKI Jakarta,Jakarta Pusat,4373190
01-12-2022,PHI Mini Market - Jakarta Pusat 01,Eria Setiawan,W,Buah,jeruk 1 kg,DKI Jakarta,Jakarta Pusat,4044650
01-12-2022,PHI Mini Market - Jakarta Pusat 01,Eria Setiawan,W,Buah,kelapa muda,DKI Jakarta,Jakarta Pusat,1997190
01-12-2022,PHI Mini Market - Jakarta Pusat 01,Eria Setiawan,W,Buah,mangga 1 kg,DKI Jakarta,Jakarta Pusat,4092640
01-12-2022,PHI Mini Market - Jakarta Pusat 01,Eria Setiawan,W,Makanan & Minuman,air mineral 600 ml,DKI Jakarta,Jakarta Pusat,399080
01-12-2022,PHI Mini Market - Jakarta Pusat 01,Eria Setiawan,W,Makanan & Minuman,bumbu fried chicken,DKI Jakarta,Jakarta Pusat,5245320
01-12-2022,PHI Mini Market - Jakarta Pusat 01,Eria Setiawan,W,Makanan & Minuman,jus kesehatan 600 ml,DKI Jakarta,Jakarta Pusat,3340720
01-12-2022,PHI Mini Market - Jakarta Pusat 01,Eria Setiawan,W,Makanan & Minuman,kacang goreng 1 kg,DKI Jakarta,Jakarta Pusat,5349040
01-12-2022,PHI Mini Market - Jakarta Pusat 01,Eria Setiawan,W,Makanan & Minuman,kacang mete 1 kg,DKI Jakarta,Jakarta Pusat,24354840
01-12-2022,PHI Mini Market - Jakarta Pusat 01,Eria Setiawan,W,Makanan & Minuman,markisa 600 ml,DKI Jakarta,Jakarta Pusat,4841840
01-12-2022,PHI Mini Market - Jakarta Pusat 01,Eria Setiawan,W,Makanan & Minuman,mie instant 1 kotak (40 bungkus),DKI Jakarta,Jakarta Pusat,44851850
01-12-2022,PHI Mini Market - Jakarta Pusat 01,Eria Setiawan,W,Makanan & Minuman,minuman probiotik,DKI Jakarta,Jakarta Pusat,253520
01-12-2022,PHI Mini Market - Jakarta Pusat 01,Eria Setiawan,W,Makanan & Minuman,nasi goreng instant (1 ons),DKI Jakarta,Jakarta Pusat,1568520
01-12-2022,PHI Mini Market - Jakarta Pusat 01,Eria Setiawan,W,Makanan & Minuman,snack gurih 1 ons,DKI Jakarta,Jakarta Pusat,1638270
01-12-2022,PHI Mini Market - Jakarta Pusat 01,Eria Setiawan,W,Makanan & Minuman,susu kotak (800 ml),DKI Jakarta,Jakarta Pusat,3554770
01-12-2022,PHI Mini Market - Jakarta Pusat 01,Eria Setiawan,W,Makanan & Minuman,susu kotak 1 l,DKI Jakarta,Jakarta Pusat,3174660
01-12-2022,PHI Mini Market - Jakarta Pusat 01,Eria Setiawan,W,Makanan & Minuman,telur ayam kampung 1 kg,DKI Jakarta,Jakarta Pusat,6381380
01-12-2022,PHI Mini Market - Jakarta Pusat 01,Eria Setiawan,W,Makanan & Minuman,telur ayam ras 1 kg,DKI Jakarta,Jakarta Pusat,4231690
01-12-2022,PHI Mini Market - Jakarta Pusat 01,Eria Setiawan,W,Sayur-Sayuran,bawang merah 1 kg,DKI Jakarta,Jakarta Pusat,3846540
01-12-2022,PHI Mini Market - Jakarta Pusat 01,Eria Setiawan,W,Sayur-Sayuran,bawang putih 1 kg,DKI Jakarta,Jakarta Pusat,1536540
01-12-2022,PHI Mini Market - Jakarta Pusat 01,Eria Setiawan,W,Sayur-Sayuran,buncis 1 kg,DKI Jakarta,Jakarta Pusat,2875110
01-12-2022,PHI Mini Market - Jakarta Pusat 01,Eria Setiawan,W,Sayur-Sayuran,kacang hijau 1 kg,DKI Jakarta,Jakarta Pusat,2668250
01-12-2022,PHI Mini Market - Jakarta Pusat 01,Eria Setiawan,W,Sayur-Sayuran,kacang panjang 1 kg,DKI Jakarta,Jakarta Pusat,1966520
01-12-2022,PHI Mini Market - Jakarta Pusat 01,Eria Setiawan,W,Sayur-Sayuran,kentang 1 kg,DKI Jakarta,Jakarta Pusat,2903560
01-12-2022,PHI Mini Market - Jakarta Pusat 01,Eria Setiawan,W,Sayur-Sayuran,ketimun 1 kg,DKI Jakarta,Jakarta Pusat,1555650
01-12-2022,PHI Mini Market - Jakarta Pusat 01,Eria Setiawan,W,Sayur-Sayuran,kobis 1 kg,DKI Jakarta,Jakarta Pusat,414830
01-12-2022,PHI Mini Market - Jakarta Pusat 01,Eria Setiawan,W,Sayur-Sayuran,tomat 1 kg,DKI Jakarta,Jakarta Pusat,1473490
01-12-2022,PHI Mini Market - Jakarta Pusat 01,Eria Setiawan,W,Sayur-Sayuran,ubi jalar 1 kg,DKI Jakarta,Jakarta Pusat,476910
01-12-2022,PHI Mini Market - Jakarta Pusat 01,Eria Setiawan,W,Sayur-Sayuran,ubi kayu basah 1 kg,DKI Jakarta,Jakarta Pusat,212900
01-12-2022,PHI Mini Market - Jakarta Pusat 01,Eria Setiawan,W,Sayur-Sayuran,wortel 1 kg,DKI Jakarta,Jakarta Pusat,955790
01-12-2022,PHI Mini Market - Jakarta Pusat 01,Erman Margo,P,Buah,alpukat 1 kg,DKI Jakarta,Jakarta Pusat,1616180
01-12-2022,PHI Mini Market - Jakarta Pusat 01,Erman Margo,P,Buah,apel 1 kg,DKI Jakarta,Jakarta Pusat,22131850
01-12-2022,PHI Mini Market - Jakarta Pusat 01,Erman Margo,P,Buah,belimbing 1 kg,DKI Jakarta,Jakarta Pusat,1092240
01-12-2022,PHI Mini Market - Jakarta Pusat 01,Erman Margo,P,Buah,durian 1 kg,DKI Jakarta,Jakarta Pusat,5143520
01-12-2022,PHI Mini Market - Jakarta Pusat 01,Erman Margo,P,Buah,jeruk 1 kg,DKI Jakarta,Jakarta Pusat,2965800
01-12-2022,PHI Mini Market - Jakarta Pusat 01,Erman Margo,P,Buah,kelapa muda,DKI Jakarta,Jakarta Pusat,1478210
01-12-2022,PHI Mini Market - Jakarta Pusat 01,Erman Margo,P,Buah,mangga 1 kg,DKI Jakarta,Jakarta Pusat,6715380
01-12-2022,PHI Mini Market - Jakarta Pusat 01,Erman Margo,P,Makanan & Minuman,air mineral 600 ml,DKI Jakarta,Jakarta Pusat,533730
01-12-2022,PHI Mini Market - Jakarta Pusat 01,Erman Margo,P,Makanan & Minuman,bumbu fried chicken,DKI Jakarta,Jakarta Pusat,5828210
01-12-2022,PHI Mini Market - Jakarta Pusat 01,Erman Margo,P,Makanan & Minuman,jus kesehatan 600 ml,DKI Jakarta,Jakarta Pusat,2039410
01-12-2022,PHI Mini Market - Jakarta Pusat 01,Erman Margo,P,Makanan & Minuman,kacang goreng 1 kg,DKI Jakarta,Jakarta Pusat,4129280
01-12-2022,PHI Mini Market - Jakarta Pusat 01,Erman Margo,P,Makanan & Minuman,kacang mete 1 kg,DKI Jakarta,Jakarta Pusat,21775740
01-12-2022,PHI Mini Market - Jakarta Pusat 01,Erman Margo,P,Makanan & Minuman,markisa 600 ml,DKI Jakarta,Jakarta Pusat,3645060
01-12-2022,PHI Mini Market - Jakarta Pusat 01,Erman Margo,P,Makanan & Minuman,mie instant 1 kotak (40 bungkus),DKI Jakarta,Jakarta Pusat,39478740
01-12-2022,PHI Mini Market - Jakarta Pusat 01,Erman Margo,P,Makanan & Minuman,minuman probiotik,DKI Jakarta,Jakarta Pusat,242950
01-12-2022,PHI Mini Market - Jakarta Pusat 01,Erman Margo,P,Makanan & Minuman,nasi goreng instant (1 ons),DKI Jakarta,Jakarta Pusat,1724120
01-12-2022,PHI Mini Market - Jakarta Pusat 01,Erman Margo,P,Makanan & Minuman,snack gurih 1 ons,DKI Jakarta,Jakarta Pusat,1841640
01-12-2022,PHI Mini Market - Jakarta Pusat 01,Erman Margo,P,Makanan & Minuman,susu kotak (800 ml),DKI Jakarta,Jakarta Pusat,5210450
01-12-2022,PHI Mini Market - Jakarta Pusat 01,Erman Margo,P,Makanan & Minuman,susu kotak 1 l,DKI Jakarta,Jakarta Pusat,2792400
01-12-2022,PHI Mini Market - Jakarta Pusat 01,Erman Margo,P,Makanan & Minuman,telur ayam kampung 1 kg,DKI Jakarta,Jakarta Pusat,5791360
01-12-2022,PHI Mini Market - Jakarta Pusat 01,Erman Margo,P,Makanan & Minuman,telur ayam ras 1 kg,DKI Jakarta,Jakarta Pusat,3352630
01-12-2022,PHI Mini Market - Jakarta Pusat 01,Erman Margo,P,Sayur-Sayuran,bawang merah 1 kg,DKI Jakarta,Jakarta Pusat,3550680
01-12-2022,PHI Mini Market - Jakarta Pusat 01,Erman Margo,P,Sayur-Sayuran,bawang putih 1 kg,DKI Jakarta,Jakarta Pusat,1739880
01-12-2022,PHI Mini Market - Jakarta Pusat 01,Erman Margo,P,Sayur-Sayuran,buncis 1 kg,DKI Jakarta,Jakarta Pusat,1400030
01-12-2022,PHI Mini Market - Jakarta Pusat 01,Erman Margo,P,Sayur-Sayuran,kacang hijau 1 kg,DKI Jakarta,Jakarta Pusat,1849540
01-12-2022,PHI Mini Market - Jakarta Pusat 01,Erman Margo,P,Sayur-Sayuran,kacang panjang 1 kg,DKI Jakarta,Jakarta Pusat,2500610
01-12-2022,PHI Mini Market - Jakarta Pusat 01,Erman Margo,P,Sayur-Sayuran,kentang 1 kg,DKI Jakarta,Jakarta Pusat,3509900
01-12-2022,PHI Mini Market - Jakarta Pusat 01,Erman Margo,P,Sayur-Sayuran,ketimun 1 kg,DKI Jakarta,Jakarta Pusat,986210
01-12-2022,PHI Mini Market - Jakarta Pusat 01,Erman Margo,P,Sayur-Sayuran,kobis 1 kg,DKI Jakarta,Jakarta Pusat,287540
01-12-2022,PHI Mini Market - Jakarta Pusat 01,Erman Margo,P,Sayur-Sayuran,tomat 1 kg,DKI Jakarta,Jakarta Pusat,2176680
01-12-2022,PHI Mini Market - Jakarta Pusat 01,Erman Margo,P,Sayur-Sayuran,ubi jalar 1 kg,DKI Jakarta,Jakarta Pusat,405470
01-12-2022,PHI Mini Market - Jakarta Pusat 01,Erman Margo,P,Sayur-Sayuran,ubi kayu basah 1 kg,DKI Jakarta,Jakarta Pusat,348690
01-12-2022,PHI Mini Market - Jakarta Pusat 01,Erman Margo,P,Sayur-Sayuran,wortel 1 kg,DKI Jakarta,Jakarta Pusat,1258570
01-12-2022,PHI Mini Market - Jakarta Pusat 01,Harum Maven,W,Buah,alpukat 1 kg,DKI Jakarta,Jakarta Pusat,2000940
01-12-2022,PHI Mini Market - Jakarta Pusat 01,Harum Maven,W,Buah,apel 1 kg,DKI Jakarta,Jakarta Pusat,11236900
01-12-2022,PHI Mini Market - Jakarta Pusat 01,Harum Maven,W,Buah,belimbing 1 kg,DKI Jakarta,Jakarta Pusat,1428540
01-12-2022,PHI Mini Market - Jakarta Pusat 01,Harum Maven,W,Buah,durian 1 kg,DKI Jakarta,Jakarta Pusat,5672160
01-12-2022,PHI Mini Market - Jakarta Pusat 01,Harum Maven,W,Buah,jeruk 1 kg,DKI Jakarta,Jakarta Pusat,2599670
01-12-2022,PHI Mini Market - Jakarta Pusat 01,Harum Maven,W,Buah,kelapa muda,DKI Jakarta,Jakarta Pusat,1762460
01-12-2022,PHI Mini Market - Jakarta Pusat 01,Harum Maven,W,Buah,mangga 1 kg,DKI Jakarta,Jakarta Pusat,6238880
01-12-2022,PHI Mini Market - Jakarta Pusat 01,Harum Maven,W,Makanan & Minuman,air mineral 600 ml,DKI Jakarta,Jakarta Pusat,601300
01-12-2022,PHI Mini Market - Jakarta Pusat 01,Harum Maven,W,Makanan & Minuman,bumbu fried chicken,DKI Jakarta,Jakarta Pusat,5242860
01-12-2022,PHI Mini Market - Jakarta Pusat 01,Harum Maven,W,Makanan & Minuman,jus kesehatan 600 ml,DKI Jakarta,Jakarta Pusat,2076810
01-12-2022,PHI Mini Market - Jakarta Pusat 01,Harum Maven,W,Makanan & Minuman,kacang goreng 1 kg,DKI Jakarta,Jakarta Pusat,3402340
01-12-2022,PHI Mini Market - Jakarta Pusat 01,Harum Maven,W,Makanan & Minuman,kacang mete 1 kg,DKI Jakarta,Jakarta Pusat,25108150
01-12-2022,PHI Mini Market - Jakarta Pusat 01,Harum Maven,W,Makanan & Minuman,markisa 600 ml,DKI Jakarta,Jakarta Pusat,4959710
01-12-2022,PHI Mini Market - Jakarta Pusat 01,Harum Maven,W,Makanan & Minuman,mie instant 1 kotak (40 bungkus),DKI Jakarta,Jakarta Pusat,32798690
01-12-2022,PHI Mini Market - Jakarta Pusat 01,Harum Maven,W,Makanan & Minuman,minuman probiotik,DKI Jakarta,Jakarta Pusat,238780
01-12-2022,PHI Mini Market - Jakarta Pusat 01,Harum Maven,W,Makanan & Minuman,nasi goreng instant (1 ons),DKI Jakarta,Jakarta Pusat,2016640
01-12-2022,PHI Mini Market - Jakarta Pusat 01,Harum Maven,W,Makanan & Minuman,snack gurih 1 ons,DKI Jakarta,Jakarta Pusat,2242000
01-12-2022,PHI Mini Market - Jakarta Pusat 01,Harum Maven,W,Makanan & Minuman,susu kotak (800 ml),DKI Jakarta,Jakarta Pusat,3005060
01-12-2022,PHI Mini Market - Jakarta Pusat 01,Harum Maven,W,Makanan & Minuman,susu kotak 1 l,DKI Jakarta,Jakarta Pusat,3458850
01-12-2022,PHI Mini Market - Jakarta Pusat 01,Harum Maven,W,Makanan & Minuman,telur ayam kampung 1 kg,DKI Jakarta,Jakarta Pusat,6489760
01-12-2022,PHI Mini Market - Jakarta Pusat 01,Harum Maven,W,Makanan & Minuman,telur ayam ras 1 kg,DKI Jakarta,Jakarta Pusat,3662260
01-12-2022,PHI Mini Market - Jakarta Pusat 01,Harum Maven,W,Sayur-Sayuran,bawang merah 1 kg,DKI Jakarta,Jakarta Pusat,3043870
01-12-2022,PHI Mini Market - Jakarta Pusat 01,Harum Maven,W,Sayur-Sayuran,bawang putih 1 kg,DKI Jakarta,Jakarta Pusat,955560
01-12-2022,PHI Mini Market - Jakarta Pusat 01,Harum Maven,W,Sayur-Sayuran,buncis 1 kg,DKI Jakarta,Jakarta Pusat,2696760
01-12-2022,PHI Mini Market - Jakarta Pusat 01,Harum Maven,W,Sayur-Sayuran,kacang hijau 1 kg,DKI Jakarta,Jakarta Pusat,1898990
01-12-2022,PHI Mini Market - Jakarta Pusat 01,Harum Maven,W,Sayur-Sayuran,kacang panjang 1 kg,DKI Jakarta,Jakarta Pusat,2053990
01-12-2022,PHI Mini Market - Jakarta Pusat 01,Harum Maven,W,Sayur-Sayuran,kentang 1 kg,DKI Jakarta,Jakarta Pusat,2624350
01-12-2022,PHI Mini Market - Jakarta Pusat 01,Harum Maven,W,Sayur-Sayuran,ketimun 1 kg,DKI Jakarta,Jakarta Pusat,1337740
01-12-2022,PHI Mini Market - Jakarta Pusat 01,Harum Maven,W,Sayur-Sayuran,kobis 1 kg,DKI Jakarta,Jakarta Pusat,399770
01-12-2022,PHI Mini Market - Jakarta Pusat 01,Harum Maven,W,Sayur-Sayuran,tomat 1 kg,DKI Jakarta,Jakarta Pusat,1345580
01-12-2022,PHI Mini Market - Jakarta Pusat 01,Harum Maven,W,Sayur-Sayuran,ubi jalar 1 kg,DKI Jakarta,Jakarta Pusat,410430
01-12-2022,PHI Mini Market - Jakarta Pusat 01,Harum Maven,W,Sayur-Sayuran,ubi kayu basah 1 kg,DKI Jakarta,Jakarta Pusat,355700
01-12-2022,PHI Mini Market - Jakarta Pusat 01,Harum Maven,W,Sayur-Sayuran,wortel 1 kg,DKI Jakarta,Jakarta Pusat,1221630
01-12-2022,PHI Mini Market - Jakarta Pusat 01,Kristina Damai,W,Buah,alpukat 1 kg,DKI Jakarta,Jakarta Pusat,2245770
01-12-2022,PHI Mini Market - Jakarta Pusat 01,Kristina Damai,W,Buah,apel 1 kg,DKI Jakarta,Jakarta Pusat,17513590
01-12-2022,PHI Mini Market - Jakarta Pusat 01,Kristina Damai,W,Buah,belimbing 1 kg,DKI Jakarta,Jakarta Pusat,1147930
01-12-2022,PHI Mini Market - Jakarta Pusat 01,Kristina Damai,W,Buah,durian 1 kg,DKI Jakarta,Jakarta Pusat,6932990
01-12-2022,PHI Mini Market - Jakarta Pusat 01,Kristina Damai,W,Buah,jeruk 1 kg,DKI Jakarta,Jakarta Pusat,3636750
01-12-2022,PHI Mini Market - Jakarta Pusat 01,Kristina Damai,W,Buah,kelapa muda,DKI Jakarta,Jakarta Pusat,904700
01-12-2022,PHI Mini Market - Jakarta Pusat 01,Kristina Damai,W,Buah,mangga 1 kg,DKI Jakarta,Jakarta Pusat,5534270
01-12-2022,PHI Mini Market - Jakarta Pusat 01,Kristina Damai,W,Makanan & Minuman,air mineral 600 ml,DKI Jakarta,Jakarta Pusat,491890
01-12-2022,PHI Mini Market - Jakarta Pusat 01,Kristina Damai,W,Makanan & Minuman,bumbu fried chicken,DKI Jakarta,Jakarta Pusat,4599540
01-12-2022,PHI Mini Market - Jakarta Pusat 01,Kristina Damai,W,Makanan & Minuman,jus kesehatan 600 ml,DKI Jakarta,Jakarta Pusat,2739750
01-12-2022,PHI Mini Market - Jakarta Pusat 01,Kristina Damai,W,Makanan & Minuman,kacang goreng 1 kg,DKI Jakarta,Jakarta Pusat,4527090
01-12-2022,PHI Mini Market - Jakarta Pusat 01,Kristina Damai,W,Makanan & Minuman,kacang mete 1 kg,DKI Jakarta,Jakarta Pusat,22413210
01-12-2022,PHI Mini Market - Jakarta Pusat 01,Kristina Damai,W,Makanan & Minuman,markisa 600 ml,DKI Jakarta,Jakarta Pusat,5813450
01-12-2022,PHI Mini Market - Jakarta Pusat 01,Kristina Damai,W,Makanan & Minuman,mie instant 1 kotak (40 bungkus),DKI Jakarta,Jakarta Pusat,29925600
01-12-2022,PHI Mini Market - Jakarta Pusat 01,Kristina Damai,W,Makanan & Minuman,minuman probiotik,DKI Jakarta,Jakarta Pusat,272960
01-12-2022,PHI Mini Market - Jakarta Pusat 01,Kristina Damai,W,Makanan & Minuman,nasi goreng instant (1 ons),DKI Jakarta,Jakarta Pusat,1816070
01-12-2022,PHI Mini Market - Jakarta Pusat 01,Kristina Damai,W,Makanan & Minuman,snack gurih 1 ons,DKI Jakarta,Jakarta Pusat,1991690
01-12-2022,PHI Mini Market - Jakarta Pusat 01,Kristina Damai,W,Makanan & Minuman,susu kotak (800 ml),DKI Jakarta,Jakarta Pusat,5055390
01-12-2022,PHI Mini Market - Jakarta Pusat 01,Kristina Damai,W,Makanan & Minuman,susu kotak 1 l,DKI Jakarta,Jakarta Pusat,3460270
01-12-2022,PHI Mini Market - Jakarta Pusat 01,Kristina Damai,W,Makanan & Minuman,telur ayam kampung 1 kg,DKI Jakarta,Jakarta Pusat,6254220
01-12-2022,PHI Mini Market - Jakarta Pusat 01,Kristina Damai,W,Makanan & Minuman,telur ayam ras 1 kg,DKI Jakarta,Jakarta Pusat,3769450
01-12-2022,PHI Mini Market - Jakarta Pusat 01,Kristina Damai,W,Sayur-Sayuran,bawang merah 1 kg,DKI Jakarta,Jakarta Pusat,1811170
01-12-2022,PHI Mini Market - Jakarta Pusat 01,Kristina Damai,W,Sayur-Sayuran,bawang putih 1 kg,DKI Jakarta,Jakarta Pusat,1739370
01-12-2022,PHI Mini Market - Jakarta Pusat 01,Kristina Damai,W,Sayur-Sayuran,buncis 1 kg,DKI Jakarta,Jakarta Pusat,1327560
01-12-2022,PHI Mini Market - Jakarta Pusat 01,Kristina Damai,W,Sayur-Sayuran,kacang hijau 1 kg,DKI Jakarta,Jakarta Pusat,2075590
01-12-2022,PHI Mini Market - Jakarta Pusat 01,Kristina Damai,W,Sayur-Sayuran,kacang panjang 1 kg,DKI Jakarta,Jakarta Pusat,2208550
01-12-2022,PHI Mini Market - Jakarta Pusat 01,Kristina Damai,W,Sayur-Sayuran,kentang 1 kg,DKI Jakarta,Jakarta Pusat,4436160
01-12-2022,PHI Mini Market - Jakarta Pusat 01,Kristina Damai,W,Sayur-Sayuran,ketimun 1 kg,DKI Jakarta,Jakarta Pusat,1457950
01-12-2022,PHI Mini Market - Jakarta Pusat 01,Kristina Damai,W,Sayur-Sayuran,kobis 1 kg,DKI Jakarta,Jakarta Pusat,421430
01-12-2022,PHI Mini Market - Jakarta Pusat 01,Kristina Damai,W,Sayur-Sayuran,tomat 1 kg,DKI Jakarta,Jakarta Pusat,1890610
01-12-2022,PHI Mini Market - Jakarta Pusat 01,Kristina Damai,W,Sayur-Sayuran,ubi jalar 1 kg,DKI Jakarta,Jakarta Pusat,597090
01-12-2022,PHI Mini Market - Jakarta Pusat 01,Kristina Damai,W,Sayur-Sayuran,ubi kayu basah 1 kg,DKI Jakarta,Jakarta Pusat,352840
01-12-2022,PHI Mini Market - Jakarta Pusat 01,Kristina Damai,W,Sayur-Sayuran,wortel 1 kg,DKI Jakarta,Jakarta Pusat,1231800
01-12-2022,PHI Mini Market - Jakarta Pusat 01,Kusuma Dominik,P,Buah,alpukat 1 kg,DKI Jakarta,Jakarta Pusat,2060580
01-12-2022,PHI Mini Market - Jakarta Pusat 01,Kusuma Dominik,P,Buah,apel 1 kg,DKI Jakarta,Jakarta Pusat,16190650
01-12-2022,PHI Mini Market - Jakarta Pusat 01,Kusuma Dominik,P,Buah,belimbing 1 kg,DKI Jakarta,Jakarta Pusat,1823060
01-12-2022,PHI Mini Market - Jakarta Pusat 01,Kusuma Dominik,P,Buah,durian 1 kg,DKI Jakarta,Jakarta Pusat,5477230
01-12-2022,PHI Mini Market - Jakarta Pusat 01,Kusuma Dominik,P,Buah,jeruk 1 kg,DKI Jakarta,Jakarta Pusat,2904750
01-12-2022,PHI Mini Market - Jakarta Pusat 01,Kusuma Dominik,P,Buah,kelapa muda,DKI Jakarta,Jakarta Pusat,1938850
01-12-2022,PHI Mini Market - Jakarta Pusat 01,Kusuma Dominik,P,Makanan & Minuman,air mineral 600 ml,DKI Jakarta,Jakarta Pusat,408920
01-12-2022,PHI Mini Market - Jakarta Pusat 01,Kusuma Dominik,P,Makanan & Minuman,bumbu fried chicken,DKI Jakarta,Jakarta Pusat,4216340
01-12-2022,PHI Mini Market - Jakarta Pusat 01,Kusuma Dominik,P,Makanan & Minuman,jus kesehatan 600 ml,DKI Jakarta,Jakarta Pusat,2611260
01-12-2022,PHI Mini Market - Jakarta Pusat 01,Kusuma Dominik,P,Makanan & Minuman,kacang goreng 1 kg,DKI Jakarta,Jakarta Pusat,5312310
01-12-2022,PHI Mini Market - Jakarta Pusat 01,Kusuma Dominik,P,Makanan & Minuman,kacang mete 1 kg,DKI Jakarta,Jakarta Pusat,22032230
01-12-2022,PHI Mini Market - Jakarta Pusat 01,Kusuma Dominik,P,Makanan & Minuman,markisa 600 ml,DKI Jakarta,Jakarta Pusat,3613090
01-12-2022,PHI Mini Market - Jakarta Pusat 01,Kusuma Dominik,P,Makanan & Minuman,mie instant 1 kotak (40 bungkus),DKI Jakarta,Jakarta Pusat,24272730
01-12-2022,PHI Mini Market - Jakarta Pusat 01,Kusuma Dominik,P,Makanan & Minuman,minuman probiotik,DKI Jakarta,Jakarta Pusat,314300
01-12-2022,PHI Mini Market - Jakarta Pusat 01,Kusuma Dominik,P,Makanan & Minuman,nasi goreng instant (1 ons),DKI Jakarta,Jakarta Pusat,1666440
01-12-2022,PHI Mini Market - Jakarta Pusat 01,Kusuma Dominik,P,Makanan & Minuman,snack gurih 1 ons,DKI Jakarta,Jakarta Pusat,1411280
01-12-2022,PHI Mini Market - Jakarta Pusat 01,Kusuma Dominik,P,Makanan & Minuman,susu kotak (800 ml),DKI Jakarta,Jakarta Pusat,4368870
01-12-2022,PHI Mini Market - Jakarta Pusat 01,Kusuma Dominik,P,Makanan & Minuman,susu kotak 1 l,DKI Jakarta,Jakarta Pusat,4163600
01-12-2022,PHI Mini Market - Jakarta Pusat 01,Kusuma Dominik,P,Makanan & Minuman,telur ayam kampung 1 kg,DKI Jakarta,Jakarta Pusat,7277840
01-12-2022,PHI Mini Market - Jakarta Pusat 01,Kusuma Dominik,P,Makanan & Minuman,telur ayam ras 1 kg,DKI Jakarta,Jakarta Pusat,3549750
01-12-2022,PHI Mini Market - Jakarta Pusat 01,Kusuma Dominik,P,Sayur-Sayuran,bawang merah 1 kg,DKI Jakarta,Jakarta Pusat,3559990
01-12-2022,PHI Mini Market - Jakarta Pusat 01,Kusuma Dominik,P,Sayur-Sayuran,bawang putih 1 kg,DKI Jakarta,Jakarta Pusat,1248700
01-12-2022,PHI Mini Market - Jakarta Pusat 01,Kusuma Dominik,P,Sayur-Sayuran,buncis 1 kg,DKI Jakarta,Jakarta Pusat,2399430
01-12-2022,PHI Mini Market - Jakarta Pusat 01,Kusuma Dominik,P,Sayur-Sayuran,kacang hijau 1 kg,DKI Jakarta,Jakarta Pusat,3121910
01-12-2022,PHI Mini Market - Jakarta Pusat 01,Kusuma Dominik,P,Sayur-Sayuran,kacang panjang 1 kg,DKI Jakarta,Jakarta Pusat,2804750
01-12-2022,PHI Mini Market - Jakarta Pusat 01,Kusuma Dominik,P,Sayur-Sayuran,kentang 1 kg,DKI Jakarta,Jakarta Pusat,1904500
01-12-2022,PHI Mini Market - Jakarta Pusat 01,Kusuma Dominik,P,Sayur-Sayuran,ketimun 1 kg,DKI Jakarta,Jakarta Pusat,1049220
01-12-2022,PHI Mini Market - Jakarta Pusat 01,Kusuma Dominik,P,Sayur-Sayuran,kobis 1 kg,DKI Jakarta,Jakarta Pusat,479970
01-12-2022,PHI Mini Market - Jakarta Pusat 01,Kusuma Dominik,P,Sayur-Sayuran,tomat 1 kg,DKI Jakarta,Jakarta Pusat,1317470
01-12-2022,PHI Mini Market - Jakarta Pusat 01,Kusuma Dominik,P,Sayur-Sayuran,ubi jalar 1 kg,DKI Jakarta,Jakarta Pusat,314910
01-12-2022,PHI Mini Market - Jakarta Pusat 01,Kusuma Dominik,P,Sayur-Sayuran,ubi kayu basah 1 kg,DKI Jakarta,Jakarta Pusat,341900
01-12-2022,PHI Mini Market - Jakarta Pusat 01,Kusuma Dominik,P,Sayur-Sayuran,wortel 1 kg,DKI Jakarta,Jakarta Pusat,879210
01-12-2022,PHI Mini Market - Jakarta Pusat 01,Sentosa Indrawan,P,Buah,alpukat 1 kg,DKI Jakarta,Jakarta Pusat,1970780
01-12-2022,PHI Mini Market - Jakarta Pusat 01,Sentosa Indrawan,P,Buah,apel 1 kg,DKI Jakarta,Jakarta Pusat,19483040
01-12-2022,PHI Mini Market - Jakarta Pusat 01,Sentosa Indrawan,P,Buah,belimbing 1 kg,DKI Jakarta,Jakarta Pusat,967450
01-12-2022,PHI Mini Market - Jakarta Pusat 01,Sentosa Indrawan,P,Buah,durian 1 kg,DKI Jakarta,Jakarta Pusat,6052420
01-12-2022,PHI Mini Market - Jakarta Pusat 01,Sentosa Indrawan,P,Buah,jeruk 1 kg,DKI Jakarta,Jakarta Pusat,3777300
01-12-2022,PHI Mini Market - Jakarta Pusat 01,Sentosa Indrawan,P,Buah,kelapa muda,DKI Jakarta,Jakarta Pusat,1283460
01-12-2022,PHI Mini Market - Jakarta Pusat 01,Sentosa Indrawan,P,Makanan & Minuman,air mineral 600 ml,DKI Jakarta,Jakarta Pusat,295300
01-12-2022,PHI Mini Market - Jakarta Pusat 01,Sentosa Indrawan,P,Makanan & Minuman,bumbu fried chicken,DKI Jakarta,Jakarta Pusat,3543180
01-12-2022,PHI Mini Market - Jakarta Pusat 01,Sentosa Indrawan,P,Makanan & Minuman,jus kesehatan 600 ml,DKI Jakarta,Jakarta Pusat,2922680
01-12-2022,PHI Mini Market - Jakarta Pusat 01,Sentosa Indrawan,P,Makanan & Minuman,kacang goreng 1 kg,DKI Jakarta,Jakarta Pusat,4057410
01-12-2022,PHI Mini Market - Jakarta Pusat 01,Sentosa Indrawan,P,Makanan & Minuman,kacang mete 1 kg,DKI Jakarta,Jakarta Pusat,20341650
01-12-2022,PHI Mini Market - Jakarta Pusat 01,Sentosa Indrawan,P,Makanan & Minuman,markisa 600 ml,DKI Jakarta,Jakarta Pusat,4272890
01-12-2022,PHI Mini Market - Jakarta Pusat 01,Sentosa Indrawan,P,Makanan & Minuman,mie instant 1 kotak (40 bungkus),DKI Jakarta,Jakarta Pusat,28464200
01-12-2022,PHI Mini Market - Jakarta Pusat 01,Sentosa Indrawan,P,Makanan & Minuman,minuman probiotik,DKI Jakarta,Jakarta Pusat,333560
01-12-2022,PHI Mini Market - Jakarta Pusat 01,Sentosa Indrawan,P,Makanan & Minuman,nasi goreng instant (1 ons),DKI Jakarta,Jakarta Pusat,881820
01-12-2022,PHI Mini Market - Jakarta Pusat 01,Sentosa Indrawan,P,Makanan & Minuman,snack gurih 1 ons,DKI Jakarta,Jakarta Pusat,2091220
01-12-2022,PHI Mini Market - Jakarta Pusat 01,Sentosa Indrawan,P,Makanan & Minuman,susu kotak (800 ml),DKI Jakarta,Jakarta Pusat,3531950
01-12-2022,PHI Mini Market - Jakarta Pusat 01,Sentosa Indrawan,P,Makanan & Minuman,susu kotak 1 l,DKI Jakarta,Jakarta Pusat,2263380
01-12-2022,PHI Mini Market - Jakarta Pusat 01,Sentosa Indrawan,P,Makanan & Minuman,telur ayam kampung 1 kg,DKI Jakarta,Jakarta Pusat,4966720
01-12-2022,PHI Mini Market - Jakarta Pusat 01,Sentosa Indrawan,P,Makanan & Minuman,telur ayam ras 1 kg,DKI Jakarta,Jakarta Pusat,3145010
01-12-2022,PHI Mini Market - Jakarta Pusat 01,Sentosa Indrawan,P,Sayur-Sayuran,bawang merah 1 kg,DKI Jakarta,Jakarta Pusat,3761940
01-12-2022,PHI Mini Market - Jakarta Pusat 01,Sentosa Indrawan,P,Sayur-Sayuran,bawang putih 1 kg,DKI Jakarta,Jakarta Pusat,1146220
01-12-2022,PHI Mini Market - Jakarta Pusat 01,Sentosa Indrawan,P,Sayur-Sayuran,buncis 1 kg,DKI Jakarta,Jakarta Pusat,2713050
01-12-2022,PHI Mini Market - Jakarta Pusat 01,Sentosa Indrawan,P,Sayur-Sayuran,kacang hijau 1 kg,DKI Jakarta,Jakarta Pusat,1856950
01-12-2022,PHI Mini Market - Jakarta Pusat 01,Sentosa Indrawan,P,Sayur-Sayuran,kacang panjang 1 kg,DKI Jakarta,Jakarta Pusat,2307520
01-12-2022,PHI Mini Market - Jakarta Pusat 01,Sentosa Indrawan,P,Sayur-Sayuran,kentang 1 kg,DKI Jakarta,Jakarta Pusat,2251400
01-12-2022,PHI Mini Market - Jakarta Pusat 01,Sentosa Indrawan,P,Sayur-Sayuran,ketimun 1 kg,DKI Jakarta,Jakarta Pusat,1611970
01-12-2022,PHI Mini Market - Jakarta Pusat 01,Sentosa Indrawan,P,Sayur-Sayuran,kobis 1 kg,DKI Jakarta,Jakarta Pusat,451830
01-12-2022,PHI Mini Market - Jakarta Pusat 01,Sentosa Indrawan,P,Sayur-Sayuran,tomat 1 kg,DKI Jakarta,Jakarta Pusat,1704940
01-12-2022,PHI Mini Market - Jakarta Pusat 01,Sentosa Indrawan,P,Sayur-Sayuran,ubi jalar 1 kg,DKI Jakarta,Jakarta Pusat,296150
01-12-2022,PHI Mini Market - Jakarta Pusat 01,Sentosa Indrawan,P,Sayur-Sayuran,ubi kayu basah 1 kg,DKI Jakarta,Jakarta Pusat,360710
01-12-2022,PHI Mini Market - Jakarta Pusat 01,Sentosa Indrawan,P,Sayur-Sayuran,wortel 1 kg,DKI Jakarta,Jakarta Pusat,895070
01-12-2022,PHI Mini Market - Makassar 01,Agus Dewangga,P,Buah,alpukat 1 kg,Sulawesi Selatan,Makassar,2019190
01-12-2022,PHI Mini Market - Makassar 01,Agus Dewangga,P,Buah,apel 1 kg,Sulawesi Selatan,Makassar,17935490
01-12-2022,PHI Mini Market - Makassar 01,Agus Dewangga,P,Buah,belimbing 1 kg,Sulawesi Selatan,Makassar,944900
01-12-2022,PHI Mini Market - Makassar 01,Agus Dewangga,P,Buah,durian 1 kg,Sulawesi Selatan,Makassar,7283260
01-12-2022,PHI Mini Market - Makassar 01,Agus Dewangga,P,Buah,jeruk 1 kg,Sulawesi Selatan,Makassar,4144010
01-12-2022,PHI Mini Market - Makassar 01,Agus Dewangga,P,Buah,kelapa muda,Sulawesi Selatan,Makassar,1434270
01-12-2022,PHI Mini Market - Makassar 01,Agus Dewangga,P,Buah,mangga 1 kg,Sulawesi Selatan,Makassar,3742180
01-12-2022,PHI Mini Market - Makassar 01,Agus Dewangga,P,Makanan & Minuman,air mineral 600 ml,Sulawesi Selatan,Makassar,385620
01-12-2022,PHI Mini Market - Makassar 01,Agus Dewangga,P,Makanan & Minuman,bumbu fried chicken,Sulawesi Selatan,Makassar,2482410
01-12-2022,PHI Mini Market - Makassar 01,Agus Dewangga,P,Makanan & Minuman,jus kesehatan 600 ml,Sulawesi Selatan,Makassar,2141660
01-12-2022,PHI Mini Market - Makassar 01,Agus Dewangga,P,Makanan & Minuman,kacang goreng 1 kg,Sulawesi Selatan,Makassar,3008770
01-12-2022,PHI Mini Market - Makassar 01,Agus Dewangga,P,Makanan & Minuman,kacang mete 1 kg,Sulawesi Selatan,Makassar,28149660
01-12-2022,PHI Mini Market - Makassar 01,Agus Dewangga,P,Makanan & Minuman,markisa 600 ml,Sulawesi Selatan,Makassar,3704490
01-12-2022,PHI Mini Market - Makassar 01,Agus Dewangga,P,Makanan & Minuman,mie instant 1 kotak (40 bungkus),Sulawesi Selatan,Makassar,24662330
01-12-2022,PHI Mini Market - Makassar 01,Agus Dewangga,P,Makanan & Minuman,minuman probiotik,Sulawesi Selatan,Makassar,229640
01-12-2022,PHI Mini Market - Makassar 01,Agus Dewangga,P,Makanan & Minuman,nasi goreng instant (1 ons),Sulawesi Selatan,Makassar,2703890
01-12-2022,PHI Mini Market - Makassar 01,Agus Dewangga,P,Makanan & Minuman,snack gurih 1 ons,Sulawesi Selatan,Makassar,1504220
01-12-2022,PHI Mini Market - Makassar 01,Agus Dewangga,P,Makanan & Minuman,susu kotak (800 ml),Sulawesi Selatan,Makassar,4039880
01-12-2022,PHI Mini Market - Makassar 01,Agus Dewangga,P,Makanan & Minuman,susu kotak 1 l,Sulawesi Selatan,Makassar,3372120
01-12-2022,PHI Mini Market - Makassar 01,Agus Dewangga,P,Makanan & Minuman,telur ayam kampung 1 kg,Sulawesi Selatan,Makassar,6291540
01-12-2022,PHI Mini Market - Makassar 01,Agus Dewangga,P,Makanan & Minuman,telur ayam ras 1 kg,Sulawesi Selatan,Makassar,4637880
01-12-2022,PHI Mini Market - Makassar 01,Agus Dewangga,P,Sayur-Sayuran,bawang merah 1 kg,Sulawesi Selatan,Makassar,4955250
01-12-2022,PHI Mini Market - Makassar 01,Agus Dewangga,P,Sayur-Sayuran,bawang putih 1 kg,Sulawesi Selatan,Makassar,1010630
01-12-2022,PHI Mini Market - Makassar 01,Agus Dewangga,P,Sayur-Sayuran,buncis 1 kg,Sulawesi Selatan,Makassar,1560800
01-12-2022,PHI Mini Market - Makassar 01,Agus Dewangga,P,Sayur-Sayuran,kacang hijau 1 kg,Sulawesi Selatan,Makassar,1425760
01-12-2022,PHI Mini Market - Makassar 01,Agus Dewangga,P,Sayur-Sayuran,kacang panjang 1 kg,Sulawesi Selatan,Makassar,2879490
01-12-2022,PHI Mini Market - Makassar 01,Agus Dewangga,P,Sayur-Sayuran,kentang 1 kg,Sulawesi Selatan,Makassar,3272770
01-12-2022,PHI Mini Market - Makassar 01,Agus Dewangga,P,Sayur-Sayuran,ketimun 1 kg,Sulawesi Selatan,Makassar,1831170
01-12-2022,PHI Mini Market - Makassar 01,Agus Dewangga,P,Sayur-Sayuran,kobis 1 kg,Sulawesi Selatan,Makassar,308970
01-12-2022,PHI Mini Market - Makassar 01,Agus Dewangga,P,Sayur-Sayuran,tomat 1 kg,Sulawesi Selatan,Makassar,1308500
01-12-2022,PHI Mini Market - Makassar 01,Agus Dewangga,P,Sayur-Sayuran,ubi jalar 1 kg,Sulawesi Selatan,Makassar,322050
01-12-2022,PHI Mini Market - Makassar 01,Agus Dewangga,P,Sayur-Sayuran,ubi kayu basah 1 kg,Sulawesi Selatan,Makassar,360150
01-12-2022,PHI Mini Market - Makassar 01,Agus Dewangga,P,Sayur-Sayuran,wortel 1 kg,Sulawesi Selatan,Makassar,969050
01-12-2022,PHI Mini Market - Makassar 01,Bintang Maven,W,Buah,alpukat 1 kg,Sulawesi Selatan,Makassar,2821310
01-12-2022,PHI Mini Market - Makassar 01,Bintang Maven,W,Buah,apel 1 kg,Sulawesi Selatan,Makassar,15122940
01-12-2022,PHI Mini Market - Makassar 01,Bintang Maven,W,Buah,belimbing 1 kg,Sulawesi Selatan,Makassar,1583940
01-12-2022,PHI Mini Market - Makassar 01,Bintang Maven,W,Buah,durian 1 kg,Sulawesi Selatan,Makassar,5129710
01-12-2022,PHI Mini Market - Makassar 01,Bintang Maven,W,Buah,jeruk 1 kg,Sulawesi Selatan,Makassar,1927240
01-12-2022,PHI Mini Market - Makassar 01,Bintang Maven,W,Buah,kelapa muda,Sulawesi Selatan,Makassar,1422060
01-12-2022,PHI Mini Market - Makassar 01,Bintang Maven,W,Buah,mangga 1 kg,Sulawesi Selatan,Makassar,6333200
01-12-2022,PHI Mini Market - Makassar 01,Bintang Maven,W,Makanan & Minuman,air mineral 600 ml,Sulawesi Selatan,Makassar,471490
01-12-2022,PHI Mini Market - Makassar 01,Bintang Maven,W,Makanan & Minuman,bumbu fried chicken,Sulawesi Selatan,Makassar,3947990
01-12-2022,PHI Mini Market - Makassar 01,Bintang Maven,W,Makanan & Minuman,jus kesehatan 600 ml,Sulawesi Selatan,Makassar,3161560
01-12-2022,PHI Mini Market - Makassar 01,Bintang Maven,W,Makanan & Minuman,kacang goreng 1 kg,Sulawesi Selatan,Makassar,4883830
01-12-2022,PHI Mini Market - Makassar 01,Bintang Maven,W,Makanan & Minuman,kacang mete 1 kg,Sulawesi Selatan,Makassar,15578320
01-12-2022,PHI Mini Market - Makassar 01,Bintang Maven,W,Makanan & Minuman,markisa 600 ml,Sulawesi Selatan,Makassar,4318470
01-12-2022,PHI Mini Market - Makassar 01,Bintang Maven,W,Makanan & Minuman,mie instant 1 kotak (40 bungkus),Sulawesi Selatan,Makassar,26165280
01-12-2022,PHI Mini Market - Makassar 01,Bintang Maven,W,Makanan & Minuman,minuman probiotik,Sulawesi Selatan,Makassar,256800
01-12-2022,PHI Mini Market - Makassar 01,Bintang Maven,W,Makanan & Minuman,nasi goreng instant (1 ons),Sulawesi Selatan,Makassar,1973360
01-12-2022,PHI Mini Market - Makassar 01,Bintang Maven,W,Makanan & Minuman,snack gurih 1 ons,Sulawesi Selatan,Makassar,1438750
01-12-2022,PHI Mini Market - Makassar 01,Bintang Maven,W,Makanan & Minuman,susu kotak (800 ml),Sulawesi Selatan,Makassar,4227020
01-12-2022,PHI Mini Market - Makassar 01,Bintang Maven,W,Makanan & Minuman,susu kotak 1 l,Sulawesi Selatan,Makassar,2826570
01-12-2022,PHI Mini Market - Makassar 01,Bintang Maven,W,Makanan & Minuman,telur ayam kampung 1 kg,Sulawesi Selatan,Makassar,5098800
01-12-2022,PHI Mini Market - Makassar 01,Bintang Maven,W,Makanan & Minuman,telur ayam ras 1 kg,Sulawesi Selatan,Makassar,3370300
01-12-2022,PHI Mini Market - Makassar 01,Bintang Maven,W,Sayur-Sayuran,bawang merah 1 kg,Sulawesi Selatan,Makassar,4336770
01-12-2022,PHI Mini Market - Makassar 01,Bintang Maven,W,Sayur-Sayuran,bawang putih 1 kg,Sulawesi Selatan,Makassar,1013770
01-12-2022,PHI Mini Market - Makassar 01,Bintang Maven,W,Sayur-Sayuran,buncis 1 kg,Sulawesi Selatan,Makassar,1860450
01-12-2022,PHI Mini Market - Makassar 01,Bintang Maven,W,Sayur-Sayuran,kacang hijau 1 kg,Sulawesi Selatan,Makassar,1976080
01-12-2022,PHI Mini Market - Makassar 01,Bintang Maven,W,Sayur-Sayuran,kacang panjang 1 kg,Sulawesi Selatan,Makassar,2874410
01-12-2022,PHI Mini Market - Makassar 01,Bintang Maven,W,Sayur-Sayuran,kentang 1 kg,Sulawesi Selatan,Makassar,3850300
01-12-2022,PHI Mini Market - Makassar 01,Bintang Maven,W,Sayur-Sayuran,ketimun 1 kg,Sulawesi Selatan,Makassar,1626590
01-12-2022,PHI Mini Market - Makassar 01,Bintang Maven,W,Sayur-Sayuran,kobis 1 kg,Sulawesi Selatan,Makassar,397390
01-12-2022,PHI Mini Market - Makassar 01,Bintang Maven,W,Sayur-Sayuran,tomat 1 kg,Sulawesi Selatan,Makassar,1729800
01-12-2022,PHI Mini Market - Makassar 01,Bintang Maven,W,Sayur-Sayuran,ubi jalar 1 kg,Sulawesi Selatan,Makassar,348070
01-12-2022,PHI Mini Market - Makassar 01,Bintang Maven,W,Sayur-Sayuran,ubi kayu basah 1 kg,Sulawesi Selatan,Makassar,326430
01-12-2022,PHI Mini Market - Makassar 01,Bintang Maven,W,Sayur-Sayuran,wortel 1 kg,Sulawesi Selatan,Makassar,1109070
01-12-2022,PHI Mini Market - Makassar 01,Eriq Jagat,P,Buah,alpukat 1 kg,Sulawesi Selatan,Makassar,2189170
01-12-2022,PHI Mini Market - Makassar 01,Eriq Jagat,P,Buah,apel 1 kg,Sulawesi Selatan,Makassar,19922200
01-12-2022,PHI Mini Market - Makassar 01,Eriq Jagat,P,Buah,belimbing 1 kg,Sulawesi Selatan,Makassar,1541120
01-12-2022,PHI Mini Market - Makassar 01,Eriq Jagat,P,Buah,durian 1 kg,Sulawesi Selatan,Makassar,6667850
01-12-2022,PHI Mini Market - Makassar 01,Eriq Jagat,P,Buah,jeruk 1 kg,Sulawesi Selatan,Makassar,4082720
01-12-2022,PHI Mini Market - Makassar 01,Eriq Jagat,P,Buah,kelapa muda,Sulawesi Selatan,Makassar,2394700
01-12-2022,PHI Mini Market - Makassar 01,Eriq Jagat,P,Makanan & Minuman,air mineral 600 ml,Sulawesi Selatan,Makassar,488070
01-12-2022,PHI Mini Market - Makassar 01,Eriq Jagat,P,Makanan & Minuman,bumbu fried chicken,Sulawesi Selatan,Makassar,5764930
01-12-2022,PHI Mini Market - Makassar 01,Eriq Jagat,P,Makanan & Minuman,jus kesehatan 600 ml,Sulawesi Selatan,Makassar,2813040
01-12-2022,PHI Mini Market - Makassar 01,Eriq Jagat,P,Makanan & Minuman,kacang goreng 1 kg,Sulawesi Selatan,Makassar,4337390
01-12-2022,PHI Mini Market - Makassar 01,Eriq Jagat,P,Makanan & Minuman,kacang mete 1 kg,Sulawesi Selatan,Makassar,27009970
01-12-2022,PHI Mini Market - Makassar 01,Eriq Jagat,P,Makanan & Minuman,markisa 600 ml,Sulawesi Selatan,Makassar,3680000
01-12-2022,PHI Mini Market - Makassar 01,Eriq Jagat,P,Makanan & Minuman,mie instant 1 kotak (40 bungkus),Sulawesi Selatan,Makassar,37869930
01-12-2022,PHI Mini Market - Makassar 01,Eriq Jagat,P,Makanan & Minuman,minuman probiotik,Sulawesi Selatan,Makassar,332910
01-12-2022,PHI Mini Market - Makassar 01,Eriq Jagat,P,Makanan & Minuman,nasi goreng instant (1 ons),Sulawesi Selatan,Makassar,1619770
01-12-2022,PHI Mini Market - Makassar 01,Eriq Jagat,P,Makanan & Minuman,snack gurih 1 ons,Sulawesi Selatan,Makassar,2097270
01-12-2022,PHI Mini Market - Makassar 01,Eriq Jagat,P,Makanan & Minuman,susu kotak (800 ml),Sulawesi Selatan,Makassar,3552580
01-12-2022,PHI Mini Market - Makassar 01,Eriq Jagat,P,Makanan & Minuman,susu kotak 1 l,Sulawesi Selatan,Makassar,2324570
01-12-2022,PHI Mini Market - Makassar 01,Eriq Jagat,P,Makanan & Minuman,telur ayam kampung 1 kg,Sulawesi Selatan,Makassar,4358200
01-12-2022,PHI Mini Market - Makassar 01,Eriq Jagat,P,Makanan & Minuman,telur ayam ras 1 kg,Sulawesi Selatan,Makassar,1995740
01-12-2022,PHI Mini Market - Makassar 01,Eriq Jagat,P,Sayur-Sayuran,bawang merah 1 kg,Sulawesi Selatan,Makassar,2757210
01-12-2022,PHI Mini Market - Makassar 01,Eriq Jagat,P,Sayur-Sayuran,bawang putih 1 kg,Sulawesi Selatan,Makassar,1234210
01-12-2022,PHI Mini Market - Makassar 01,Eriq Jagat,P,Sayur-Sayuran,buncis 1 kg,Sulawesi Selatan,Makassar,2019520
01-12-2022,PHI Mini Market - Makassar 01,Eriq Jagat,P,Sayur-Sayuran,kacang hijau 1 kg,Sulawesi Selatan,Makassar,2770480
01-12-2022,PHI Mini Market - Makassar 01,Eriq Jagat,P,Sayur-Sayuran,kacang panjang 1 kg,Sulawesi Selatan,Makassar,2387380
01-12-2022,PHI Mini Market - Makassar 01,Eriq Jagat,P,Sayur-Sayuran,kentang 1 kg,Sulawesi Selatan,Makassar,2854410
01-12-2022,PHI Mini Market - Makassar 01,Eriq Jagat,P,Sayur-Sayuran,ketimun 1 kg,Sulawesi Selatan,Makassar,1581020
01-12-2022,PHI Mini Market - Makassar 01,Eriq Jagat,P,Sayur-Sayuran,kobis 1 kg,Sulawesi Selatan,Makassar,256430
01-12-2022,PHI Mini Market - Makassar 01,Eriq Jagat,P,Sayur-Sayuran,tomat 1 kg,Sulawesi Selatan,Makassar,2314700
01-12-2022,PHI Mini Market - Makassar 01,Eriq Jagat,P,Sayur-Sayuran,ubi jalar 1 kg,Sulawesi Selatan,Makassar,401860
01-12-2022,PHI Mini Market - Makassar 01,Eriq Jagat,P,Sayur-Sayuran,ubi kayu basah 1 kg,Sulawesi Selatan,Makassar,393660
01-12-2022,PHI Mini Market - Makassar 01,Eriq Jagat,P,Sayur-Sayuran,wortel 1 kg,Sulawesi Selatan,Makassar,949090
01-12-2022,PHI Mini Market - Makassar 01,Eriq Menawan,P,Buah,alpukat 1 kg,Sulawesi Selatan,Makassar,2584120
01-12-2022,PHI Mini Market - Makassar 01,Eriq Menawan,P,Buah,apel 1 kg,Sulawesi Selatan,Makassar,16661740
01-12-2022,PHI Mini Market - Makassar 01,Eriq Menawan,P,Buah,belimbing 1 kg,Sulawesi Selatan,Makassar,978770
01-12-2022,PHI Mini Market - Makassar 01,Eriq Menawan,P,Buah,durian 1 kg,Sulawesi Selatan,Makassar,6111120
01-12-2022,PHI Mini Market - Makassar 01,Eriq Menawan,P,Buah,jeruk 1 kg,Sulawesi Selatan,Makassar,3798140
01-12-2022,PHI Mini Market - Makassar 01,Eriq Menawan,P,Buah,kelapa muda,Sulawesi Selatan,Makassar,2828780
01-12-2022,PHI Mini Market - Makassar 01,Eriq Menawan,P,Makanan & Minuman,air mineral 600 ml,Sulawesi Selatan,Makassar,571850
01-12-2022,PHI Mini Market - Makassar 01,Eriq Menawan,P,Makanan & Minuman,bumbu fried chicken,Sulawesi Selatan,Makassar,2666670
01-12-2022,PHI Mini Market - Makassar 01,Eriq Menawan,P,Makanan & Minuman,jus kesehatan 600 ml,Sulawesi Selatan,Makassar,2713840
01-12-2022,PHI Mini Market - Makassar 01,Eriq Menawan,P,Makanan & Minuman,kacang goreng 1 kg,Sulawesi Selatan,Makassar,3556330
01-12-2022,PHI Mini Market - Makassar 01,Eriq Menawan,P,Makanan & Minuman,kacang mete 1 kg,Sulawesi Selatan,Makassar,25229660
01-12-2022,PHI Mini Market - Makassar 01,Eriq Menawan,P,Makanan & Minuman,markisa 600 ml,Sulawesi Selatan,Makassar,3468490
01-12-2022,PHI Mini Market - Makassar 01,Eriq Menawan,P,Makanan & Minuman,mie instant 1 kotak (40 bungkus),Sulawesi Selatan,Makassar,25226020
01-12-2022,PHI Mini Market - Makassar 01,Eriq Menawan,P,Makanan & Minuman,minuman probiotik,Sulawesi Selatan,Makassar,283630
01-12-2022,PHI Mini Market - Makassar 01,Eriq Menawan,P,Makanan & Minuman,nasi goreng instant (1 ons),Sulawesi Selatan,Makassar,1561750
01-12-2022,PHI Mini Market - Makassar 01,Eriq Menawan,P,Makanan & Minuman,snack gurih 1 ons,Sulawesi Selatan,Makassar,1426260
01-12-2022,PHI Mini Market - Makassar 01,Eriq Menawan,P,Makanan & Minuman,susu kotak (800 ml),Sulawesi Selatan,Makassar,3949740
01-12-2022,PHI Mini Market - Makassar 01,Eriq Menawan,P,Makanan & Minuman,susu kotak 1 l,Sulawesi Selatan,Makassar,3593550
01-12-2022,PHI Mini Market - Makassar 01,Eriq Menawan,P,Makanan & Minuman,telur ayam kampung 1 kg,Sulawesi Selatan,Makassar,6084800
01-12-2022,PHI Mini Market - Makassar 01,Eriq Menawan,P,Makanan & Minuman,telur ayam ras 1 kg,Sulawesi Selatan,Makassar,3273670
01-12-2022,PHI Mini Market - Makassar 01,Eriq Menawan,P,Sayur-Sayuran,bawang merah 1 kg,Sulawesi Selatan,Makassar,4532230
01-12-2022,PHI Mini Market - Makassar 01,Eriq Menawan,P,Sayur-Sayuran,bawang putih 1 kg,Sulawesi Selatan,Makassar,1595860
01-12-2022,PHI Mini Market - Makassar 01,Eriq Menawan,P,Sayur-Sayuran,buncis 1 kg,Sulawesi Selatan,Makassar,1400630
01-12-2022,PHI Mini Market - Makassar 01,Eriq Menawan,P,Sayur-Sayuran,kacang hijau 1 kg,Sulawesi Selatan,Makassar,2331560
01-12-2022,PHI Mini Market - Makassar 01,Eriq Menawan,P,Sayur-Sayuran,kacang panjang 1 kg,Sulawesi Selatan,Makassar,2553860
01-12-2022,PHI Mini Market - Makassar 01,Eriq Menawan,P,Sayur-Sayuran,kentang 1 kg,Sulawesi Selatan,Makassar,2191730
01-12-2022,PHI Mini Market - Makassar 01,Eriq Menawan,P,Sayur-Sayuran,ketimun 1 kg,Sulawesi Selatan,Makassar,1107460
01-12-2022,PHI Mini Market - Makassar 01,Eriq Menawan,P,Sayur-Sayuran,kobis 1 kg,Sulawesi Selatan,Makassar,464270
01-12-2022,PHI Mini Market - Makassar 01,Eriq Menawan,P,Sayur-Sayuran,tomat 1 kg,Sulawesi Selatan,Makassar,1687960
01-12-2022,PHI Mini Market - Makassar 01,Eriq Menawan,P,Sayur-Sayuran,ubi jalar 1 kg,Sulawesi Selatan,Makassar,377820
01-12-2022,PHI Mini Market - Makassar 01,Eriq Menawan,P,Sayur-Sayuran,ubi kayu basah 1 kg,Sulawesi Selatan,Makassar,305120
01-12-2022,PHI Mini Market - Makassar 01,Eriq Menawan,P,Sayur-Sayuran,wortel 1 kg,Sulawesi Selatan,Makassar,1416920
01-12-2022,PHI Mini Market - Makassar 01,Ferdy Tenteram,P,Buah,alpukat 1 kg,Sulawesi Selatan,Makassar,1838070
01-12-2022,PHI Mini Market - Makassar 01,Ferdy Tenteram,P,Buah,apel 1 kg,Sulawesi Selatan,Makassar,19900020
01-12-2022,PHI Mini Market - Makassar 01,Ferdy Tenteram,P,Buah,belimbing 1 kg,Sulawesi Selatan,Makassar,1230940
01-12-2022,PHI Mini Market - Makassar 01,Ferdy Tenteram,P,Buah,durian 1 kg,Sulawesi Selatan,Makassar,5040290
01-12-2022,PHI Mini Market - Makassar 01,Ferdy Tenteram,P,Buah,jeruk 1 kg,Sulawesi Selatan,Makassar,4261300
01-12-2022,PHI Mini Market - Makassar 01,Ferdy Tenteram,P,Buah,kelapa muda,Sulawesi Selatan,Makassar,1655020
01-12-2022,PHI Mini Market - Makassar 01,Ferdy Tenteram,P,Buah,mangga 1 kg,Sulawesi Selatan,Makassar,4585450
01-12-2022,PHI Mini Market - Makassar 01,Ferdy Tenteram,P,Makanan & Minuman,air mineral 600 ml,Sulawesi Selatan,Makassar,253460
01-12-2022,PHI Mini Market - Makassar 01,Ferdy Tenteram,P,Makanan & Minuman,bumbu fried chicken,Sulawesi Selatan,Makassar,4335790
01-12-2022,PHI Mini Market - Makassar 01,Ferdy Tenteram,P,Makanan & Minuman,jus kesehatan 600 ml,Sulawesi Selatan,Makassar,3367840
01-12-2022,PHI Mini Market - Makassar 01,Ferdy Tenteram,P,Makanan & Minuman,kacang goreng 1 kg,Sulawesi Selatan,Makassar,4135280
01-12-2022,PHI Mini Market - Makassar 01,Ferdy Tenteram,P,Makanan & Minuman,kacang mete 1 kg,Sulawesi Selatan,Makassar,27798990
01-12-2022,PHI Mini Market - Makassar 01,Ferdy Tenteram,P,Makanan & Minuman,markisa 600 ml,Sulawesi Selatan,Makassar,6002890
01-12-2022,PHI Mini Market - Makassar 01,Ferdy Tenteram,P,Makanan & Minuman,mie instant 1 kotak (40 bungkus),Sulawesi Selatan,Makassar,29224930
01-12-2022,PHI Mini Market - Makassar 01,Ferdy Tenteram,P,Makanan & Minuman,minuman probiotik,Sulawesi Selatan,Makassar,218230
01-12-2022,PHI Mini Market - Makassar 01,Ferdy Tenteram,P,Makanan & Minuman,nasi goreng instant (1 ons),Sulawesi Selatan,Makassar,2150050
01-12-2022,PHI Mini Market - Makassar 01,Ferdy Tenteram,P,Makanan & Minuman,snack gurih 1 ons,Sulawesi Selatan,Makassar,1664270
01-12-2022,PHI Mini Market - Makassar 01,Ferdy Tenteram,P,Makanan & Minuman,susu kotak (800 ml),Sulawesi Selatan,Makassar,2346610
01-12-2022,PHI Mini Market - Makassar 01,Ferdy Tenteram,P,Makanan & Minuman,susu kotak 1 l,Sulawesi Selatan,Makassar,2687460
01-12-2022,PHI Mini Market - Makassar 01,Ferdy Tenteram,P,Makanan & Minuman,telur ayam kampung 1 kg,Sulawesi Selatan,Makassar,6745560
01-12-2022,PHI Mini Market - Makassar 01,Ferdy Tenteram,P,Makanan & Minuman,telur ayam ras 1 kg,Sulawesi Selatan,Makassar,4063540
01-12-2022,PHI Mini Market - Makassar 01,Ferdy Tenteram,P,Sayur-Sayuran,bawang merah 1 kg,Sulawesi Selatan,Makassar,3643400
01-12-2022,PHI Mini Market - Makassar 01,Ferdy Tenteram,P,Sayur-Sayuran,bawang putih 1 kg,Sulawesi Selatan,Makassar,1312580
01-12-2022,PHI Mini Market - Makassar 01,Ferdy Tenteram,P,Sayur-Sayuran,buncis 1 kg,Sulawesi Selatan,Makassar,2030780
01-12-2022,PHI Mini Market - Makassar 01,Ferdy Tenteram,P,Sayur-Sayuran,kacang hijau 1 kg,Sulawesi Selatan,Makassar,2552970
01-12-2022,PHI Mini Market - Makassar 01,Ferdy Tenteram,P,Sayur-Sayuran,kacang panjang 1 kg,Sulawesi Selatan,Makassar,3113450
01-12-2022,PHI Mini Market - Makassar 01,Ferdy Tenteram,P,Sayur-Sayuran,kentang 1 kg,Sulawesi Selatan,Makassar,3001750
01-12-2022,PHI Mini Market - Makassar 01,Ferdy Tenteram,P,Sayur-Sayuran,ketimun 1 kg,Sulawesi Selatan,Makassar,1916430
01-12-2022,PHI Mini Market - Makassar 01,Ferdy Tenteram,P,Sayur-Sayuran,kobis 1 kg,Sulawesi Selatan,Makassar,332170
01-12-2022,PHI Mini Market - Makassar 01,Ferdy Tenteram,P,Sayur-Sayuran,tomat 1 kg,Sulawesi Selatan,Makassar,1446590
01-12-2022,PHI Mini Market - Makassar 01,Ferdy Tenteram,P,Sayur-Sayuran,ubi jalar 1 kg,Sulawesi Selatan,Makassar,478430
01-12-2022,PHI Mini Market - Makassar 01,Ferdy Tenteram,P,Sayur-Sayuran,ubi kayu basah 1 kg,Sulawesi Selatan,Makassar,422510
01-12-2022,PHI Mini Market - Makassar 01,Ferdy Tenteram,P,Sayur-Sayuran,wortel 1 kg,Sulawesi Selatan,Makassar,1068810
01-12-2022,PHI Mini Market - Makassar 01,Galang Terang,P,Buah,alpukat 1 kg,Sulawesi Selatan,Makassar,2306860
01-12-2022,PHI Mini Market - Makassar 01,Galang Terang,P,Buah,apel 1 kg,Sulawesi Selatan,Makassar,15245280
01-12-2022,PHI Mini Market - Makassar 01,Galang Terang,P,Buah,belimbing 1 kg,Sulawesi Selatan,Makassar,1422830
01-12-2022,PHI Mini Market - Makassar 01,Galang Terang,P,Buah,durian 1 kg,Sulawesi Selatan,Makassar,4049420
01-12-2022,PHI Mini Market - Makassar 01,Galang Terang,P,Buah,jeruk 1 kg,Sulawesi Selatan,Makassar,4497660
01-12-2022,PHI Mini Market - Makassar 01,Galang Terang,P,Buah,kelapa muda,Sulawesi Selatan,Makassar,1349560
01-12-2022,PHI Mini Market - Makassar 01,Galang Terang,P,Buah,mangga 1 kg,Sulawesi Selatan,Makassar,3045680
01-12-2022,PHI Mini Market - Makassar 01,Galang Terang,P,Makanan & Minuman,air mineral 600 ml,Sulawesi Selatan,Makassar,496420
01-12-2022,PHI Mini Market - Makassar 01,Galang Terang,P,Makanan & Minuman,bumbu fried chicken,Sulawesi Selatan,Makassar,3922000
01-12-2022,PHI Mini Market - Makassar 01,Galang Terang,P,Makanan & Minuman,jus kesehatan 600 ml,Sulawesi Selatan,Makassar,2850120
01-12-2022,PHI Mini Market - Makassar 01,Galang Terang,P,Makanan & Minuman,kacang goreng 1 kg,Sulawesi Selatan,Makassar,4800460
01-12-2022,PHI Mini Market - Makassar 01,Galang Terang,P,Makanan & Minuman,kacang mete 1 kg,Sulawesi Selatan,Makassar,20838650
01-12-2022,PHI Mini Market - Makassar 01,Galang Terang,P,Makanan & Minuman,markisa 600 ml,Sulawesi Selatan,Makassar,5309210
01-12-2022,PHI Mini Market - Makassar 01,Galang Terang,P,Makanan & Minuman,mie instant 1 kotak (40 bungkus),Sulawesi Selatan,Makassar,27871950
01-12-2022,PHI Mini Market - Makassar 01,Galang Terang,P,Makanan & Minuman,minuman probiotik,Sulawesi Selatan,Makassar,316120
01-12-2022,PHI Mini Market - Makassar 01,Galang Terang,P,Makanan & Minuman,nasi goreng instant (1 ons),Sulawesi Selatan,Makassar,1612220
01-12-2022,PHI Mini Market - Makassar 01,Galang Terang,P,Makanan & Minuman,snack gurih 1 ons,Sulawesi Selatan,Makassar,2102950
01-12-2022,PHI Mini Market - Makassar 01,Galang Terang,P,Makanan & Minuman,susu kotak (800 ml),Sulawesi Selatan,Makassar,3605860
01-12-2022,PHI Mini Market - Makassar 01,Galang Terang,P,Makanan & Minuman,susu kotak 1 l,Sulawesi Selatan,Makassar,3424320
01-12-2022,PHI Mini Market - Makassar 01,Galang Terang,P,Makanan & Minuman,telur ayam kampung 1 kg,Sulawesi Selatan,Makassar,5585160
01-12-2022,PHI Mini Market - Makassar 01,Galang Terang,P,Makanan & Minuman,telur ayam ras 1 kg,Sulawesi Selatan,Makassar,3732190
01-12-2022,PHI Mini Market - Makassar 01,Galang Terang,P,Sayur-Sayuran,bawang merah 1 kg,Sulawesi Selatan,Makassar,4278180
01-12-2022,PHI Mini Market - Makassar 01,Galang Terang,P,Sayur-Sayuran,bawang putih 1 kg,Sulawesi Selatan,Makassar,1178160
01-12-2022,PHI Mini Market - Makassar 01,Galang Terang,P,Sayur-Sayuran,buncis 1 kg,Sulawesi Selatan,Makassar,2337440
01-12-2022,PHI Mini Market - Makassar 01,Galang Terang,P,Sayur-Sayuran,kacang hijau 1 kg,Sulawesi Selatan,Makassar,2185280
01-12-2022,PHI Mini Market - Makassar 01,Galang Terang,P,Sayur-Sayuran,kacang panjang 1 kg,Sulawesi Selatan,Makassar,2890770
01-12-2022,PHI Mini Market - Makassar 01,Galang Terang,P,Sayur-Sayuran,kentang 1 kg,Sulawesi Selatan,Makassar,2205860
01-12-2022,PHI Mini Market - Makassar 01,Galang Terang,P,Sayur-Sayuran,ketimun 1 kg,Sulawesi Selatan,Makassar,1470530
01-12-2022,PHI Mini Market - Makassar 01,Galang Terang,P,Sayur-Sayuran,kobis 1 kg,Sulawesi Selatan,Makassar,345310
01-12-2022,PHI Mini Market - Makassar 01,Galang Terang,P,Sayur-Sayuran,tomat 1 kg,Sulawesi Selatan,Makassar,1261590
01-12-2022,PHI Mini Market - Makassar 01,Galang Terang,P,Sayur-Sayuran,ubi jalar 1 kg,Sulawesi Selatan,Makassar,352130
01-12-2022,PHI Mini Market - Makassar 01,Galang Terang,P,Sayur-Sayuran,ubi kayu basah 1 kg,Sulawesi Selatan,Makassar,467990
01-12-2022,PHI Mini Market - Makassar 01,Galang Terang,P,Sayur-Sayuran,wortel 1 kg,Sulawesi Selatan,Makassar,817690
01-12-2022,PHI Mini Market - Makassar 01,Kristina Damai,W,Buah,alpukat 1 kg,Sulawesi Selatan,Makassar,2012500
01-12-2022,PHI Mini Market - Makassar 01,Kristina Damai,W,Buah,apel 1 kg,Sulawesi Selatan,Makassar,25045810
01-12-2022,PHI Mini Market - Makassar 01,Kristina Damai,W,Buah,belimbing 1 kg,Sulawesi Selatan,Makassar,715610
01-12-2022,PHI Mini Market - Makassar 01,Kristina Damai,W,Buah,durian 1 kg,Sulawesi Selatan,Makassar,6601380
01-12-2022,PHI Mini Market - Makassar 01,Kristina Damai,W,Buah,jeruk 1 kg,Sulawesi Selatan,Makassar,3005940
01-12-2022,PHI Mini Market - Makassar 01,Kristina Damai,W,Buah,kelapa muda,Sulawesi Selatan,Makassar,1797740
01-12-2022,PHI Mini Market - Makassar 01,Kristina Damai,W,Buah,mangga 1 kg,Sulawesi Selatan,Makassar,6523120
01-12-2022,PHI Mini Market - Makassar 01,Kristina Damai,W,Makanan & Minuman,air mineral 600 ml,Sulawesi Selatan,Makassar,364450
01-12-2022,PHI Mini Market - Makassar 01,Kristina Damai,W,Makanan & Minuman,bumbu fried chicken,Sulawesi Selatan,Makassar,3421270
01-12-2022,PHI Mini Market - Makassar 01,Kristina Damai,W,Makanan & Minuman,jus kesehatan 600 ml,Sulawesi Selatan,Makassar,3156360
01-12-2022,PHI Mini Market - Makassar 01,Kristina Damai,W,Makanan & Minuman,kacang goreng 1 kg,Sulawesi Selatan,Makassar,3647940
01-12-2022,PHI Mini Market - Makassar 01,Kristina Damai,W,Makanan & Minuman,kacang mete 1 kg,Sulawesi Selatan,Makassar,21857080
01-12-2022,PHI Mini Market - Makassar 01,Kristina Damai,W,Makanan & Minuman,markisa 600 ml,Sulawesi Selatan,Makassar,4429220
01-12-2022,PHI Mini Market - Makassar 01,Kristina Damai,W,Makanan & Minuman,mie instant 1 kotak (40 bungkus),Sulawesi Selatan,Makassar,36799820
01-12-2022,PHI Mini Market - Makassar 01,Kristina Damai,W,Makanan & Minuman,minuman probiotik,Sulawesi Selatan,Makassar,298370
01-12-2022,PHI Mini Market - Makassar 01,Kristina Damai,W,Makanan & Minuman,nasi goreng instant (1 ons),Sulawesi Selatan,Makassar,3410720
01-12-2022,PHI Mini Market - Makassar 01,Kristina Damai,W,Makanan & Minuman,snack gurih 1 ons,Sulawesi Selatan,Makassar,958070
01-12-2022,PHI Mini Market - Makassar 01,Kristina Damai,W,Makanan & Minuman,susu kotak (800 ml),Sulawesi Selatan,Makassar,3416170
01-12-2022,PHI Mini Market - Makassar 01,Kristina Damai,W,Makanan & Minuman,susu kotak 1 l,Sulawesi Selatan,Makassar,3196380
01-12-2022,PHI Mini Market - Makassar 01,Kristina Damai,W,Makanan & Minuman,telur ayam kampung 1 kg,Sulawesi Selatan,Makassar,6478860
01-12-2022,PHI Mini Market - Makassar 01,Kristina Damai,W,Makanan & Minuman,telur ayam ras 1 kg,Sulawesi Selatan,Makassar,2875990
01-12-2022,PHI Mini Market - Makassar 01,Kristina Damai,W,Sayur-Sayuran,bawang merah 1 kg,Sulawesi Selatan,Makassar,3942800
01-12-2022,PHI Mini Market - Makassar 01,Kristina Damai,W,Sayur-Sayuran,bawang putih 1 kg,Sulawesi Selatan,Makassar,1119280
01-12-2022,PHI Mini Market - Makassar 01,Kristina Damai,W,Sayur-Sayuran,buncis 1 kg,Sulawesi Selatan,Makassar,1369410
01-12-2022,PHI Mini Market - Makassar 01,Kristina Damai,W,Sayur-Sayuran,kacang hijau 1 kg,Sulawesi Selatan,Makassar,1988260
01-12-2022,PHI Mini Market - Makassar 01,Kristina Damai,W,Sayur-Sayuran,kacang panjang 1 kg,Sulawesi Selatan,Makassar,2488530
01-12-2022,PHI Mini Market - Makassar 01,Kristina Damai,W,Sayur-Sayuran,kentang 1 kg,Sulawesi Selatan,Makassar,3362890
01-12-2022,PHI Mini Market - Makassar 01,Kristina Damai,W,Sayur-Sayuran,ketimun 1 kg,Sulawesi Selatan,Makassar,1461060
01-12-2022,PHI Mini Market - Makassar 01,Kristina Damai,W,Sayur-Sayuran,kobis 1 kg,Sulawesi Selatan,Makassar,442170
01-12-2022,PHI Mini Market - Makassar 01,Kristina Damai,W,Sayur-Sayuran,tomat 1 kg,Sulawesi Selatan,Makassar,1190170
01-12-2022,PHI Mini Market - Makassar 01,Kristina Damai,W,Sayur-Sayuran,ubi jalar 1 kg,Sulawesi Selatan,Makassar,448450
01-12-2022,PHI Mini Market - Makassar 01,Kristina Damai,W,Sayur-Sayuran,ubi kayu basah 1 kg,Sulawesi Selatan,Makassar,365980
01-12-2022,PHI Mini Market - Makassar 01,Kristina Damai,W,Sayur-Sayuran,wortel 1 kg,Sulawesi Selatan,Makassar,954440
01-12-2022,PHI Mini Market - Makassar 01,Lastri Mardi,W,Buah,alpukat 1 kg,Sulawesi Selatan,Makassar,1872150
01-12-2022,PHI Mini Market - Makassar 01,Lastri Mardi,W,Buah,apel 1 kg,Sulawesi Selatan,Makassar,18652100
01-12-2022,PHI Mini Market - Makassar 01,Lastri Mardi,W,Buah,belimbing 1 kg,Sulawesi Selatan,Makassar,1284400
01-12-2022,PHI Mini Market - Makassar 01,Lastri Mardi,W,Buah,durian 1 kg,Sulawesi Selatan,Makassar,4529570
01-12-2022,PHI Mini Market - Makassar 01,Lastri Mardi,W,Buah,jeruk 1 kg,Sulawesi Selatan,Makassar,3119590
01-12-2022,PHI Mini Market - Makassar 01,Lastri Mardi,W,Buah,kelapa muda,Sulawesi Selatan,Makassar,1421900
01-12-2022,PHI Mini Market - Makassar 01,Lastri Mardi,W,Makanan & Minuman,air mineral 600 ml,Sulawesi Selatan,Makassar,533160
01-12-2022,PHI Mini Market - Makassar 01,Lastri Mardi,W,Makanan & Minuman,bumbu fried chicken,Sulawesi Selatan,Makassar,3587940
01-12-2022,PHI Mini Market - Makassar 01,Lastri Mardi,W,Makanan & Minuman,jus kesehatan 600 ml,Sulawesi Selatan,Makassar,2545170
01-12-2022,PHI Mini Market - Makassar 01,Lastri Mardi,W,Makanan & Minuman,kacang goreng 1 kg,Sulawesi Selatan,Makassar,4616720
01-12-2022,PHI Mini Market - Makassar 01,Lastri Mardi,W,Makanan & Minuman,kacang mete 1 kg,Sulawesi Selatan,Makassar,28269760
01-12-2022,PHI Mini Market - Makassar 01,Lastri Mardi,W,Makanan & Minuman,markisa 600 ml,Sulawesi Selatan,Makassar,5274070
01-12-2022,PHI Mini Market - Makassar 01,Lastri Mardi,W,Makanan & Minuman,mie instant 1 kotak (40 bungkus),Sulawesi Selatan,Makassar,20067920
01-12-2022,PHI Mini Market - Makassar 01,Lastri Mardi,W,Makanan & Minuman,minuman probiotik,Sulawesi Selatan,Makassar,334700
01-12-2022,PHI Mini Market - Makassar 01,Lastri Mardi,W,Makanan & Minuman,nasi goreng instant (1 ons),Sulawesi Selatan,Makassar,2685240
01-12-2022,PHI Mini Market - Makassar 01,Lastri Mardi,W,Makanan & Minuman,snack gurih 1 ons,Sulawesi Selatan,Makassar,1123280
01-12-2022,PHI Mini Market - Makassar 01,Lastri Mardi,W,Makanan & Minuman,susu kotak (800 ml),Sulawesi Selatan,Makassar,3773740
01-12-2022,PHI Mini Market - Makassar 01,Lastri Mardi,W,Makanan & Minuman,susu kotak 1 l,Sulawesi Selatan,Makassar,2902630
01-12-2022,PHI Mini Market - Makassar 01,Lastri Mardi,W,Makanan & Minuman,telur ayam kampung 1 kg,Sulawesi Selatan,Makassar,5036860
01-12-2022,PHI Mini Market - Makassar 01,Lastri Mardi,W,Makanan & Minuman,telur ayam ras 1 kg,Sulawesi Selatan,Makassar,4195710
01-12-2022,PHI Mini Market - Makassar 01,Lastri Mardi,W,Sayur-Sayuran,bawang merah 1 kg,Sulawesi Selatan,Makassar,3758210
01-12-2022,PHI Mini Market - Makassar 01,Lastri Mardi,W,Sayur-Sayuran,bawang putih 1 kg,Sulawesi Selatan,Makassar,1383360
01-12-2022,PHI Mini Market - Makassar 01,Lastri Mardi,W,Sayur-Sayuran,buncis 1 kg,Sulawesi Selatan,Makassar,2288120
01-12-2022,PHI Mini Market - Makassar 01,Lastri Mardi,W,Sayur-Sayuran,kacang hijau 1 kg,Sulawesi Selatan,Makassar,3013870
01-12-2022,PHI Mini Market - Makassar 01,Lastri Mardi,W,Sayur-Sayuran,kacang panjang 1 kg,Sulawesi Selatan,Makassar,2501740
01-12-2022,PHI Mini Market - Makassar 01,Lastri Mardi,W,Sayur-Sayuran,kentang 1 kg,Sulawesi Selatan,Makassar,3031110
01-12-2022,PHI Mini Market - Makassar 01,Lastri Mardi,W,Sayur-Sayuran,ketimun 1 kg,Sulawesi Selatan,Makassar,931820
01-12-2022,PHI Mini Market - Makassar 01,Lastri Mardi,W,Sayur-Sayuran,kobis 1 kg,Sulawesi Selatan,Makassar,283760
01-12-2022,PHI Mini Market - Makassar 01,Lastri Mardi,W,Sayur-Sayuran,tomat 1 kg,Sulawesi Selatan,Makassar,963400
01-12-2022,PHI Mini Market - Makassar 01,Lastri Mardi,W,Sayur-Sayuran,ubi jalar 1 kg,Sulawesi Selatan,Makassar,346660
01-12-2022,PHI Mini Market - Makassar 01,Lastri Mardi,W,Sayur-Sayuran,ubi kayu basah 1 kg,Sulawesi Selatan,Makassar,270790
01-12-2022,PHI Mini Market - Makassar 01,Lastri Mardi,W,Sayur-Sayuran,wortel 1 kg,Sulawesi Selatan,Makassar,924730
01-12-2022,PHI Mini Market - Makassar 01,Mawar Mardi,W,Buah,alpukat 1 kg,Sulawesi Selatan,Makassar,2018970
01-12-2022,PHI Mini Market - Makassar 01,Mawar Mardi,W,Buah,apel 1 kg,Sulawesi Selatan,Makassar,13784230
01-12-2022,PHI Mini Market - Makassar 01,Mawar Mardi,W,Buah,belimbing 1 kg,Sulawesi Selatan,Makassar,878840
01-12-2022,PHI Mini Market - Makassar 01,Mawar Mardi,W,Buah,durian 1 kg,Sulawesi Selatan,Makassar,7364100
01-12-2022,PHI Mini Market - Makassar 01,Mawar Mardi,W,Buah,jeruk 1 kg,Sulawesi Selatan,Makassar,5079460
01-12-2022,PHI Mini Market - Makassar 01,Mawar Mardi,W,Buah,kelapa muda,Sulawesi Selatan,Makassar,1888540
01-12-2022,PHI Mini Market - Makassar 01,Mawar Mardi,W,Buah,mangga 1 kg,Sulawesi Selatan,Makassar,4728000
01-12-2022,PHI Mini Market - Makassar 01,Mawar Mardi,W,Makanan & Minuman,air mineral 600 ml,Sulawesi Selatan,Makassar,370820
01-12-2022,PHI Mini Market - Makassar 01,Mawar Mardi,W,Makanan & Minuman,bumbu fried chicken,Sulawesi Selatan,Makassar,4494290
01-12-2022,PHI Mini Market - Makassar 01,Mawar Mardi,W,Makanan & Minuman,jus kesehatan 600 ml,Sulawesi Selatan,Makassar,4301260
01-12-2022,PHI Mini Market - Makassar 01,Mawar Mardi,W,Makanan & Minuman,kacang goreng 1 kg,Sulawesi Selatan,Makassar,2862090
01-12-2022,PHI Mini Market - Makassar 01,Mawar Mardi,W,Makanan & Minuman,kacang mete 1 kg,Sulawesi Selatan,Makassar,20983640
01-12-2022,PHI Mini Market - Makassar 01,Mawar Mardi,W,Makanan & Minuman,markisa 600 ml,Sulawesi Selatan,Makassar,5382910
01-12-2022,PHI Mini Market - Makassar 01,Mawar Mardi,W,Makanan & Minuman,mie instant 1 kotak (40 bungkus),Sulawesi Selatan,Makassar,46976850
01-12-2022,PHI Mini Market - Makassar 01,Mawar Mardi,W,Makanan & Minuman,minuman probiotik,Sulawesi Selatan,Makassar,414020
01-12-2022,PHI Mini Market - Makassar 01,Mawar Mardi,W,Makanan & Minuman,nasi goreng instant (1 ons),Sulawesi Selatan,Makassar,2549390
01-12-2022,PHI Mini Market - Makassar 01,Mawar Mardi,W,Makanan & Minuman,snack gurih 1 ons,Sulawesi Selatan,Makassar,2001610
01-12-2022,PHI Mini Market - Makassar 01,Mawar Mardi,W,Makanan & Minuman,susu kotak (800 ml),Sulawesi Selatan,Makassar,4969160
01-12-2022,PHI Mini Market - Makassar 01,Mawar Mardi,W,Makanan & Minuman,susu kotak 1 l,Sulawesi Selatan,Makassar,3187510
01-12-2022,PHI Mini Market - Makassar 01,Mawar Mardi,W,Makanan & Minuman,telur ayam kampung 1 kg,Sulawesi Selatan,Makassar,6598820
01-12-2022,PHI Mini Market - Makassar 01,Mawar Mardi,W,Makanan & Minuman,telur ayam ras 1 kg,Sulawesi Selatan,Makassar,3634230
01-12-2022,PHI Mini Market - Makassar 01,Mawar Mardi,W,Sayur-Sayuran,bawang merah 1 kg,Sulawesi Selatan,Makassar,3982500
01-12-2022,PHI Mini Market - Makassar 01,Mawar Mardi,W,Sayur-Sayuran,bawang putih 1 kg,Sulawesi Selatan,Makassar,1188530
01-12-2022,PHI Mini Market - Makassar 01,Mawar Mardi,W,Sayur-Sayuran,buncis 1 kg,Sulawesi Selatan,Makassar,2211930
01-12-2022,PHI Mini Market - Makassar 01,Mawar Mardi,W,Sayur-Sayuran,kacang hijau 1 kg,Sulawesi Selatan,Makassar,1563200
01-12-2022,PHI Mini Market - Makassar 01,Mawar Mardi,W,Sayur-Sayuran,kacang panjang 1 kg,Sulawesi Selatan,Makassar,2970270
01-12-2022,PHI Mini Market - Makassar 01,Mawar Mardi,W,Sayur-Sayuran,kentang 1 kg,Sulawesi Selatan,Makassar,2621280
01-12-2022,PHI Mini Market - Makassar 01,Mawar Mardi,W,Sayur-Sayuran,ketimun 1 kg,Sulawesi Selatan,Makassar,1142280
01-12-2022,PHI Mini Market - Makassar 01,Mawar Mardi,W,Sayur-Sayuran,kobis 1 kg,Sulawesi Selatan,Makassar,370410
01-12-2022,PHI Mini Market - Makassar 01,Mawar Mardi,W,Sayur-Sayuran,tomat 1 kg,Sulawesi Selatan,Makassar,1277240
01-12-2022,PHI Mini Market - Makassar 01,Mawar Mardi,W,Sayur-Sayuran,ubi jalar 1 kg,Sulawesi Selatan,Makassar,395210
01-12-2022,PHI Mini Market - Makassar 01,Mawar Mardi,W,Sayur-Sayuran,ubi kayu basah 1 kg,Sulawesi Selatan,Makassar,436150
01-12-2022,PHI Mini Market - Makassar 01,Mawar Mardi,W,Sayur-Sayuran,wortel 1 kg,Sulawesi Selatan,Makassar,901170
01-12-2022,PHI Mini Market - Makassar 01,Niken Setiawan,W,Buah,alpukat 1 kg,Sulawesi Selatan,Makassar,2480150
01-12-2022,PHI Mini Market - Makassar 01,Niken Setiawan,W,Buah,apel 1 kg,Sulawesi Selatan,Makassar,17393650
01-12-2022,PHI Mini Market - Makassar 01,Niken Setiawan,W,Buah,belimbing 1 kg,Sulawesi Selatan,Makassar,1332880
01-12-2022,PHI Mini Market - Makassar 01,Niken Setiawan,W,Buah,durian 1 kg,Sulawesi Selatan,Makassar,6872990
01-12-2022,PHI Mini Market - Makassar 01,Niken Setiawan,W,Buah,jeruk 1 kg,Sulawesi Selatan,Makassar,3364600
01-12-2022,PHI Mini Market - Makassar 01,Niken Setiawan,W,Buah,kelapa muda,Sulawesi Selatan,Makassar,1800850
01-12-2022,PHI Mini Market - Makassar 01,Niken Setiawan,W,Makanan & Minuman,air mineral 600 ml,Sulawesi Selatan,Makassar,371290
01-12-2022,PHI Mini Market - Makassar 01,Niken Setiawan,W,Makanan & Minuman,bumbu fried chicken,Sulawesi Selatan,Makassar,4656800
01-12-2022,PHI Mini Market - Makassar 01,Niken Setiawan,W,Makanan & Minuman,jus kesehatan 600 ml,Sulawesi Selatan,Makassar,2437400
01-12-2022,PHI Mini Market - Makassar 01,Niken Setiawan,W,Makanan & Minuman,kacang goreng 1 kg,Sulawesi Selatan,Makassar,4122550
01-12-2022,PHI Mini Market - Makassar 01,Niken Setiawan,W,Makanan & Minuman,kacang mete 1 kg,Sulawesi Selatan,Makassar,29926440
01-12-2022,PHI Mini Market - Makassar 01,Niken Setiawan,W,Makanan & Minuman,markisa 600 ml,Sulawesi Selatan,Makassar,4617620
01-12-2022,PHI Mini Market - Makassar 01,Niken Setiawan,W,Makanan & Minuman,mie instant 1 kotak (40 bungkus),Sulawesi Selatan,Makassar,32891440
01-12-2022,PHI Mini Market - Makassar 01,Niken Setiawan,W,Makanan & Minuman,minuman probiotik,Sulawesi Selatan,Makassar,206800
01-12-2022,PHI Mini Market - Makassar 01,Niken Setiawan,W,Makanan & Minuman,nasi goreng instant (1 ons),Sulawesi Selatan,Makassar,1990700
01-12-2022,PHI Mini Market - Makassar 01,Niken Setiawan,W,Makanan & Minuman,snack gurih 1 ons,Sulawesi Selatan,Makassar,1858990
01-12-2022,PHI Mini Market - Makassar 01,Niken Setiawan,W,Makanan & Minuman,susu kotak (800 ml),Sulawesi Selatan,Makassar,4377430
01-12-2022,PHI Mini Market - Makassar 01,Niken Setiawan,W,Makanan & Minuman,susu kotak 1 l,Sulawesi Selatan,Makassar,2459920
01-12-2022,PHI Mini Market - Makassar 01,Niken Setiawan,W,Makanan & Minuman,telur ayam kampung 1 kg,Sulawesi Selatan,Makassar,4943440
01-12-2022,PHI Mini Market - Makassar 01,Niken Setiawan,W,Makanan & Minuman,telur ayam ras 1 kg,Sulawesi Selatan,Makassar,3489850
01-12-2022,PHI Mini Market - Makassar 01,Niken Setiawan,W,Sayur-Sayuran,bawang merah 1 kg,Sulawesi Selatan,Makassar,3990080
01-12-2022,PHI Mini Market - Makassar 01,Niken Setiawan,W,Sayur-Sayuran,bawang putih 1 kg,Sulawesi Selatan,Makassar,1623680
01-12-2022,PHI Mini Market - Makassar 01,Niken Setiawan,W,Sayur-Sayuran,buncis 1 kg,Sulawesi Selatan,Makassar,2358210
01-12-2022,PHI Mini Market - Makassar 01,Niken Setiawan,W,Sayur-Sayuran,kacang hijau 1 kg,Sulawesi Selatan,Makassar,2141210
01-12-2022,PHI Mini Market - Makassar 01,Niken Setiawan,W,Sayur-Sayuran,kacang panjang 1 kg,Sulawesi Selatan,Makassar,1871830
01-12-2022,PHI Mini Market - Makassar 01,Niken Setiawan,W,Sayur-Sayuran,kentang 1 kg,Sulawesi Selatan,Makassar,2767220
01-12-2022,PHI Mini Market - Makassar 01,Niken Setiawan,W,Sayur-Sayuran,ketimun 1 kg,Sulawesi Selatan,Makassar,1519500
01-12-2022,PHI Mini Market - Makassar 01,Niken Setiawan,W,Sayur-Sayuran,kobis 1 kg,Sulawesi Selatan,Makassar,320790
01-12-2022,PHI Mini Market - Makassar 01,Niken Setiawan,W,Sayur-Sayuran,tomat 1 kg,Sulawesi Selatan,Makassar,1834450
01-12-2022,PHI Mini Market - Makassar 01,Niken Setiawan,W,Sayur-Sayuran,ubi jalar 1 kg,Sulawesi Selatan,Makassar,364270
01-12-2022,PHI Mini Market - Makassar 01,Niken Setiawan,W,Sayur-Sayuran,ubi kayu basah 1 kg,Sulawesi Selatan,Makassar,323720
01-12-2022,PHI Mini Market - Makassar 01,Niken Setiawan,W,Sayur-Sayuran,wortel 1 kg,Sulawesi Selatan,Makassar,839710
01-12-2022,PHI Mini Market - Surabaya 01,Aris Siberut,P,Buah,alpukat 1 kg,Jawa Timur,Surabaya,1998640
01-12-2022,PHI Mini Market - Surabaya 01,Aris Siberut,P,Buah,apel 1 kg,Jawa Timur,Surabaya,12740170
01-12-2022,PHI Mini Market - Surabaya 01,Aris Siberut,P,Buah,belimbing 1 kg,Jawa Timur,Surabaya,1309770
01-12-2022,PHI Mini Market - Surabaya 01,Aris Siberut,P,Buah,durian 1 kg,Jawa Timur,Surabaya,5199580
01-12-2022,PHI Mini Market - Surabaya 01,Aris Siberut,P,Buah,jeruk 1 kg,Jawa Timur,Surabaya,3159400
01-12-2022,PHI Mini Market - Surabaya 01,Aris Siberut,P,Buah,kelapa muda,Jawa Timur,Surabaya,2392250
01-12-2022,PHI Mini Market - Surabaya 01,Aris Siberut,P,Makanan & Minuman,air mineral 600 ml,Jawa Timur,Surabaya,329470
01-12-2022,PHI Mini Market - Surabaya 01,Aris Siberut,P,Makanan & Minuman,bumbu fried chicken,Jawa Timur,Surabaya,6317930
01-12-2022,PHI Mini Market - Surabaya 01,Aris Siberut,P,Makanan & Minuman,jus kesehatan 600 ml,Jawa Timur,Surabaya,2815660
01-12-2022,PHI Mini Market - Surabaya 01,Aris Siberut,P,Makanan & Minuman,kacang goreng 1 kg,Jawa Timur,Surabaya,4067880
01-12-2022,PHI Mini Market - Surabaya 01,Aris Siberut,P,Makanan & Minuman,kacang mete 1 kg,Jawa Timur,Surabaya,28578850
01-12-2022,PHI Mini Market - Surabaya 01,Aris Siberut,P,Makanan & Minuman,markisa 600 ml,Jawa Timur,Surabaya,3826600
01-12-2022,PHI Mini Market - Surabaya 01,Aris Siberut,P,Makanan & Minuman,mie instant 1 kotak (40 bungkus),Jawa Timur,Surabaya,24078410
01-12-2022,PHI Mini Market - Surabaya 01,Aris Siberut,P,Makanan & Minuman,minuman probiotik,Jawa Timur,Surabaya,345680
01-12-2022,PHI Mini Market - Surabaya 01,Aris Siberut,P,Makanan & Minuman,nasi goreng instant (1 ons),Jawa Timur,Surabaya,2770550
01-12-2022,PHI Mini Market - Surabaya 01,Aris Siberut,P,Makanan & Minuman,snack gurih 1 ons,Jawa Timur,Surabaya,1566410
01-12-2022,PHI Mini Market - Surabaya 01,Aris Siberut,P,Makanan & Minuman,susu kotak (800 ml),Jawa Timur,Surabaya,5013980
01-12-2022,PHI Mini Market - Surabaya 01,Aris Siberut,P,Makanan & Minuman,susu kotak 1 l,Jawa Timur,Surabaya,2688390
01-12-2022,PHI Mini Market - Surabaya 01,Aris Siberut,P,Makanan & Minuman,telur ayam kampung 1 kg,Jawa Timur,Surabaya,7015300
01-12-2022,PHI Mini Market - Surabaya 01,Aris Siberut,P,Makanan & Minuman,telur ayam ras 1 kg,Jawa Timur,Surabaya,4330980
01-12-2022,PHI Mini Market - Surabaya 01,Aris Siberut,P,Sayur-Sayuran,bawang merah 1 kg,Jawa Timur,Surabaya,4555690
01-12-2022,PHI Mini Market - Surabaya 01,Aris Siberut,P,Sayur-Sayuran,bawang putih 1 kg,Jawa Timur,Surabaya,1511970
01-12-2022,PHI Mini Market - Surabaya 01,Aris Siberut,P,Sayur-Sayuran,buncis 1 kg,Jawa Timur,Surabaya,1823800
01-12-2022,PHI Mini Market - Surabaya 01,Aris Siberut,P,Sayur-Sayuran,kacang hijau 1 kg,Jawa Timur,Surabaya,1998090
01-12-2022,PHI Mini Market - Surabaya 01,Aris Siberut,P,Sayur-Sayuran,kacang panjang 1 kg,Jawa Timur,Surabaya,1430670
01-12-2022,PHI Mini Market - Surabaya 01,Aris Siberut,P,Sayur-Sayuran,kentang 1 kg,Jawa Timur,Surabaya,3073520
01-12-2022,PHI Mini Market - Surabaya 01,Aris Siberut,P,Sayur-Sayuran,ketimun 1 kg,Jawa Timur,Surabaya,1811030
01-12-2022,PHI Mini Market - Surabaya 01,Aris Siberut,P,Sayur-Sayuran,kobis 1 kg,Jawa Timur,Surabaya,454020
01-12-2022,PHI Mini Market - Surabaya 01,Aris Siberut,P,Sayur-Sayuran,tomat 1 kg,Jawa Timur,Surabaya,1198290
01-12-2022,PHI Mini Market - Surabaya 01,Aris Siberut,P,Sayur-Sayuran,ubi jalar 1 kg,Jawa Timur,Surabaya,329660
01-12-2022,PHI Mini Market - Surabaya 01,Aris Siberut,P,Sayur-Sayuran,ubi kayu basah 1 kg,Jawa Timur,Surabaya,364790
01-12-2022,PHI Mini Market - Surabaya 01,Aris Siberut,P,Sayur-Sayuran,wortel 1 kg,Jawa Timur,Surabaya,1374800
01-12-2022,PHI Mini Market - Surabaya 01,Ayu Pekerti,W,Buah,alpukat 1 kg,Jawa Timur,Surabaya,2016870
01-12-2022,PHI Mini Market - Surabaya 01,Ayu Pekerti,W,Buah,apel 1 kg,Jawa Timur,Surabaya,20081330
01-12-2022,PHI Mini Market - Surabaya 01,Ayu Pekerti,W,Buah,belimbing 1 kg,Jawa Timur,Surabaya,983610
01-12-2022,PHI Mini Market - Surabaya 01,Ayu Pekerti,W,Buah,durian 1 kg,Jawa Timur,Surabaya,7272370
01-12-2022,PHI Mini Market - Surabaya 01,Ayu Pekerti,W,Buah,jeruk 1 kg,Jawa Timur,Surabaya,3752880
01-12-2022,PHI Mini Market - Surabaya 01,Ayu Pekerti,W,Buah,kelapa muda,Jawa Timur,Surabaya,1720920
01-12-2022,PHI Mini Market - Surabaya 01,Ayu Pekerti,W,Buah,mangga 1 kg,Jawa Timur,Surabaya,5148160
01-12-2022,PHI Mini Market - Surabaya 01,Ayu Pekerti,W,Makanan & Minuman,air mineral 600 ml,Jawa Timur,Surabaya,348820
01-12-2022,PHI Mini Market - Surabaya 01,Ayu Pekerti,W,Makanan & Minuman,bumbu fried chicken,Jawa Timur,Surabaya,5911610
01-12-2022,PHI Mini Market - Surabaya 01,Ayu Pekerti,W,Makanan & Minuman,jus kesehatan 600 ml,Jawa Timur,Surabaya,3500550
01-12-2022,PHI Mini Market - Surabaya 01,Ayu Pekerti,W,Makanan & Minuman,kacang goreng 1 kg,Jawa Timur,Surabaya,3616010
01-12-2022,PHI Mini Market - Surabaya 01,Ayu Pekerti,W,Makanan & Minuman,kacang mete 1 kg,Jawa Timur,Surabaya,19207010
01-12-2022,PHI Mini Market - Surabaya 01,Ayu Pekerti,W,Makanan & Minuman,markisa 600 ml,Jawa Timur,Surabaya,4028420
01-12-2022,PHI Mini Market - Surabaya 01,Ayu Pekerti,W,Makanan & Minuman,mie instant 1 kotak (40 bungkus),Jawa Timur,Surabaya,31011230
01-12-2022,PHI Mini Market - Surabaya 01,Ayu Pekerti,W,Makanan & Minuman,minuman probiotik,Jawa Timur,Surabaya,236970
01-12-2022,PHI Mini Market - Surabaya 01,Ayu Pekerti,W,Makanan & Minuman,nasi goreng instant (1 ons),Jawa Timur,Surabaya,2200790
01-12-2022,PHI Mini Market - Surabaya 01,Ayu Pekerti,W,Makanan & Minuman,snack gurih 1 ons,Jawa Timur,Surabaya,1691880
01-12-2022,PHI Mini Market - Surabaya 01,Ayu Pekerti,W,Makanan & Minuman,susu kotak (800 ml),Jawa Timur,Surabaya,2269800
01-12-2022,PHI Mini Market - Surabaya 01,Ayu Pekerti,W,Makanan & Minuman,susu kotak 1 l,Jawa Timur,Surabaya,3713560
01-12-2022,PHI Mini Market - Surabaya 01,Ayu Pekerti,W,Makanan & Minuman,telur ayam kampung 1 kg,Jawa Timur,Surabaya,7006900
01-12-2022,PHI Mini Market - Surabaya 01,Ayu Pekerti,W,Makanan & Minuman,telur ayam ras 1 kg,Jawa Timur,Surabaya,4624670
01-12-2022,PHI Mini Market - Surabaya 01,Ayu Pekerti,W,Sayur-Sayuran,bawang merah 1 kg,Jawa Timur,Surabaya,3087280
01-12-2022,PHI Mini Market - Surabaya 01,Ayu Pekerti,W,Sayur-Sayuran,bawang putih 1 kg,Jawa Timur,Surabaya,1658050
01-12-2022,PHI Mini Market - Surabaya 01,Ayu Pekerti,W,Sayur-Sayuran,buncis 1 kg,Jawa Timur,Surabaya,1845130
01-12-2022,PHI Mini Market - Surabaya 01,Ayu Pekerti,W,Sayur-Sayuran,kacang hijau 1 kg,Jawa Timur,Surabaya,1897050
01-12-2022,PHI Mini Market - Surabaya 01,Ayu Pekerti,W,Sayur-Sayuran,kacang panjang 1 kg,Jawa Timur,Surabaya,2745750
01-12-2022,PHI Mini Market - Surabaya 01,Ayu Pekerti,W,Sayur-Sayuran,kentang 1 kg,Jawa Timur,Surabaya,3299220
01-12-2022,PHI Mini Market - Surabaya 01,Ayu Pekerti,W,Sayur-Sayuran,ketimun 1 kg,Jawa Timur,Surabaya,1542510
01-12-2022,PHI Mini Market - Surabaya 01,Ayu Pekerti,W,Sayur-Sayuran,kobis 1 kg,Jawa Timur,Surabaya,363740
01-12-2022,PHI Mini Market - Surabaya 01,Ayu Pekerti,W,Sayur-Sayuran,tomat 1 kg,Jawa Timur,Surabaya,1702670
01-12-2022,PHI Mini Market - Surabaya 01,Ayu Pekerti,W,Sayur-Sayuran,ubi jalar 1 kg,Jawa Timur,Surabaya,417400
01-12-2022,PHI Mini Market - Surabaya 01,Ayu Pekerti,W,Sayur-Sayuran,ubi kayu basah 1 kg,Jawa Timur,Surabaya,421470
01-12-2022,PHI Mini Market - Surabaya 01,Ayu Pekerti,W,Sayur-Sayuran,wortel 1 kg,Jawa Timur,Surabaya,1010370
01-12-2022,PHI Mini Market - Surabaya 01,Budi Tenteram,P,Buah,alpukat 1 kg,Jawa Timur,Surabaya,1920330
01-12-2022,PHI Mini Market - Surabaya 01,Budi Tenteram,P,Buah,apel 1 kg,Jawa Timur,Surabaya,17364930
01-12-2022,PHI Mini Market - Surabaya 01,Budi Tenteram,P,Buah,belimbing 1 kg,Jawa Timur,Surabaya,1548990
01-12-2022,PHI Mini Market - Surabaya 01,Budi Tenteram,P,Buah,durian 1 kg,Jawa Timur,Surabaya,4021630
01-12-2022,PHI Mini Market - Surabaya 01,Budi Tenteram,P,Buah,jeruk 1 kg,Jawa Timur,Surabaya,4026800
01-12-2022,PHI Mini Market - Surabaya 01,Budi Tenteram,P,Buah,kelapa muda,Jawa Timur,Surabaya,1763000
01-12-2022,PHI Mini Market - Surabaya 01,Budi Tenteram,P,Makanan & Minuman,air mineral 600 ml,Jawa Timur,Surabaya,512150
01-12-2022,PHI Mini Market - Surabaya 01,Budi Tenteram,P,Makanan & Minuman,bumbu fried chicken,Jawa Timur,Surabaya,5581090
01-12-2022,PHI Mini Market - Surabaya 01,Budi Tenteram,P,Makanan & Minuman,jus kesehatan 600 ml,Jawa Timur,Surabaya,2409870
01-12-2022,PHI Mini Market - Surabaya 01,Budi Tenteram,P,Makanan & Minuman,kacang goreng 1 kg,Jawa Timur,Surabaya,3796020
01-12-2022,PHI Mini Market - Surabaya 01,Budi Tenteram,P,Makanan & Minuman,kacang mete 1 kg,Jawa Timur,Surabaya,24510580
01-12-2022,PHI Mini Market - Surabaya 01,Budi Tenteram,P,Makanan & Minuman,markisa 600 ml,Jawa Timur,Surabaya,5736370
01-12-2022,PHI Mini Market - Surabaya 01,Budi Tenteram,P,Makanan & Minuman,mie instant 1 kotak (40 bungkus),Jawa Timur,Surabaya,26508720
01-12-2022,PHI Mini Market - Surabaya 01,Budi Tenteram,P,Makanan & Minuman,minuman probiotik,Jawa Timur,Surabaya,338950
01-12-2022,PHI Mini Market - Surabaya 01,Budi Tenteram,P,Makanan & Minuman,nasi goreng instant (1 ons),Jawa Timur,Surabaya,1395110
01-12-2022,PHI Mini Market - Surabaya 01,Budi Tenteram,P,Makanan & Minuman,snack gurih 1 ons,Jawa Timur,Surabaya,2124200
01-12-2022,PHI Mini Market - Surabaya 01,Budi Tenteram,P,Makanan & Minuman,susu kotak (800 ml),Jawa Timur,Surabaya,4607010
01-12-2022,PHI Mini Market - Surabaya 01,Budi Tenteram,P,Makanan & Minuman,susu kotak 1 l,Jawa Timur,Surabaya,3213870
01-12-2022,PHI Mini Market - Surabaya 01,Budi Tenteram,P,Makanan & Minuman,telur ayam kampung 1 kg,Jawa Timur,Surabaya,6977280
01-12-2022,PHI Mini Market - Surabaya 01,Budi Tenteram,P,Makanan & Minuman,telur ayam ras 1 kg,Jawa Timur,Surabaya,3836400
01-12-2022,PHI Mini Market - Surabaya 01,Budi Tenteram,P,Sayur-Sayuran,bawang merah 1 kg,Jawa Timur,Surabaya,3969050
01-12-2022,PHI Mini Market - Surabaya 01,Budi Tenteram,P,Sayur-Sayuran,bawang putih 1 kg,Jawa Timur,Surabaya,1687850
01-12-2022,PHI Mini Market - Surabaya 01,Budi Tenteram,P,Sayur-Sayuran,buncis 1 kg,Jawa Timur,Surabaya,2293580
01-12-2022,PHI Mini Market - Surabaya 01,Budi Tenteram,P,Sayur-Sayuran,kacang hijau 1 kg,Jawa Timur,Surabaya,2168150
01-12-2022,PHI Mini Market - Surabaya 01,Budi Tenteram,P,Sayur-Sayuran,kacang panjang 1 kg,Jawa Timur,Surabaya,3604670
01-12-2022,PHI Mini Market - Surabaya 01,Budi Tenteram,P,Sayur-Sayuran,kentang 1 kg,Jawa Timur,Surabaya,2423950
01-12-2022,PHI Mini Market - Surabaya 01,Budi Tenteram,P,Sayur-Sayuran,ketimun 1 kg,Jawa Timur,Surabaya,1738080
01-12-2022,PHI Mini Market - Surabaya 01,Budi Tenteram,P,Sayur-Sayuran,kobis 1 kg,Jawa Timur,Surabaya,431790
01-12-2022,PHI Mini Market - Surabaya 01,Budi Tenteram,P,Sayur-Sayuran,tomat 1 kg,Jawa Timur,Surabaya,1125590
01-12-2022,PHI Mini Market - Surabaya 01,Budi Tenteram,P,Sayur-Sayuran,ubi jalar 1 kg,Jawa Timur,Surabaya,309030
01-12-2022,PHI Mini Market - Surabaya 01,Budi Tenteram,P,Sayur-Sayuran,ubi kayu basah 1 kg,Jawa Timur,Surabaya,364200
01-12-2022,PHI Mini Market - Surabaya 01,Budi Tenteram,P,Sayur-Sayuran,wortel 1 kg,Jawa Timur,Surabaya,649550
01-12-2022,PHI Mini Market - Surabaya 01,Galang Setiawan,P,Buah,alpukat 1 kg,Jawa Timur,Surabaya,1445710
01-12-2022,PHI Mini Market - Surabaya 01,Galang Setiawan,P,Buah,apel 1 kg,Jawa Timur,Surabaya,29324670
01-12-2022,PHI Mini Market - Surabaya 01,Galang Setiawan,P,Buah,belimbing 1 kg,Jawa Timur,Surabaya,1450140
01-12-2022,PHI Mini Market - Surabaya 01,Galang Setiawan,P,Buah,durian 1 kg,Jawa Timur,Surabaya,4660250
01-12-2022,PHI Mini Market - Surabaya 01,Galang Setiawan,P,Buah,jeruk 1 kg,Jawa Timur,Surabaya,3557480
01-12-2022,PHI Mini Market - Surabaya 01,Galang Setiawan,P,Buah,kelapa muda,Jawa Timur,Surabaya,2106050
01-12-2022,PHI Mini Market - Surabaya 01,Galang Setiawan,P,Buah,mangga 1 kg,Jawa Timur,Surabaya,4404000
01-12-2022,PHI Mini Market - Surabaya 01,Galang Setiawan,P,Makanan & Minuman,air mineral 600 ml,Jawa Timur,Surabaya,314430
01-12-2022,PHI Mini Market - Surabaya 01,Galang Setiawan,P,Makanan & Minuman,bumbu fried chicken,Jawa Timur,Surabaya,6613470
01-12-2022,PHI Mini Market - Surabaya 01,Galang Setiawan,P,Makanan & Minuman,jus kesehatan 600 ml,Jawa Timur,Surabaya,3595980
01-12-2022,PHI Mini Market - Surabaya 01,Galang Setiawan,P,Makanan & Minuman,kacang goreng 1 kg,Jawa Timur,Surabaya,3110560
01-12-2022,PHI Mini Market - Surabaya 01,Galang Setiawan,P,Makanan & Minuman,kacang mete 1 kg,Jawa Timur,Surabaya,22311090
01-12-2022,PHI Mini Market - Surabaya 01,Galang Setiawan,P,Makanan & Minuman,markisa 600 ml,Jawa Timur,Surabaya,6249740
01-12-2022,PHI Mini Market - Surabaya 01,Galang Setiawan,P,Makanan & Minuman,mie instant 1 kotak (40 bungkus),Jawa Timur,Surabaya,38595730
01-12-2022,PHI Mini Market - Surabaya 01,Galang Setiawan,P,Makanan & Minuman,minuman probiotik,Jawa Timur,Surabaya,316700
01-12-2022,PHI Mini Market - Surabaya 01,Galang Setiawan,P,Makanan & Minuman,nasi goreng instant (1 ons),Jawa Timur,Surabaya,1714530
01-12-2022,PHI Mini Market - Surabaya 01,Galang Setiawan,P,Makanan & Minuman,snack gurih 1 ons,Jawa Timur,Surabaya,1558630
01-12-2022,PHI Mini Market - Surabaya 01,Galang Setiawan,P,Makanan & Minuman,susu kotak (800 ml),Jawa Timur,Surabaya,3218780
01-12-2022,PHI Mini Market - Surabaya 01,Galang Setiawan,P,Makanan & Minuman,susu kotak 1 l,Jawa Timur,Surabaya,3823150
01-12-2022,PHI Mini Market - Surabaya 01,Galang Setiawan,P,Makanan & Minuman,telur ayam kampung 1 kg,Jawa Timur,Surabaya,5500780
01-12-2022,PHI Mini Market - Surabaya 01,Galang Setiawan,P,Makanan & Minuman,telur ayam ras 1 kg,Jawa Timur,Surabaya,3907270
01-12-2022,PHI Mini Market - Surabaya 01,Galang Setiawan,P,Sayur-Sayuran,bawang merah 1 kg,Jawa Timur,Surabaya,4961230
01-12-2022,PHI Mini Market - Surabaya 01,Galang Setiawan,P,Sayur-Sayuran,bawang putih 1 kg,Jawa Timur,Surabaya,1349710
01-12-2022,PHI Mini Market - Surabaya 01,Galang Setiawan,P,Sayur-Sayuran,buncis 1 kg,Jawa Timur,Surabaya,2550080
01-12-2022,PHI Mini Market - Surabaya 01,Galang Setiawan,P,Sayur-Sayuran,kacang hijau 1 kg,Jawa Timur,Surabaya,1598930
01-12-2022,PHI Mini Market - Surabaya 01,Galang Setiawan,P,Sayur-Sayuran,kacang panjang 1 kg,Jawa Timur,Surabaya,1934410
01-12-2022,PHI Mini Market - Surabaya 01,Galang Setiawan,P,Sayur-Sayuran,kentang 1 kg,Jawa Timur,Surabaya,2738030
01-12-2022,PHI Mini Market - Surabaya 01,Galang Setiawan,P,Sayur-Sayuran,ketimun 1 kg,Jawa Timur,Surabaya,1442410
01-12-2022,PHI Mini Market - Surabaya 01,Galang Setiawan,P,Sayur-Sayuran,kobis 1 kg,Jawa Timur,Surabaya,486100
01-12-2022,PHI Mini Market - Surabaya 01,Galang Setiawan,P,Sayur-Sayuran,tomat 1 kg,Jawa Timur,Surabaya,1318400
01-12-2022,PHI Mini Market - Surabaya 01,Galang Setiawan,P,Sayur-Sayuran,ubi jalar 1 kg,Jawa Timur,Surabaya,233570
01-12-2022,PHI Mini Market - Surabaya 01,Galang Setiawan,P,Sayur-Sayuran,ubi kayu basah 1 kg,Jawa Timur,Surabaya,208630
01-12-2022,PHI Mini Market - Surabaya 01,Galang Setiawan,P,Sayur-Sayuran,wortel 1 kg,Jawa Timur,Surabaya,1141040
01-12-2022,PHI Mini Market - Surabaya 01,Harum Selangit,W,Buah,alpukat 1 kg,Jawa Timur,Surabaya,2575230
01-12-2022,PHI Mini Market - Surabaya 01,Harum Selangit,W,Buah,apel 1 kg,Jawa Timur,Surabaya,13050670
01-12-2022,PHI Mini Market - Surabaya 01,Harum Selangit,W,Buah,belimbing 1 kg,Jawa Timur,Surabaya,1004340
01-12-2022,PHI Mini Market - Surabaya 01,Harum Selangit,W,Buah,durian 1 kg,Jawa Timur,Surabaya,6097320
01-12-2022,PHI Mini Market - Surabaya 01,Harum Selangit,W,Buah,jeruk 1 kg,Jawa Timur,Surabaya,4253270
01-12-2022,PHI Mini Market - Surabaya 01,Harum Selangit,W,Buah,kelapa muda,Jawa Timur,Surabaya,2177650
01-12-2022,PHI Mini Market - Surabaya 01,Harum Selangit,W,Buah,mangga 1 kg,Jawa Timur,Surabaya,6750800
01-12-2022,PHI Mini Market - Surabaya 01,Harum Selangit,W,Makanan & Minuman,air mineral 600 ml,Jawa Timur,Surabaya,570970
01-12-2022,PHI Mini Market - Surabaya 01,Harum Selangit,W,Makanan & Minuman,bumbu fried chicken,Jawa Timur,Surabaya,2834960
01-12-2022,PHI Mini Market - Surabaya 01,Harum Selangit,W,Makanan & Minuman,jus kesehatan 600 ml,Jawa Timur,Surabaya,3358840
01-12-2022,PHI Mini Market - Surabaya 01,Harum Selangit,W,Makanan & Minuman,kacang goreng 1 kg,Jawa Timur,Surabaya,3635490
01-12-2022,PHI Mini Market - Surabaya 01,Harum Selangit,W,Makanan & Minuman,kacang mete 1 kg,Jawa Timur,Surabaya,15479380
01-12-2022,PHI Mini Market - Surabaya 01,Harum Selangit,W,Makanan & Minuman,markisa 600 ml,Jawa Timur,Surabaya,3990480
01-12-2022,PHI Mini Market - Surabaya 01,Harum Selangit,W,Makanan & Minuman,mie instant 1 kotak (40 bungkus),Jawa Timur,Surabaya,21733150
01-12-2022,PHI Mini Market - Surabaya 01,Harum Selangit,W,Makanan & Minuman,minuman probiotik,Jawa Timur,Surabaya,365540
01-12-2022,PHI Mini Market - Surabaya 01,Harum Selangit,W,Makanan & Minuman,nasi goreng instant (1 ons),Jawa Timur,Surabaya,1870460
01-12-2022,PHI Mini Market - Surabaya 01,Harum Selangit,W,Makanan & Minuman,snack gurih 1 ons,Jawa Timur,Surabaya,1891680
01-12-2022,PHI Mini Market - Surabaya 01,Harum Selangit,W,Makanan & Minuman,susu kotak (800 ml),Jawa Timur,Surabaya,4116150
01-12-2022,PHI Mini Market - Surabaya 01,Harum Selangit,W,Makanan & Minuman,susu kotak 1 l,Jawa Timur,Surabaya,4151150
01-12-2022,PHI Mini Market - Surabaya 01,Harum Selangit,W,Makanan & Minuman,telur ayam kampung 1 kg,Jawa Timur,Surabaya,4041680
01-12-2022,PHI Mini Market - Surabaya 01,Harum Selangit,W,Makanan & Minuman,telur ayam ras 1 kg,Jawa Timur,Surabaya,2974860
01-12-2022,PHI Mini Market - Surabaya 01,Harum Selangit,W,Sayur-Sayuran,bawang merah 1 kg,Jawa Timur,Surabaya,3487170
01-12-2022,PHI Mini Market - Surabaya 01,Harum Selangit,W,Sayur-Sayuran,bawang putih 1 kg,Jawa Timur,Surabaya,896090
01-12-2022,PHI Mini Market - Surabaya 01,Harum Selangit,W,Sayur-Sayuran,buncis 1 kg,Jawa Timur,Surabaya,2222670
01-12-2022,PHI Mini Market - Surabaya 01,Harum Selangit,W,Sayur-Sayuran,kacang hijau 1 kg,Jawa Timur,Surabaya,2224130
01-12-2022,PHI Mini Market - Surabaya 01,Harum Selangit,W,Sayur-Sayuran,kacang panjang 1 kg,Jawa Timur,Surabaya,2332580
01-12-2022,PHI Mini Market - Surabaya 01,Harum Selangit,W,Sayur-Sayuran,kentang 1 kg,Jawa Timur,Surabaya,3450220
01-12-2022,PHI Mini Market - Surabaya 01,Harum Selangit,W,Sayur-Sayuran,ketimun 1 kg,Jawa Timur,Surabaya,1661860
01-12-2022,PHI Mini Market - Surabaya 01,Harum Selangit,W,Sayur-Sayuran,kobis 1 kg,Jawa Timur,Surabaya,254830
01-12-2022,PHI Mini Market - Surabaya 01,Harum Selangit,W,Sayur-Sayuran,tomat 1 kg,Jawa Timur,Surabaya,1558000
01-12-2022,PHI Mini Market - Surabaya 01,Harum Selangit,W,Sayur-Sayuran,ubi jalar 1 kg,Jawa Timur,Surabaya,335850
01-12-2022,PHI Mini Market - Surabaya 01,Harum Selangit,W,Sayur-Sayuran,ubi kayu basah 1 kg,Jawa Timur,Surabaya,308620
01-12-2022,PHI Mini Market - Surabaya 01,Harum Selangit,W,Sayur-Sayuran,wortel 1 kg,Jawa Timur,Surabaya,1117740
01-12-2022,PHI Mini Market - Surabaya 01,Mariani Damai,W,Buah,alpukat 1 kg,Jawa Timur,Surabaya,1875230
01-12-2022,PHI Mini Market - Surabaya 01,Mariani Damai,W,Buah,apel 1 kg,Jawa Timur,Surabaya,24911900
01-12-2022,PHI Mini Market - Surabaya 01,Mariani Damai,W,Buah,belimbing 1 kg,Jawa Timur,Surabaya,1063950
01-12-2022,PHI Mini Market - Surabaya 01,Mariani Damai,W,Buah,durian 1 kg,Jawa Timur,Surabaya,6799600
01-12-2022,PHI Mini Market - Surabaya 01,Mariani Damai,W,Buah,jeruk 1 kg,Jawa Timur,Surabaya,3738580
01-12-2022,PHI Mini Market - Surabaya 01,Mariani Damai,W,Buah,kelapa muda,Jawa Timur,Surabaya,2001910
01-12-2022,PHI Mini Market - Surabaya 01,Mariani Damai,W,Makanan & Minuman,air mineral 600 ml,Jawa Timur,Surabaya,447170
01-12-2022,PHI Mini Market - Surabaya 01,Mariani Damai,W,Makanan & Minuman,bumbu fried chicken,Jawa Timur,Surabaya,3232960
01-12-2022,PHI Mini Market - Surabaya 01,Mariani Damai,W,Makanan & Minuman,jus kesehatan 600 ml,Jawa Timur,Surabaya,1859910
01-12-2022,PHI Mini Market - Surabaya 01,Mariani Damai,W,Makanan & Minuman,kacang goreng 1 kg,Jawa Timur,Surabaya,5156560
01-12-2022,PHI Mini Market - Surabaya 01,Mariani Damai,W,Makanan & Minuman,kacang mete 1 kg,Jawa Timur,Surabaya,22597930
01-12-2022,PHI Mini Market - Surabaya 01,Mariani Damai,W,Makanan & Minuman,markisa 600 ml,Jawa Timur,Surabaya,5459800
01-12-2022,PHI Mini Market - Surabaya 01,Mariani Damai,W,Makanan & Minuman,mie instant 1 kotak (40 bungkus),Jawa Timur,Surabaya,29691170
01-12-2022,PHI Mini Market - Surabaya 01,Mariani Damai,W,Makanan & Minuman,minuman probiotik,Jawa Timur,Surabaya,265370
01-12-2022,PHI Mini Market - Surabaya 01,Mariani Damai,W,Makanan & Minuman,nasi goreng instant (1 ons),Jawa Timur,Surabaya,2054910
01-12-2022,PHI Mini Market - Surabaya 01,Mariani Damai,W,Makanan & Minuman,snack gurih 1 ons,Jawa Timur,Surabaya,2003660
01-12-2022,PHI Mini Market - Surabaya 01,Mariani Damai,W,Makanan & Minuman,susu kotak (800 ml),Jawa Timur,Surabaya,3296570
01-12-2022,PHI Mini Market - Surabaya 01,Mariani Damai,W,Makanan & Minuman,susu kotak 1 l,Jawa Timur,Surabaya,2301120
01-12-2022,PHI Mini Market - Surabaya 01,Mariani Damai,W,Makanan & Minuman,telur ayam kampung 1 kg,Jawa Timur,Surabaya,3526920
01-12-2022,PHI Mini Market - Surabaya 01,Mariani Damai,W,Makanan & Minuman,telur ayam ras 1 kg,Jawa Timur,Surabaya,3349050
01-12-2022,PHI Mini Market - Surabaya 01,Mariani Damai,W,Sayur-Sayuran,bawang merah 1 kg,Jawa Timur,Surabaya,3048110
01-12-2022,PHI Mini Market - Surabaya 01,Mariani Damai,W,Sayur-Sayuran,bawang putih 1 kg,Jawa Timur,Surabaya,1471760
01-12-2022,PHI Mini Market - Surabaya 01,Mariani Damai,W,Sayur-Sayuran,buncis 1 kg,Jawa Timur,Surabaya,1606950
01-12-2022,PHI Mini Market - Surabaya 01,Mariani Damai,W,Sayur-Sayuran,kacang hijau 1 kg,Jawa Timur,Surabaya,3561340
01-12-2022,PHI Mini Market - Surabaya 01,Mariani Damai,W,Sayur-Sayuran,kacang panjang 1 kg,Jawa Timur,Surabaya,2693400
01-12-2022,PHI Mini Market - Surabaya 01,Mariani Damai,W,Sayur-Sayuran,kentang 1 kg,Jawa Timur,Surabaya,2403860
01-12-2022,PHI Mini Market - Surabaya 01,Mariani Damai,W,Sayur-Sayuran,ketimun 1 kg,Jawa Timur,Surabaya,1530470
01-12-2022,PHI Mini Market - Surabaya 01,Mariani Damai,W,Sayur-Sayuran,kobis 1 kg,Jawa Timur,Surabaya,336130
01-12-2022,PHI Mini Market - Surabaya 01,Mariani Damai,W,Sayur-Sayuran,tomat 1 kg,Jawa Timur,Surabaya,1551300
01-12-2022,PHI Mini Market - Surabaya 01,Mariani Damai,W,Sayur-Sayuran,ubi jalar 1 kg,Jawa Timur,Surabaya,517450
01-12-2022,PHI Mini Market - Surabaya 01,Mariani Damai,W,Sayur-Sayuran,ubi kayu basah 1 kg,Jawa Timur,Surabaya,437490
01-12-2022,PHI Mini Market - Surabaya 01,Mariani Damai,W,Sayur-Sayuran,wortel 1 kg,Jawa Timur,Surabaya,696800
01-12-2022,PHI Mini Market - Surabaya 01,Mulia Setiawan,P,Buah,alpukat 1 kg,Jawa Timur,Surabaya,2038400
01-12-2022,PHI Mini Market - Surabaya 01,Mulia Setiawan,P,Buah,apel 1 kg,Jawa Timur,Surabaya,16457730
01-12-2022,PHI Mini Market - Surabaya 01,Mulia Setiawan,P,Buah,belimbing 1 kg,Jawa Timur,Surabaya,1090910
01-12-2022,PHI Mini Market - Surabaya 01,Mulia Setiawan,P,Buah,durian 1 kg,Jawa Timur,Surabaya,6623830
01-12-2022,PHI Mini Market - Surabaya 01,Mulia Setiawan,P,Buah,jeruk 1 kg,Jawa Timur,Surabaya,3190950
01-12-2022,PHI Mini Market - Surabaya 01,Mulia Setiawan,P,Buah,kelapa muda,Jawa Timur,Surabaya,2174380
01-12-2022,PHI Mini Market - Surabaya 01,Mulia Setiawan,P,Buah,mangga 1 kg,Jawa Timur,Surabaya,6423300
01-12-2022,PHI Mini Market - Surabaya 01,Mulia Setiawan,P,Makanan & Minuman,air mineral 600 ml,Jawa Timur,Surabaya,446050
01-12-2022,PHI Mini Market - Surabaya 01,Mulia Setiawan,P,Makanan & Minuman,bumbu fried chicken,Jawa Timur,Surabaya,4472950
01-12-2022,PHI Mini Market - Surabaya 01,Mulia Setiawan,P,Makanan & Minuman,jus kesehatan 600 ml,Jawa Timur,Surabaya,3151050
01-12-2022,PHI Mini Market - Surabaya 01,Mulia Setiawan,P,Makanan & Minuman,kacang goreng 1 kg,Jawa Timur,Surabaya,3278070
01-12-2022,PHI Mini Market - Surabaya 01,Mulia Setiawan,P,Makanan & Minuman,kacang mete 1 kg,Jawa Timur,Surabaya,32447490
01-12-2022,PHI Mini Market - Surabaya 01,Mulia Setiawan,P,Makanan & Minuman,markisa 600 ml,Jawa Timur,Surabaya,6216370
01-12-2022,PHI Mini Market - Surabaya 01,Mulia Setiawan,P,Makanan & Minuman,mie instant 1 kotak (40 bungkus),Jawa Timur,Surabaya,23470500
01-12-2022,PHI Mini Market - Surabaya 01,Mulia Setiawan,P,Makanan & Minuman,minuman probiotik,Jawa Timur,Surabaya,253790
01-12-2022,PHI Mini Market - Surabaya 01,Mulia Setiawan,P,Makanan & Minuman,nasi goreng instant (1 ons),Jawa Timur,Surabaya,1829970
01-12-2022,PHI Mini Market - Surabaya 01,Mulia Setiawan,P,Makanan & Minuman,snack gurih 1 ons,Jawa Timur,Surabaya,1345650
01-12-2022,PHI Mini Market - Surabaya 01,Mulia Setiawan,P,Makanan & Minuman,susu kotak (800 ml),Jawa Timur,Surabaya,5312290
01-12-2022,PHI Mini Market - Surabaya 01,Mulia Setiawan,P,Makanan & Minuman,susu kotak 1 l,Jawa Timur,Surabaya,4277680
01-12-2022,PHI Mini Market - Surabaya 01,Mulia Setiawan,P,Makanan & Minuman,telur ayam kampung 1 kg,Jawa Timur,Surabaya,6566300
01-12-2022,PHI Mini Market - Surabaya 01,Mulia Setiawan,P,Makanan & Minuman,telur ayam ras 1 kg,Jawa Timur,Surabaya,2187110
01-12-2022,PHI Mini Market - Surabaya 01,Mulia Setiawan,P,Sayur-Sayuran,bawang merah 1 kg,Jawa Timur,Surabaya,2992860
01-12-2022,PHI Mini Market - Surabaya 01,Mulia Setiawan,P,Sayur-Sayuran,bawang putih 1 kg,Jawa Timur,Surabaya,961500
01-12-2022,PHI Mini Market - Surabaya 01,Mulia Setiawan,P,Sayur-Sayuran,buncis 1 kg,Jawa Timur,Surabaya,2286580
01-12-2022,PHI Mini Market - Surabaya 01,Mulia Setiawan,P,Sayur-Sayuran,kacang hijau 1 kg,Jawa Timur,Surabaya,2473430
01-12-2022,PHI Mini Market - Surabaya 01,Mulia Setiawan,P,Sayur-Sayuran,kacang panjang 1 kg,Jawa Timur,Surabaya,3876070
01-12-2022,PHI Mini Market - Surabaya 01,Mulia Setiawan,P,Sayur-Sayuran,kentang 1 kg,Jawa Timur,Surabaya,2650420
01-12-2022,PHI Mini Market - Surabaya 01,Mulia Setiawan,P,Sayur-Sayuran,ketimun 1 kg,Jawa Timur,Surabaya,1109680
01-12-2022,PHI Mini Market - Surabaya 01,Mulia Setiawan,P,Sayur-Sayuran,kobis 1 kg,Jawa Timur,Surabaya,376510
01-12-2022,PHI Mini Market - Surabaya 01,Mulia Setiawan,P,Sayur-Sayuran,tomat 1 kg,Jawa Timur,Surabaya,2135600
01-12-2022,PHI Mini Market - Surabaya 01,Mulia Setiawan,P,Sayur-Sayuran,ubi jalar 1 kg,Jawa Timur,Surabaya,314970
01-12-2022,PHI Mini Market - Surabaya 01,Mulia Setiawan,P,Sayur-Sayuran,ubi kayu basah 1 kg,Jawa Timur,Surabaya,388330
01-12-2022,PHI Mini Market - Surabaya 01,Mulia Setiawan,P,Sayur-Sayuran,wortel 1 kg,Jawa Timur,Surabaya,1019050
01-12-2022,PHI Mini Market - Surabaya 01,Mulyo Damai,P,Buah,alpukat 1 kg,Jawa Timur,Surabaya,1682710
01-12-2022,PHI Mini Market - Surabaya 01,Mulyo Damai,P,Buah,apel 1 kg,Jawa Timur,Surabaya,23521270
01-12-2022,PHI Mini Market - Surabaya 01,Mulyo Damai,P,Buah,belimbing 1 kg,Jawa Timur,Surabaya,989340
01-12-2022,PHI Mini Market - Surabaya 01,Mulyo Damai,P,Buah,durian 1 kg,Jawa Timur,Surabaya,6360820
01-12-2022,PHI Mini Market - Surabaya 01,Mulyo Damai,P,Buah,jeruk 1 kg,Jawa Timur,Surabaya,3118600
01-12-2022,PHI Mini Market - Surabaya 01,Mulyo Damai,P,Buah,kelapa muda,Jawa Timur,Surabaya,2240360
01-12-2022,PHI Mini Market - Surabaya 01,Mulyo Damai,P,Makanan & Minuman,air mineral 600 ml,Jawa Timur,Surabaya,319560
01-12-2022,PHI Mini Market - Surabaya 01,Mulyo Damai,P,Makanan & Minuman,bumbu fried chicken,Jawa Timur,Surabaya,5408450
01-12-2022,PHI Mini Market - Surabaya 01,Mulyo Damai,P,Makanan & Minuman,jus kesehatan 600 ml,Jawa Timur,Surabaya,3316160
01-12-2022,PHI Mini Market - Surabaya 01,Mulyo Damai,P,Makanan & Minuman,kacang goreng 1 kg,Jawa Timur,Surabaya,4246980
01-12-2022,PHI Mini Market - Surabaya 01,Mulyo Damai,P,Makanan & Minuman,kacang mete 1 kg,Jawa Timur,Surabaya,20215130
01-12-2022,PHI Mini Market - Surabaya 01,Mulyo Damai,P,Makanan & Minuman,markisa 600 ml,Jawa Timur,Surabaya,4326090
01-12-2022,PHI Mini Market - Surabaya 01,Mulyo Damai,P,Makanan & Minuman,mie instant 1 kotak (40 bungkus),Jawa Timur,Surabaya,36087710
01-12-2022,PHI Mini Market - Surabaya 01,Mulyo Damai,P,Makanan & Minuman,minuman probiotik,Jawa Timur,Surabaya,363490
01-12-2022,PHI Mini Market - Surabaya 01,Mulyo Damai,P,Makanan & Minuman,nasi goreng instant (1 ons),Jawa Timur,Surabaya,2599330
01-12-2022,PHI Mini Market - Surabaya 01,Mulyo Damai,P,Makanan & Minuman,snack gurih 1 ons,Jawa Timur,Surabaya,1558440
01-12-2022,PHI Mini Market - Surabaya 01,Mulyo Damai,P,Makanan & Minuman,susu kotak (800 ml),Jawa Timur,Surabaya,5419480
01-12-2022,PHI Mini Market - Surabaya 01,Mulyo Damai,P,Makanan & Minuman,susu kotak 1 l,Jawa Timur,Surabaya,1688420
01-12-2022,PHI Mini Market - Surabaya 01,Mulyo Damai,P,Makanan & Minuman,telur ayam kampung 1 kg,Jawa Timur,Surabaya,7795620
01-12-2022,PHI Mini Market - Surabaya 01,Mulyo Damai,P,Makanan & Minuman,telur ayam ras 1 kg,Jawa Timur,Surabaya,3289000
01-12-2022,PHI Mini Market - Surabaya 01,Mulyo Damai,P,Sayur-Sayuran,bawang merah 1 kg,Jawa Timur,Surabaya,5004450
01-12-2022,PHI Mini Market - Surabaya 01,Mulyo Damai,P,Sayur-Sayuran,bawang putih 1 kg,Jawa Timur,Surabaya,1685400
01-12-2022,PHI Mini Market - Surabaya 01,Mulyo Damai,P,Sayur-Sayuran,buncis 1 kg,Jawa Timur,Surabaya,1228780
01-12-2022,PHI Mini Market - Surabaya 01,Mulyo Damai,P,Sayur-Sayuran,kacang hijau 1 kg,Jawa Timur,Surabaya,2885640
01-12-2022,PHI Mini Market - Surabaya 01,Mulyo Damai,P,Sayur-Sayuran,kacang panjang 1 kg,Jawa Timur,Surabaya,2758910
01-12-2022,PHI Mini Market - Surabaya 01,Mulyo Damai,P,Sayur-Sayuran,kentang 1 kg,Jawa Timur,Surabaya,2292890
01-12-2022,PHI Mini Market - Surabaya 01,Mulyo Damai,P,Sayur-Sayuran,ketimun 1 kg,Jawa Timur,Surabaya,1668750
01-12-2022,PHI Mini Market - Surabaya 01,Mulyo Damai,P,Sayur-Sayuran,kobis 1 kg,Jawa Timur,Surabaya,393840
01-12-2022,PHI Mini Market - Surabaya 01,Mulyo Damai,P,Sayur-Sayuran,tomat 1 kg,Jawa Timur,Surabaya,1491510
01-12-2022,PHI Mini Market - Surabaya 01,Mulyo Damai,P,Sayur-Sayuran,ubi jalar 1 kg,Jawa Timur,Surabaya,379140
01-12-2022,PHI Mini Market - Surabaya 01,Mulyo Damai,P,Sayur-Sayuran,ubi kayu basah 1 kg,Jawa Timur,Surabaya,276430
01-12-2022,PHI Mini Market - Surabaya 01,Mulyo Damai,P,Sayur-Sayuran,wortel 1 kg,Jawa Timur,Surabaya,1346500
01-12-2022,PHI Mini Market - Surabaya 01,Natali Menawan,W,Buah,alpukat 1 kg,Jawa Timur,Surabaya,3451710
01-12-2022,PHI Mini Market - Surabaya 01,Natali Menawan,W,Buah,apel 1 kg,Jawa Timur,Surabaya,47829830
01-12-2022,PHI Mini Market - Surabaya 01,Natali Menawan,W,Buah,belimbing 1 kg,Jawa Timur,Surabaya,2511580
01-12-2022,PHI Mini Market - Surabaya 01,Natali Menawan,W,Buah,durian 1 kg,Jawa Timur,Surabaya,13150490
01-12-2022,PHI Mini Market - Surabaya 01,Natali Menawan,W,Buah,jeruk 1 kg,Jawa Timur,Surabaya,8410160
01-12-2022,PHI Mini Market - Surabaya 01,Natali Menawan,W,Buah,kelapa muda,Jawa Timur,Surabaya,3011780
01-12-2022,PHI Mini Market - Surabaya 01,Natali Menawan,W,Buah,mangga 1 kg,Jawa Timur,Surabaya,10231890
01-12-2022,PHI Mini Market - Surabaya 01,Natali Menawan,W,Makanan & Minuman,air mineral 600 ml,Jawa Timur,Surabaya,937290
01-12-2022,PHI Mini Market - Surabaya 01,Natali Menawan,W,Makanan & Minuman,bumbu fried chicken,Jawa Timur,Surabaya,8884160
01-12-2022,PHI Mini Market - Surabaya 01,Natali Menawan,W,Makanan & Minuman,jus kesehatan 600 ml,Jawa Timur,Surabaya,7108670
01-12-2022,PHI Mini Market - Surabaya 01,Natali Menawan,W,Makanan & Minuman,kacang goreng 1 kg,Jawa Timur,Surabaya,8431400
01-12-2022,PHI Mini Market - Surabaya 01,Natali Menawan,W,Makanan & Minuman,kacang mete 1 kg,Jawa Timur,Surabaya,49974610
01-12-2022,PHI Mini Market - Surabaya 01,Natali Menawan,W,Makanan & Minuman,markisa 600 ml,Jawa Timur,Surabaya,9402450
01-12-2022,PHI Mini Market - Surabaya 01,Natali Menawan,W,Makanan & Minuman,mie instant 1 kotak (40 bungkus),Jawa Timur,Surabaya,51368970
01-12-2022,PHI Mini Market - Surabaya 01,Natali Menawan,W,Makanan & Minuman,minuman probiotik,Jawa Timur,Surabaya,537740
01-12-2022,PHI Mini Market - Surabaya 01,Natali Menawan,W,Makanan & Minuman,nasi goreng instant (1 ons),Jawa Timur,Surabaya,4002200
01-12-2022,PHI Mini Market - Surabaya 01,Natali Menawan,W,Makanan & Minuman,snack gurih 1 ons,Jawa Timur,Surabaya,3210410
01-12-2022,PHI Mini Market - Surabaya 01,Natali Menawan,W,Makanan & Minuman,susu kotak (800 ml),Jawa Timur,Surabaya,7136970
01-12-2022,PHI Mini Market - Surabaya 01,Natali Menawan,W,Makanan & Minuman,susu kotak 1 l,Jawa Timur,Surabaya,4959880
01-12-2022,PHI Mini Market - Surabaya 01,Natali Menawan,W,Makanan & Minuman,telur ayam kampung 1 kg,Jawa Timur,Surabaya,12712760
01-12-2022,PHI Mini Market - Surabaya 01,Natali Menawan,W,Makanan & Minuman,telur ayam ras 1 kg,Jawa Timur,Surabaya,8015860
01-12-2022,PHI Mini Market - Surabaya 01,Natali Menawan,W,Sayur-Sayuran,bawang merah 1 kg,Jawa Timur,Surabaya,7092050
01-12-2022,PHI Mini Market - Surabaya 01,Natali Menawan,W,Sayur-Sayuran,bawang putih 1 kg,Jawa Timur,Surabaya,2516220
01-12-2022,PHI Mini Market - Surabaya 01,Natali Menawan,W,Sayur-Sayuran,buncis 1 kg,Jawa Timur,Surabaya,2909880
01-12-2022,PHI Mini Market - Surabaya 01,Natali Menawan,W,Sayur-Sayuran,kacang hijau 1 kg,Jawa Timur,Surabaya,3106990
01-12-2022,PHI Mini Market - Surabaya 01,Natali Menawan,W,Sayur-Sayuran,kacang panjang 1 kg,Jawa Timur,Surabaya,6224400
01-12-2022,PHI Mini Market - Surabaya 01,Natali Menawan,W,Sayur-Sayuran,kentang 1 kg,Jawa Timur,Surabaya,5217340
01-12-2022,PHI Mini Market - Surabaya 01,Natali Menawan,W,Sayur-Sayuran,ketimun 1 kg,Jawa Timur,Surabaya,2296120
01-12-2022,PHI Mini Market - Surabaya 01,Natali Menawan,W,Sayur-Sayuran,kobis 1 kg,Jawa Timur,Surabaya,672320
01-12-2022,PHI Mini Market - Surabaya 01,Natali Menawan,W,Sayur-Sayuran,tomat 1 kg,Jawa Timur,Surabaya,2830340
01-12-2022,PHI Mini Market - Surabaya 01,Natali Menawan,W,Sayur-Sayuran,ubi jalar 1 kg,Jawa Timur,Surabaya,616190
01-12-2022,PHI Mini Market - Surabaya 01,Natali Menawan,W,Sayur-Sayuran,ubi kayu basah 1 kg,Jawa Timur,Surabaya,707060
01-12-2022,PHI Mini Market - Surabaya 01,Natali Menawan,W,Sayur-Sayuran,wortel 1 kg,Jawa Timur,Surabaya,1852950
